Position: (0.20725, -0.956774, 0.90831)
Size: (0.106016, 0.185346, 0.298873)

Position: (-1.13859, -1.1492, 0.987864)
Size: (0.22408, 0.263922, 0.0880198)

Position: (1.26512, 0.420679, -1.1023)
Size: (0.122363, 0.159297, 0.202518)

Position: (0.500343, 0.665775, 1.02594)
Size: (0.0832306, 0.24063, 0.0490542)

Position: (-0.230762, 0.0581665, 0.496768)
Size: (0.269056, 0.114534, 0.172009)

Position: (-0.681392, 0.86311, 0.465132)
Size: (0.109263, 0.150333, 0.0655678)

Position: (0.803672, 1.03219, -0.446012)
Size: (0.195816, 0.232375, 0.116029)

Position: (0.474183, -0.149911, 0.530166)
Size: (0.108569, 0.226879, 0.284353)

Position: (1.00632, 1.11878, 0.884032)
Size: (0.148674, 0.0610022, 0.272386)

Position: (-0.693392, 0.998059, 0.763374)
Size: (0.261889, 0.166315, 0.177404)

Position: (0.848593, -0.826489, -0.900104)
Size: (0.0871033, 0.292928, 0.292403)

Position: (-1.13013, 1.45788, -0.895269)
Size: (0.0306492, 0.186541, 0.256038)

Position: (-1.2946, -1.22703, 0.398444)
Size: (0.0942734, 0.173613, 0.0135211)

Position: (0.524874, 0.572673, 0.312087)
Size: (0.00769554, 0.12867, 0.116207)

Position: (0.602114, 0.289307, -1.16379)
Size: (0.192959, 0.0356257, 0.00261135)

Position: (1.16139, -0.633262, -0.64276)
Size: (0.169581, 0.0256596, 0.171644)

