Position: (1.34755, 0.924312, -1.3663)
Size: (0.216499, 0.183061, 0.187972)

Position: (-1.31391, 1.00032, -0.658988)
Size: (0.0518787, 0.222451, 0.289633)

Position: (0.0583994, -0.631489, -0.0741832)
Size: (0.0899544, 0.202386, 0.220931)

Position: (1.36258, 0.305305, 1.00697)
Size: (0.051454, 0.0520086, 0.132156)

Position: (-0.509871, -0.841865, 0.489389)
Size: (0.00408248, 0.127695, 0.0627175)

Position: (-1.4033, 1.37177, -0.351396)
Size: (0.257998, 0.149702, 0.220854)

Position: (0.636317, -1.40029, 0.453712)
Size: (0.195235, 0.0664934, 0.0396917)

Position: (-1.33722, 0.0681689, 0.470426)
Size: (0.243442, 0.0519736, 0.168648)

Position: (-0.178692, -1.47031, 0.869086)
Size: (0.158792, 0.290042, 0.0625701)

Position: (1.18606, 0.979716, 0.653933)
Size: (0.170197, 0.000146665, 0.136478)

Position: (-0.972743, 1.22459, 0.804922)
Size: (0.0460187, 0.0139821, 0.273571)

Position: (0.375042, 1.11805, -0.0504039)
Size: (0.191745, 0.110277, 0.227239)

Position: (-0.144848, 1.22896, -0.37826)
Size: (0.265688, 0.0919109, 0.243838)

Position: (-1.24097, -0.680815, 0.90077)
Size: (0.162312, 0.0283993, 0.0372878)

Position: (0.241855, 0.383273, -0.976945)
Size: (0.170448, 0.156313, 0.0880379)

Position: (-1.06319, 0.0600273, -1.45363)
Size: (0.217778, 0.0264895, 0.16439)

