Position: (-0.472063, 1.44528, 1.0211)
Size: (0.288381, 0.0885505, 0.107396)

Position: (-0.97018, 0.320022, -1.45721)
Size: (0.110998, 0.0639179, 0.220267)

Position: (-0.76905, -0.735275, 0.517434)
Size: (0.244583, 0.139749, 0.171227)

Position: (0.934836, -0.879745, -1.00285)
Size: (0.0921569, 0.188166, 0.212268)

Position: (-0.706877, -1.20943, 1.20816)
Size: (0.132754, 0.000266799, 0.0612288)

Position: (-1.26854, -0.514012, -1.3639)
Size: (0.0544117, 0.158562, 0.00878546)

Position: (-1.20949, 1.42209, 0.365074)
Size: (0.160541, 0.242356, 0.150135)

Position: (0.789339, -0.949334, -1.13524)
Size: (0.157867, 0.0488683, 0.275798)

Position: (-1.46552, 0.618349, -1.46084)
Size: (0.127187, 0.0788162, 0.284353)

Position: (-0.644934, -0.697379, 1.44352)
Size: (0.22927, 0.116357, 0.0839189)

Position: (-1.39647, -1.2262, -1.3342)
Size: (0.170467, 0.128869, 0.0502677)

Position: (0.452911, -0.5495, 0.170613)
Size: (0.121517, 0.07029, 0.299049)

Position: (0.0421874, -1.07161, 0.500572)
Size: (0.137901, 0.236166, 0.238032)

Position: (0.461501, -0.762379, -0.946376)
Size: (0.145446, 0.203471, 0.167195)

Position: (-0.38062, -0.239472, 0.226677)
Size: (0.126487, 0.00521053, 0.0248007)

Position: (-1.05218, -1.45894, 0.0112246)
Size: (0.108163, 0.154297, 0.0974017)

