Position: (-1.08801, 1.10995, -1.18227)
Size: (0.196025, 0.00708357, 0.00809135)

Position: (-0.353331, -0.30468, 0.856665)
Size: (0.134392, 0.0963339, 0.138626)

Position: (0.569767, -0.464218, 1.23744)
Size: (0.000484917, 0.0953642, 0.190929)

Position: (0.826426, -1.34758, -0.330993)
Size: (0.177222, 0.191249, 0.226905)

Position: (0.99593, 0.137139, 0.208822)
Size: (0.242973, 0.294193, 0.20855)

Position: (0.326288, -0.206739, 0.763869)
Size: (0.289357, 0.125668, 0.238481)

Position: (0.552617, 1.03051, 1.22043)
Size: (0.186585, 0.291152, 0.272788)

Position: (0.688908, 1.42624, 1.12145)
Size: (0.289673, 0.0520572, 0.248536)

Position: (0.962085, -1.41411, 1.34339)
Size: (0.00253356, 0.13763, 0.155366)

Position: (0.238531, -0.456734, 0.883484)
Size: (0.275491, 0.291978, 0.219255)

Position: (-0.387615, 0.502761, -1.28741)
Size: (0.0267834, 0.109463, 0.091262)

Position: (-0.84562, -0.2891, -0.600914)
Size: (0.195063, 0.0477713, 0.186035)

Position: (-1.02835, 0.0234638, 0.681725)
Size: (0.260525, 0.0188308, 0.0301174)

Position: (0.877249, 0.81464, 0.332397)
Size: (0.207501, 0.0991195, 0.00930904)

Position: (-1.49176, -0.453484, 0.214233)
Size: (0.247983, 0.0679694, 0.00282038)

Position: (-0.801369, -0.327617, 0.227197)
Size: (0.0908832, 0.0893371, 0.119567)

