Position: (-0.226616, -0.216714, -0.880075)
Size: (0.0470259, 0.00174293, 0.250502)

Position: (-0.858412, 1.1034, 0.410841)
Size: (0.283916, 0.155453, 0.0415305)

Position: (-0.100155, 1.0743, -0.841103)
Size: (0.119082, 0.0704119, 0.0816986)

Position: (0.0784276, -1.26633, -0.90586)
Size: (0.0755017, 0.291713, 0.132145)

Position: (1.22931, -0.0356315, -0.50695)
Size: (0.0989049, 0.248457, 0.035591)

Position: (0.35861, -0.803218, -0.797459)
Size: (0.23125, 0.105313, 0.038674)

Position: (0.975096, 0.0742575, -1.21712)
Size: (0.0688799, 0.117543, 0.204948)

Position: (1.28865, -0.643882, 0.339145)
Size: (0.211047, 0.28814, 0.24189)

Position: (-0.519826, -0.744498, 0.35637)
Size: (0.0765286, 0.00824326, 0.100052)

Position: (-0.580095, 0.739162, 0.10165)
Size: (0.239181, 0.146756, 0.193622)

Position: (1.16909, 0.722899, 0.0601455)
Size: (0.117843, 0.282271, 0.0553365)

Position: (-0.697483, 0.932094, 0.922444)
Size: (0.234974, 0.0618172, 0.262147)

Position: (-1.00408, 0.0292828, 0.512752)
Size: (0.0753873, 0.0233851, 0.117254)

Position: (-1.16632, -1.12797, 0.643533)
Size: (0.126562, 0.187711, 0.14016)

Position: (1.05646, 0.6481, 1.32756)
Size: (0.15319, 0.110678, 0.201854)

Position: (0.807685, -1.38602, -0.948893)
Size: (0.161718, 0.159813, 0.206592)

