Position: (0.839487, -0.294789, -1.06577)
Size: (0.072548, 0.181344, 0.14883)

Position: (-1.3377, -0.316824, -1.39925)
Size: (0.234614, 0.16127, 0.155068)

Position: (-1.43711, -1.28747, -1.32674)
Size: (0.00439488, 0.202705, 0.184252)

Position: (0.345151, -0.485695, 1.42155)
Size: (0.201711, 0.0430008, 0.263422)

Position: (-0.544841, 1.43483, 0.907207)
Size: (0.111363, 0.129668, 0.0415563)

Position: (0.84725, -1.3958, -0.560261)
Size: (0.229253, 0.0746523, 0.111695)

Position: (-1.24201, -0.256181, -1.04957)
Size: (0.0679675, 0.221369, 0.294701)

Position: (-0.0625824, 1.49451, -0.561571)
Size: (0.213883, 0.193281, 0.278555)

Position: (-0.107133, -1.08135, 0.666963)
Size: (0.251191, 0.179561, 0.210516)

Position: (-1.08897, -0.608255, 0.291957)
Size: (0.293527, 0.258928, 0.0479184)

Position: (0.0984031, 0.355233, -1.47604)
Size: (0.137516, 0.113, 0.0856085)

Position: (1.34171, -0.0821933, -0.887672)
Size: (0.129384, 0.270913, 0.2801)

Position: (-0.582966, -1.25019, 0.716335)
Size: (0.15018, 0.183796, 0.00539891)

Position: (-0.417124, -0.139136, 0.411851)
Size: (0.132666, 0.169567, 0.25341)

Position: (-0.793623, -0.308532, -0.733048)
Size: (0.175638, 0.105774, 0.177541)

Position: (1.31797, 1.49626, 1.43091)
Size: (0.101823, 0.216986, 0.0784928)

