Position: (-0.515913, 1.39772, -0.48129)
Size: (0.20864, 0.013597, 0.106221)

Position: (0.202507, -0.549784, -0.540417)
Size: (0.264392, 0.257446, 0.279147)

Position: (1.08267, 0.237804, 0.667304)
Size: (0.105648, 0.158727, 0.11714)

Position: (-1.33876, 1.23469, 0.899925)
Size: (0.0821791, 0.0537756, 0.130977)

Position: (1.24712, 1.24313, 0.757518)
Size: (0.187682, 0.185163, 0.294933)

Position: (-1.45472, -0.0524086, 1.06649)
Size: (0.22205, 0.268437, 0.103747)

Position: (1.22201, -1.33343, -0.791379)
Size: (0.25839, 0.285689, 0.0777075)

Position: (0.892255, -0.36879, -1.0369)
Size: (0.279655, 0.164907, 0.288852)

Position: (-0.0553276, -0.0762198, -0.992998)
Size: (0.0258413, 0.188098, 0.10397)

Position: (-1.268, -0.00493031, -0.825418)
Size: (0.259922, 0.218374, 0.185369)

Position: (0.222621, -0.584077, -1.4921)
Size: (0.16587, 0.220302, 0.112105)

Position: (1.29708, -0.321186, -1.40784)
Size: (0.142674, 0.0773602, 0.121234)

Position: (-1.07674, 0.162155, -0.0110233)
Size: (0.226198, 0.237492, 0.235297)

Position: (-0.831783, 0.368543, 1.37371)
Size: (0.137379, 0.290564, 0.281803)

Position: (0.448241, -0.364364, -1.19224)
Size: (0.0345402, 0.120115, 0.288582)

Position: (1.46871, -0.403196, -1.14995)
Size: (0.0660208, 0.0336428, 0.0312089)

