Position: (-1.28895, -0.171361, 0.388477)
Size: (0.009532, 0.164921, 0.252633)

Position: (1.33439, 0.0989166, -0.800464)
Size: (0.175104, 0.117391, 0.183251)

Position: (-1.14115, -0.0587364, -0.0599751)
Size: (0.0959945, 0.268346, 0.133052)

Position: (1.31736, -0.350889, 0.532356)
Size: (0.170511, 0.246473, 0.0638951)

Position: (1.22675, -0.862291, -0.808218)
Size: (0.186307, 0.28518, 0.177422)

Position: (0.619817, -1.20575, 0.714924)
Size: (0.243339, 0.133004, 0.11068)

Position: (0.1692, -1.25488, 0.780196)
Size: (0.187002, 0.00422907, 0.212958)

Position: (-0.335728, 0.803734, -0.207665)
Size: (0.209156, 0.0935834, 0.126876)

Position: (0.919718, 0.248809, -0.343783)
Size: (0.243033, 0.231163, 0.223028)

Position: (-0.806827, 0.163699, -1.19177)
Size: (0.146896, 0.271975, 0.256609)

Position: (0.632304, -0.445783, 1.4513)
Size: (0.204574, 0.266404, 0.237839)

Position: (0.59776, -0.269645, -0.0650744)
Size: (0.0394929, 0.135255, 0.18891)

Position: (0.145269, -0.676583, 0.0688738)
Size: (0.296978, 0.0705334, 0.27929)

Position: (1.48728, 0.0409659, -0.838721)
Size: (0.106185, 0.145542, 0.213803)

Position: (-0.00514659, 0.198741, -0.721882)
Size: (0.0439434, 0.0892892, 0.255603)

Position: (1.41652, 0.858741, 1.40288)
Size: (0.143069, 0.247843, 0.0149715)

