Position: (1.20943, -0.0479632, -0.65723)
Size: (0.036976, 0.0753972, 0.262016)

Position: (-0.856803, 0.94974, 1.3617)
Size: (0.112252, 0.12479, 0.290875)

Position: (0.0462796, 1.11527, 0.088785)
Size: (0.263844, 0.0384601, 0.116539)

Position: (-1.49666, -0.20955, 1.2698)
Size: (0.286627, 0.0391364, 0.224675)

Position: (-0.473075, 1.41415, 1.29921)
Size: (0.158971, 0.290295, 0.137318)

Position: (-0.108724, 0.247647, 0.328547)
Size: (0.0491783, 0.116375, 0.294465)

Position: (-1.49193, 1.05151, -0.950167)
Size: (0.245545, 0.158156, 0.0477312)

Position: (0.173918, 0.411388, -0.0787167)
Size: (0.0443978, 0.273635, 0.259705)

Position: (-1.43288, -1.30475, 0.725497)
Size: (0.150462, 0.190392, 0.178423)

Position: (-0.40316, 0.248426, 0.578529)
Size: (0.126769, 0.0880043, 0.0474146)

Position: (-0.502972, 0.583183, -0.0889958)
Size: (0.105956, 0.112985, 0.209387)

Position: (-1.45838, -1.42639, -0.280826)
Size: (0.295194, 0.164516, 0.155324)

Position: (-1.31154, -0.652992, -1.45073)
Size: (0.0587459, 0.178361, 0.119155)

Position: (0.975877, 0.368588, -0.879584)
Size: (0.0464397, 0.179156, 0.269144)

Position: (0.243167, -1.43657, -1.10387)
Size: (0.174413, 0.204356, 0.0443416)

Position: (-0.463537, 1.20247, -1.23943)
Size: (0.0823792, 0.105669, 0.0103837)

