Position: (0.348105, 1.00268, 0.684926)
Size: (0.118228, 0.174385, 0.193635)

Position: (-0.962153, -1.47849, 0.644646)
Size: (0.250081, 0.018416, 0.251813)

Position: (0.802585, -0.0670013, 0.549842)
Size: (0.180245, 0.049389, 0.26267)

Position: (-0.679391, -0.115265, 1.10486)
Size: (0.188009, 0.292372, 0.0474533)

Position: (0.93519, -0.825872, -1.19441)
Size: (0.262772, 0.290925, 0.013008)

Position: (-1.02292, -0.557988, 0.93405)
Size: (0.206915, 0.235378, 0.14357)

Position: (-0.24844, -0.979163, 0.906905)
Size: (0.0962687, 0.0421114, 0.0583043)

Position: (0.850761, -0.47233, -0.964584)
Size: (0.0701045, 0.00444996, 0.118721)

Position: (-0.63771, 0.588122, 1.45256)
Size: (0.229509, 0.294414, 0.277031)

Position: (0.859099, -0.0580197, 0.343631)
Size: (0.1358, 0.05997, 0.259827)

Position: (-0.417365, 0.934445, 0.586855)
Size: (0.130539, 0.0251076, 0.0161536)

Position: (0.302499, 0.689662, 0.447212)
Size: (0.0919049, 0.238872, 0.0169923)

Position: (1.30478, -1.33098, -0.0522874)
Size: (0.27831, 0.244133, 0.0857275)

Position: (-0.574452, -0.41516, 1.03404)
Size: (0.0458694, 0.0338588, 0.0913466)

Position: (-1.26233, -0.642411, -0.233494)
Size: (0.0366687, 0.101606, 0.0402301)

Position: (-1.32423, -1.38239, 0.323782)
Size: (0.0497539, 0.137284, 0.197655)

