Position: (-0.764894, 0.990045, 1.36489)
Size: (0.0859534, 0.0259214, 0.135657)

Position: (-0.0436216, -1.32386, -0.0726141)
Size: (0.00988692, 0.202439, 0.173111)

Position: (-0.981266, -0.612699, -0.43045)
Size: (0.152049, 0.172146, 0.0410264)

Position: (-0.918567, 1.29993, -0.932656)
Size: (0.0180154, 0.0108972, 0.249716)

Position: (0.124694, 0.289574, 0.155743)
Size: (0.15296, 0.0122466, 0.198119)

Position: (-0.957603, -1.13247, -0.381633)
Size: (0.11268, 0.0248554, 0.0453908)

Position: (-1.32158, 0.452562, -0.563837)
Size: (0.298074, 0.0908484, 0.142461)

Position: (-0.805003, 0.0575788, 0.984087)
Size: (0.173431, 0.194211, 0.140182)

Position: (0.182257, 0.587679, 0.905161)
Size: (0.0350257, 0.235157, 0.040781)

Position: (-0.925021, -0.0693024, -0.90547)
Size: (0.198942, 0.280444, 0.261358)

Position: (-1.425, 0.365113, 0.0886605)
Size: (0.00360378, 0.0594553, 0.186666)

Position: (-0.430792, 1.18225, 0.183257)
Size: (0.29429, 0.239926, 0.012552)

Position: (-0.546506, 1.35793, -0.116752)
Size: (0.143807, 0.263117, 0.159959)

Position: (0.736688, 0.918966, 0.710576)
Size: (0.19173, 0.0725135, 0.244041)

Position: (1.03014, -1.32472, -0.0684334)
Size: (0.0652502, 0.196085, 0.0902059)

Position: (1.41055, 1.42831, 0.516373)
Size: (0.206889, 0.248749, 0.0517004)

