Position: (0.227462, 0.215857, -0.000106912)
Size: (0.043711, 0.105172, 0.0190718)

Position: (-0.322872, -0.470493, 0.0419262)
Size: (0.201527, 0.0609648, 0.0696991)

Position: (0.544892, 0.489789, 0.167118)
Size: (0.0962977, 0.241702, 0.162407)

Position: (-1.26265, 1.46797, 0.861857)
Size: (0.0122429, 0.24436, 0.254132)

Position: (-0.903528, 1.0397, -0.498011)
Size: (0.0853671, 0.244754, 0.129684)

Position: (-0.660437, 0.0588164, 0.199911)
Size: (0.120854, 0.241242, 0.0144314)

Position: (-0.183035, 0.0396513, -0.489707)
Size: (0.0082909, 0.236035, 0.0530347)

Position: (-0.464161, 1.26837, -0.900804)
Size: (0.0217355, 0.104906, 0.204606)

Position: (0.358055, -0.990199, 0.189476)
Size: (0.115526, 0.0971737, 0.199151)

Position: (-0.396761, 1.11091, -0.869991)
Size: (0.288626, 0.0744302, 0.261238)

Position: (-0.150104, -1.22782, -0.624803)
Size: (0.217356, 0.102948, 0.220843)

Position: (0.645475, -0.160207, 0.414046)
Size: (0.247042, 0.216251, 0.105646)

Position: (-1.25221, -1.36439, 0.662469)
Size: (0.161704, 0.239071, 0.109698)

Position: (-0.846548, 0.466332, 0.248099)
Size: (0.110973, 0.0157869, 0.153068)

Position: (0.624494, -0.776316, -1.37375)
Size: (0.205256, 0.0841759, 0.16676)

Position: (0.0849425, -0.45014, -0.663808)
Size: (0.00205625, 0.148721, 0.249142)

