Position: (0.124781, -1.14411, 0.203815)
Size: (0.0713287, 0.236397, 0.295894)

Position: (-0.284014, 0.343471, 0.819334)
Size: (0.15992, 0.0107607, 0.205547)

Position: (1.18531, -0.855583, 0.222304)
Size: (0.200728, 0.2451, 0.0716698)

Position: (-0.743786, -0.497205, -0.203974)
Size: (0.0522972, 0.177467, 0.0959952)

Position: (0.927219, -1.07765, -0.0680892)
Size: (0.0459681, 0.233792, 0.166314)

Position: (0.0269432, 0.110773, -1.10892)
Size: (0.243316, 0.232782, 0.0385532)

Position: (-1.16324, -0.0574564, 0.759982)
Size: (0.161874, 0.236657, 0.291005)

Position: (-0.221582, 0.193976, 0.653617)
Size: (0.226069, 0.0165334, 0.268106)

Position: (-0.807027, 0.35533, 1.05503)
Size: (0.243848, 0.283994, 0.267573)

Position: (-0.981653, -1.46435, -0.499973)
Size: (0.0653094, 0.118719, 0.242148)

Position: (0.741385, 0.194874, 1.18644)
Size: (0.21019, 0.0846719, 0.0752945)

Position: (1.26113, -0.995137, 0.0193286)
Size: (0.272119, 0.0969389, 0.163108)

Position: (0.13353, 0.818712, 1.13405)
Size: (0.227186, 0.195212, 0.182476)

Position: (0.000738794, -0.865184, 0.228775)
Size: (0.100882, 0.121724, 0.273386)

Position: (-0.848607, -0.296682, 0.671827)
Size: (0.0868087, 0.0180144, 0.21568)

Position: (0.76649, -0.439731, 0.00976099)
Size: (0.190328, 0.136763, 0.235622)

