Position: (-0.0962177, -0.894886, -0.68016)
Size: (0.188599, 0.218621, 0.206551)

Position: (-0.958864, -0.587213, 0.435173)
Size: (0.0273419, 0.103886, 0.135712)

Position: (0.334238, -0.657212, 0.268227)
Size: (0.131254, 0.0938788, 0.122166)

Position: (1.37489, 1.10533, 0.786056)
Size: (0.00553228, 0.086165, 0.0198442)

Position: (0.8179, 0.48334, 1.49822)
Size: (0.00952366, 0.222747, 0.127475)

Position: (1.35804, -0.195084, -0.465831)
Size: (0.0539744, 0.186704, 0.27724)

Position: (-1.45099, -1.03658, 0.802033)
Size: (0.196444, 0.0690422, 0.0990996)

Position: (1.22862, 1.05819, -0.0460242)
Size: (0.242229, 0.0143024, 0.10786)

Position: (-1.33864, -0.316745, 0.775807)
Size: (0.219533, 0.030564, 0.0552332)

Position: (0.201766, -0.912556, 0.443453)
Size: (0.040811, 0.0733486, 0.131668)

Position: (0.577625, -1.07214, 0.363612)
Size: (0.257056, 0.00128765, 0.0564051)

Position: (1.33579, 1.12103, -1.19868)
Size: (0.0568423, 0.104853, 0.0650101)

Position: (1.18665, -0.324201, 1.09679)
Size: (0.216441, 0.176185, 0.133039)

Position: (-0.692716, 0.973522, -0.82251)
Size: (0.0962373, 0.298862, 0.0260297)

Position: (-0.152615, -1.22794, -0.571283)
Size: (0.115933, 0.0429961, 0.0792909)

Position: (1.00768, 0.735014, 0.302417)
Size: (0.152156, 0.193765, 0.0607273)

