Position: (0.353202, 0.811762, 0.0103116)
Size: (0.227001, 0.245692, 0.297813)

Position: (0.614236, 0.345126, 1.41701)
Size: (0.2177, 0.0981119, 0.124416)

Position: (0.167957, 1.17692, -1.43176)
Size: (0.227405, 0.122931, 0.225621)

Position: (0.797478, -0.964766, 0.452848)
Size: (0.132837, 0.236984, 0.290605)

Position: (-0.866471, -0.359802, 1.40615)
Size: (0.247211, 0.271261, 0.250025)

Position: (-0.417544, -0.447918, -1.12138)
Size: (0.0907159, 0.28771, 0.0990363)

Position: (0.987802, -1.25874, 1.33604)
Size: (0.14257, 0.164671, 0.190167)

Position: (0.0601712, -0.29355, 1.42794)
Size: (0.156145, 0.0679313, 0.018324)

Position: (-0.628535, 0.657612, -0.579089)
Size: (0.27703, 0.0728023, 0.256982)

Position: (0.911529, -1.00602, -0.724097)
Size: (0.161664, 0.170434, 0.00716967)

Position: (1.42528, 0.194187, -1.29004)
Size: (0.0894659, 0.294415, 0.211967)

Position: (0.725821, 0.480954, -1.18658)
Size: (0.158556, 0.168346, 0.00833552)

Position: (0.304973, -0.0392135, 1.22746)
Size: (0.196414, 0.17905, 0.231662)

Position: (0.139012, 0.722455, 0.505134)
Size: (0.276334, 0.0636797, 0.0476774)

Position: (-1.32505, -0.9698, 1.40609)
Size: (0.249595, 0.264727, 0.282633)

Position: (-0.797267, 1.2028, 0.00672139)
Size: (0.181982, 0.0899801, 0.013407)

