Position: (0.793808, -0.395454, -0.808418)
Size: (0.271203, 0.268048, 0.0185399)

Position: (-1.18351, -0.653009, -0.804477)
Size: (0.162449, 0.242378, 0.246302)

Position: (1.22797, -0.808208, -1.37291)
Size: (0.0349951, 0.107626, 0.0169662)

Position: (0.146468, -1.16228, -0.471296)
Size: (0.0765636, 0.0785302, 0.297661)

Position: (0.282825, 1.12647, 0.770504)
Size: (0.149988, 0.0824549, 0.0276326)

Position: (-0.5219, -1.43087, 0.890549)
Size: (0.00287047, 0.0121654, 0.208431)

Position: (1.05448, 0.0202921, -0.685937)
Size: (0.264107, 0.273224, 0.276512)

Position: (-0.719498, 0.25656, -0.536745)
Size: (0.110164, 0.292901, 0.116934)

Position: (0.209034, 0.571844, -1.2867)
Size: (0.193939, 0.269489, 0.228792)

Position: (-0.385619, -0.0226748, -1.12647)
Size: (0.139638, 0.276711, 0.272517)

Position: (-1.31825, 0.193445, 1.48961)
Size: (0.246341, 0.271849, 0.267615)

Position: (0.228535, -1.14322, 0.30898)
Size: (0.0692776, 0.173004, 0.15902)

Position: (0.946314, 0.339071, 1.27505)
Size: (0.262101, 0.195751, 0.192021)

Position: (-1.33001, -1.38492, -1.42844)
Size: (0.0831005, 0.0750706, 0.0195115)

Position: (-1.40763, 0.904172, -0.416786)
Size: (0.274225, 0.270379, 0.28412)

Position: (-0.630502, -0.515368, -0.471152)
Size: (0.299568, 0.206312, 0.296829)

