Position: (-1.02736, 0.0193902, 1.12382)
Size: (0.0965079, 0.0392854, 0.174715)

Position: (0.427837, -0.0953466, -1.09687)
Size: (0.295143, 0.191856, 0.253956)

Position: (-1.24097, -1.16852, -0.0258734)
Size: (0.266131, 0.09433, 0.0209824)

Position: (0.93796, 1.22121, -1.17699)
Size: (0.0451531, 0.0304371, 0.247944)

Position: (0.208329, 1.4414, -1.30687)
Size: (0.222786, 0.288767, 0.0531148)

Position: (0.952185, 0.194437, 1.0126)
Size: (0.299078, 0.291591, 0.0691162)

Position: (-0.159291, 1.06317, 0.990791)
Size: (0.155956, 0.242736, 0.217864)

Position: (-1.15829, 0.432431, 0.685971)
Size: (0.244191, 0.0492196, 0.281336)

Position: (-0.0427118, 0.702475, -0.520622)
Size: (0.00718398, 0.27122, 0.171807)

Position: (0.279588, 0.808579, 0.051931)
Size: (0.230723, 0.196127, 0.207199)

Position: (-1.21997, 0.484723, -0.194472)
Size: (0.225928, 0.0833336, 0.211755)

Position: (0.971156, -1.06488, -0.079658)
Size: (0.241679, 0.22596, 0.122703)

Position: (-0.933209, 0.808332, 1.09402)
Size: (0.204006, 0.233407, 0.255471)

Position: (-0.590251, 1.25613, -0.484473)
Size: (0.113417, 0.280942, 0.0109889)

Position: (-1.49399, -0.803002, 1.05158)
Size: (0.122035, 0.108131, 0.175326)

Position: (0.513481, -0.639071, 0.0463389)
Size: (0.0978394, 0.258601, 0.0656928)

