Position: (1.1901, 0.226106, 0.94621)
Size: (0.0866606, 0.113671, 0.226897)

Position: (-1.00591, 0.410108, -1.05851)
Size: (0.263649, 0.29841, 0.270991)

Position: (-0.730535, 1.11126, -1.30449)
Size: (0.233978, 0.171881, 0.281558)

Position: (0.363742, -0.663509, -0.739954)
Size: (0.191428, 0.0260691, 0.15944)

Position: (0.323194, 0.0051533, 0.97433)
Size: (0.238011, 0.132952, 0.243611)

Position: (-0.400051, 0.107312, 0.0121923)
Size: (0.0361837, 0.0657471, 0.200598)

Position: (1.49961, -0.366575, 1.16915)
Size: (0.00081663, 0.152793, 0.0848229)

Position: (0.617908, -1.35654, -0.364596)
Size: (0.205248, 0.0283781, 0.0154286)

Position: (1.07274, 1.49621, -0.787453)
Size: (0.104826, 0.261353, 0.141793)

Position: (0.70525, -0.818091, 1.46058)
Size: (0.236518, 0.0263927, 0.0704536)

Position: (0.671855, -1.26481, 1.30025)
Size: (0.0484033, 0.278609, 0.228507)

Position: (-0.769223, -0.121963, 1.0596)
Size: (0.153577, 0.159604, 0.0967623)

Position: (-1.28743, -1.21308, 1.09675)
Size: (0.231946, 0.280394, 0.143165)

Position: (-0.710688, -0.325697, -0.282485)
Size: (0.232662, 0.222571, 0.0305825)

Position: (-1.22465, 0.622312, 1.42881)
Size: (0.0445119, 0.27983, 0.200976)

Position: (0.987283, -1.02296, 1.46845)
Size: (0.21226, 0.103832, 0.143859)

