Position: (1.10389, -0.00945559, 0.34153)
Size: (0.083515, 0.00612869, 0.213725)

Position: (-1.42864, -1.1377, -1.22368)
Size: (0.0299564, 0.164879, 0.232162)

Position: (-1.26037, 0.717102, 1.43686)
Size: (0.222658, 0.00898919, 0.256303)

Position: (0.951612, 1.26195, -0.361586)
Size: (0.135876, 0.12269, 0.250129)

Position: (-0.462353, -0.00883584, 1.49736)
Size: (0.0786351, 0.0783702, 0.172922)

Position: (-0.194074, -0.827765, 1.19163)
Size: (0.231135, 0.060362, 0.12486)

Position: (-1.31073, -1.24775, 0.383117)
Size: (0.0502635, 0.185551, 0.114166)

Position: (-1.01475, -1.20559, 1.01192)
Size: (0.197819, 0.00622016, 0.226284)

Position: (-1.00328, 0.109603, -0.149745)
Size: (0.231699, 0.177327, 0.135621)

Position: (-0.968364, -0.567773, -0.164683)
Size: (0.00443008, 0.0776862, 0.0983054)

Position: (0.430656, -0.611955, -0.619428)
Size: (0.103621, 0.10845, 0.164119)

Position: (1.15028, -0.944818, 1.06785)
Size: (0.0921359, 0.174136, 0.186614)

Position: (1.09848, -0.345556, 0.302458)
Size: (0.138941, 0.0796878, 0.232749)

Position: (-1.26065, 0.167205, -0.722039)
Size: (0.0587348, 0.229673, 0.13301)

Position: (-0.302252, -0.673755, -1.16211)
Size: (0.0294395, 0.0782664, 0.110838)

Position: (1.14929, -0.721362, 1.24199)
Size: (0.109502, 0.261991, 0.167923)

