Position: (1.33614, 0.142191, 1.28367)
Size: (0.0651628, 0.134308, 0.126259)

Position: (1.49889, -0.616027, 0.0974331)
Size: (0.069237, 0.200871, 0.0748092)

Position: (0.754075, 1.10767, -0.606551)
Size: (0.116329, 0.182322, 0.105545)

Position: (-0.52231, -0.874651, 0.857674)
Size: (0.157912, 0.170391, 0.0834649)

Position: (-0.953443, 0.834655, -0.180068)
Size: (0.237604, 0.282264, 0.197467)

Position: (1.12934, 1.21338, 0.149545)
Size: (0.25735, 0.0254034, 0.116131)

Position: (1.00165, 0.924572, 1.06364)
Size: (0.137852, 0.289857, 0.131821)

Position: (0.525854, -1.27779, -1.06144)
Size: (0.151923, 0.0660682, 0.298191)

Position: (-0.0220838, -1.45321, -0.838915)
Size: (0.190934, 0.0878359, 0.0356689)

Position: (-0.637771, -1.07871, 0.214405)
Size: (0.0338662, 0.0884939, 0.0091126)

Position: (0.554169, 0.283313, -0.869054)
Size: (0.238834, 0.148795, 0.0647692)

Position: (-0.264041, 0.0945068, -1.16122)
Size: (0.122383, 0.101062, 0.0852533)

Position: (0.597398, 0.493502, -1.44814)
Size: (0.208022, 0.0734776, 0.103532)

Position: (0.137943, 1.04448, 0.576485)
Size: (0.239858, 0.105971, 0.157573)

Position: (-0.124628, 1.18546, 1.19053)
Size: (0.11643, 0.0950364, 0.0211301)

Position: (-1.25595, 0.435942, 0.282383)
Size: (0.188283, 0.0740659, 0.262321)

