Position: (-0.78746, -0.00381099, 0.603051)
Size: (0.235942, 0.00432244, 0.0243405)

Position: (1.18282, 1.31496, -0.793233)
Size: (0.132277, 0.232574, 0.188642)

Position: (1.09539, 0.881844, -0.640589)
Size: (0.120839, 0.203381, 0.277757)

Position: (-0.588231, -0.330367, -1.2385)
Size: (0.0269718, 0.171328, 0.000956368)

Position: (-1.25993, -0.185448, 0.412433)
Size: (0.185548, 0.00224784, 0.0740035)

Position: (-0.437963, 0.451285, -0.0326604)
Size: (0.291742, 0.183817, 0.132085)

Position: (0.395809, 1.4532, 0.238108)
Size: (0.0278479, 0.0838707, 0.22505)

Position: (0.891567, 0.358198, -0.887351)
Size: (0.287118, 0.0894352, 0.226284)

Position: (0.249658, -0.845444, -1.37757)
Size: (0.168491, 0.160831, 0.214605)

Position: (0.681025, -0.177278, -1.47928)
Size: (0.0503006, 0.0572257, 0.0557798)

Position: (-0.292416, -0.599215, 1.21989)
Size: (0.244829, 0.226766, 0.181668)

Position: (0.018019, -0.306368, -1.38819)
Size: (0.277475, 0.18836, 0.172059)

Position: (-0.515704, -0.630813, -1.39854)
Size: (0.132005, 0.265028, 0.0274649)

Position: (0.720075, 0.432902, -1.27922)
Size: (0.268407, 0.0907277, 0.175404)

Position: (-0.456427, -0.873933, 0.558934)
Size: (0.0579402, 0.118578, 0.0159168)

Position: (0.187538, 0.530673, -1.25286)
Size: (0.277519, 0.172208, 0.00419733)

