Position: (1.06443, 1.27739, 0.630992)
Size: (0.289811, 0.0794011, 0.187859)

Position: (-0.196669, 0.185324, -0.687986)
Size: (0.138646, 0.242566, 0.158737)

Position: (-1.32569, 0.257705, 0.685623)
Size: (0.008499, 0.023125, 0.236285)

Position: (0.170619, -0.799134, -1.40375)
Size: (0.0475128, 0.238865, 0.0872043)

Position: (0.47543, 1.30472, 0.746079)
Size: (0.162745, 0.101508, 0.0666808)

Position: (-0.384678, -0.910186, 0.909126)
Size: (0.00114118, 0.264398, 0.199272)

Position: (0.86781, -0.619276, 0.236022)
Size: (0.188177, 0.00568561, 0.096122)

Position: (0.905084, 0.854653, -0.339374)
Size: (0.253493, 0.0231605, 0.0341689)

Position: (-1.22789, 1.04503, 0.657417)
Size: (0.0555465, 0.126698, 0.0744535)

Position: (-1.05763, -1.21901, 1.35483)
Size: (0.0571523, 0.198758, 0.259544)

Position: (-0.424036, 0.683761, 1.08572)
Size: (0.19147, 0.253604, 0.175674)

Position: (0.565907, -0.313516, 1.42195)
Size: (0.171663, 0.298774, 0.149635)

Position: (-1.21385, -0.491333, 1.06891)
Size: (0.0593168, 0.0595972, 0.251888)

Position: (1.23723, -1.20918, 0.157136)
Size: (0.0630963, 0.0755184, 0.214271)

Position: (1.02764, 1.20217, 0.0280325)
Size: (0.274216, 0.168115, 0.107463)

Position: (0.339412, 0.793793, -1.2005)
Size: (0.1532, 0.0226208, 0.0926687)

