Position: (-0.133841, -1.4285, 0.473597)
Size: (0.101098, 0.214738, 0.0527006)

Position: (0.954666, 0.575254, -0.64423)
Size: (0.171995, 0.091578, 0.221154)

Position: (1.12602, -1.24672, -0.876128)
Size: (0.273035, 0.173233, 0.272277)

Position: (0.0670869, -0.314735, 1.13244)
Size: (0.203692, 0.192842, 0.186222)

Position: (1.03364, -1.23313, -1.46509)
Size: (0.295797, 0.132482, 0.105229)

Position: (1.08594, 0.77731, -0.979899)
Size: (0.221364, 0.0511546, 0.0639362)

Position: (1.15723, 1.14825, -0.435617)
Size: (0.0789831, 0.083935, 0.18579)

Position: (1.1624, 1.47724, -0.965952)
Size: (0.086778, 0.0513927, 0.0378351)

Position: (1.41796, 0.0896906, 1.19136)
Size: (0.242178, 0.117817, 0.0933679)

Position: (-1.41993, -0.826259, -0.825244)
Size: (0.193742, 0.112694, 0.179751)

Position: (-0.157432, -0.00987257, 1.17389)
Size: (0.271614, 0.273334, 0.220664)

Position: (-0.939559, -0.200221, 1.39147)
Size: (0.10928, 0.191591, 0.0142868)

Position: (1.15158, 1.11635, -0.322288)
Size: (0.155843, 0.0840481, 0.0425291)

Position: (1.45311, 0.427288, -0.344564)
Size: (0.0515911, 0.271031, 0.220348)

Position: (0.64125, 0.278514, 0.907948)
Size: (0.0454448, 0.0191922, 0.0522459)

Position: (-1.47739, 0.280899, -1.3134)
Size: (0.0779434, 0.0525309, 0.0257004)

