Position: (-0.716122, -0.468256, -1.49199)
Size: (0.22091, 0.117466, 0.000100963)

Position: (0.326283, 0.0524704, -0.299933)
Size: (0.293154, 0.147463, 0.062234)

Position: (1.30171, 1.49069, 0.184344)
Size: (0.204317, 0.0151778, 0.116712)

Position: (-1.32034, 0.173753, 0.0981315)
Size: (0.0484674, 0.171086, 0.229653)

Position: (1.12864, 1.23471, 0.0805331)
Size: (0.207491, 0.142898, 0.0461876)

Position: (-0.386325, -1.01489, -1.1819)
Size: (0.0351995, 0.161888, 0.0800492)

Position: (0.858909, -0.507278, -1.01097)
Size: (0.00373914, 0.13848, 0.283227)

Position: (1.25491, 1.27975, -1.47327)
Size: (0.025674, 0.260658, 0.109724)

Position: (0.50786, 1.122, -0.745777)
Size: (0.239623, 0.0902491, 0.0922118)

Position: (0.920126, 0.900295, 0.793488)
Size: (0.149481, 0.104639, 0.169372)

Position: (-0.736409, -1.21033, -0.097922)
Size: (0.082237, 0.0135126, 0.166888)

Position: (-0.221424, -1.064, -0.0951091)
Size: (0.0049221, 0.11017, 0.282317)

Position: (0.991135, -0.0657142, -1.41067)
Size: (0.0952676, 0.166288, 0.0150085)

Position: (0.870719, -0.482684, 0.598747)
Size: (0.085075, 0.155197, 0.18862)

Position: (-0.241021, 0.476277, 0.709477)
Size: (0.191877, 0.250632, 0.261339)

Position: (1.24986, 0.614446, -0.571094)
Size: (0.155344, 0.227483, 0.127242)

