Position: (-0.561682, -0.462192, 0.668381)
Size: (0.286126, 0.107904, 0.0793199)

Position: (0.152654, 0.782817, -0.692164)
Size: (0.294456, 0.258972, 0.152312)

Position: (0.0168352, -0.15601, 0.944761)
Size: (0.0713436, 0.0537397, 0.279108)

Position: (1.13374, 1.41568, -1.35977)
Size: (0.0218564, 0.245316, 0.190177)

Position: (-1.00419, 0.986052, 1.24927)
Size: (0.164292, 0.213577, 0.208532)

Position: (-0.521767, -0.307363, 0.201322)
Size: (0.177019, 0.019862, 0.136172)

Position: (-0.217409, 1.36792, 1.25216)
Size: (0.0307206, 0.114244, 0.0385355)

Position: (0.140091, 0.774762, -0.0523825)
Size: (0.215011, 0.119552, 0.0827034)

Position: (0.230109, 0.181805, -0.503977)
Size: (0.13534, 0.253732, 0.145315)

Position: (0.779309, 1.38902, 0.748556)
Size: (0.087434, 0.204218, 0.0903732)

Position: (0.274621, 0.771865, 1.47808)
Size: (0.295529, 0.229762, 0.271229)

Position: (-0.0279624, -0.978106, 1.17807)
Size: (0.249697, 0.206699, 0.198131)

Position: (-0.168457, -0.115355, -1.42381)
Size: (0.24499, 0.0153046, 0.205645)

Position: (-1.39991, -1.41487, -1.18232)
Size: (0.187548, 0.215066, 0.0533739)

Position: (-0.0896516, -0.213075, -0.590061)
Size: (0.13262, 0.101595, 0.183069)

Position: (-0.0018556, 0.924133, -0.414125)
Size: (0.0150013, 0.101128, 0.00978657)

