Position: (0.256042, 0.723896, -0.985752)
Size: (0.172424, 0.258237, 0.139903)

Position: (-0.542873, -0.729099, -0.422233)
Size: (0.112602, 0.00252783, 0.232457)

Position: (0.0618237, -0.330478, -0.862107)
Size: (0.254951, 0.162849, 0.163646)

Position: (1.06865, 1.30458, -0.475592)
Size: (0.00248217, 0.100132, 0.162444)

Position: (-0.686107, 0.154662, -0.600904)
Size: (0.266446, 0.167343, 0.0817916)

Position: (-1.481, 0.751719, -0.54656)
Size: (0.135274, 0.236966, 0.0264502)

Position: (0.927139, -0.406966, -0.228421)
Size: (0.0112569, 0.0313691, 0.0408123)

Position: (-1.4891, 0.737715, -0.80597)
Size: (0.282128, 0.0467504, 0.152465)

Position: (0.295375, -1.29096, -0.459259)
Size: (0.280644, 0.17614, 0.255464)

Position: (-0.196541, -0.954184, 1.40066)
Size: (0.137239, 0.145711, 0.0208826)

Position: (0.69751, -1.37616, -0.020344)
Size: (0.150191, 0.230957, 0.244001)

Position: (-1.48899, -0.194182, 0.768987)
Size: (0.133658, 0.177138, 0.286746)

Position: (0.164514, 0.51732, 1.36746)
Size: (0.0064281, 0.208083, 0.178881)

Position: (-0.529087, 1.30289, 1.2392)
Size: (0.202487, 0.221982, 0.287768)

Position: (0.174316, 0.064648, 0.107465)
Size: (0.0604931, 0.0719508, 0.0437985)

Position: (0.327853, 0.361921, 0.635855)
Size: (0.0133521, 0.156768, 0.0345614)

