Position: (-0.723119, 0.750767, -0.0616268)
Size: (0.0517111, 0.0136769, 0.0474824)

Position: (-0.929408, 0.926269, 1.41482)
Size: (0.275847, 0.0101611, 0.139255)

Position: (0.734497, 0.724254, -0.1852)
Size: (0.0966763, 0.0613748, 0.0466766)

Position: (0.86732, 0.237735, -0.742476)
Size: (0.100489, 0.0229445, 0.0259297)

Position: (-0.256966, -0.925494, -1.40971)
Size: (0.220245, 0.122907, 0.0208077)

Position: (0.53481, 0.996658, 1.21378)
Size: (0.294297, 0.199897, 0.142103)

Position: (0.146665, -1.14839, 0.577456)
Size: (0.0565417, 0.123016, 0.0329833)

Position: (-0.184398, 1.25854, -0.941435)
Size: (0.277354, 0.150978, 0.134004)

Position: (-0.0294482, 1.10836, -0.651668)
Size: (0.0902189, 0.277889, 0.0269983)

Position: (0.209448, -0.359154, 0.458442)
Size: (0.0466243, 0.183225, 0.0343228)

Position: (1.17086, 0.930074, -1.30638)
Size: (0.147042, 0.0575829, 0.123422)

Position: (1.25341, 1.01408, 0.917386)
Size: (0.0239955, 0.114441, 0.0310241)

Position: (-1.2178, -0.479395, -0.52408)
Size: (0.150934, 0.0117931, 0.177976)

Position: (-1.07336, 0.995909, -0.964891)
Size: (0.295187, 0.0610452, 0.214172)

Position: (0.0254735, -0.310438, 1.0074)
Size: (0.0638347, 0.107009, 0.151709)

Position: (-0.0165182, 1.43881, -1.20563)
Size: (0.0803397, 0.00796012, 0.0188311)

