Position: (-0.439622, 0.784824, -1.26178)
Size: (0.221433, 0.28608, 0.0911957)

Position: (0.991965, 1.29973, -0.489399)
Size: (0.184667, 0.125408, 0.191245)

Position: (-0.477173, 0.881648, -0.332771)
Size: (0.132763, 0.120678, 0.0737688)

Position: (-1.38504, -1.38085, -0.289454)
Size: (0.157217, 0.262198, 0.123012)

Position: (-0.997219, -0.720254, 1.33227)
Size: (0.0967542, 0.286396, 0.141016)

Position: (-0.701713, 0.323029, -0.195611)
Size: (0.169494, 0.280521, 0.252282)

Position: (1.2305, 0.995621, 0.938594)
Size: (0.0532755, 0.0928044, 0.190265)

Position: (0.253145, -0.986146, 0.114649)
Size: (0.0602744, 0.224185, 0.267404)

Position: (-0.591669, -0.519895, -1.09132)
Size: (0.215976, 0.150842, 0.299251)

Position: (0.937278, -0.445972, 0.283215)
Size: (0.232776, 0.269225, 0.0596148)

Position: (-1.20944, -0.722094, -0.615135)
Size: (0.112767, 0.180926, 0.160979)

Position: (0.63382, -0.144482, -0.948298)
Size: (0.26077, 0.0953465, 0.0283409)

Position: (-0.376342, -0.724574, 1.40523)
Size: (0.250326, 0.115416, 0.20009)

Position: (1.32401, -1.20142, 0.908636)
Size: (0.256143, 0.00697497, 0.166892)

Position: (0.640771, -1.31612, -1.24417)
Size: (0.164118, 0.228803, 0.128549)

Position: (0.348024, -1.27725, -1.05647)
Size: (0.208845, 0.110206, 0.274773)

