Position: (0.174982, 0.633041, -1.40669)
Size: (0.0112897, 0.216039, 0.284533)

Position: (-0.986401, -0.284569, -0.806555)
Size: (0.0699664, 0.0807094, 0.294717)

Position: (1.24533, 1.42373, 1.12359)
Size: (0.290684, 0.0317634, 0.030494)

Position: (-0.758057, -1.30247, 1.01057)
Size: (0.280306, 0.161604, 0.0158846)

Position: (-1.10742, -0.893821, 0.516389)
Size: (0.235705, 0.151297, 0.296307)

Position: (1.38563, 1.41448, 0.153563)
Size: (0.262568, 0.17029, 0.147165)

Position: (-0.989555, -0.194368, 0.256441)
Size: (0.278286, 0.125702, 0.197653)

Position: (-0.720892, -0.867715, 0.744244)
Size: (0.299771, 0.0153111, 0.068532)

Position: (-1.03673, -1.18603, -0.769527)
Size: (0.144811, 0.0280823, 0.0660635)

Position: (0.719764, -0.574998, 0.206304)
Size: (0.00194426, 0.171295, 0.249521)

Position: (-0.384716, -0.279478, -0.427692)
Size: (0.0497374, 0.28693, 0.273735)

Position: (1.41012, -0.483566, 1.27245)
Size: (0.0724909, 0.138333, 0.0865661)

Position: (1.14579, 0.621835, 0.920769)
Size: (0.0157061, 0.281383, 0.111959)

Position: (0.769455, 0.250936, 1.10637)
Size: (0.233304, 0.0936854, 0.151135)

Position: (0.862453, 1.21616, 0.369881)
Size: (0.0604744, 0.211472, 0.00953938)

Position: (-0.831629, -1.25573, -1.39749)
Size: (0.14803, 0.212383, 0.142397)

