Position: (0.516362, -0.257918, 0.400982)
Size: (0.142786, 0.194328, 0.191816)

Position: (0.763206, -0.904599, -0.286794)
Size: (0.131126, 0.248196, 0.17244)

Position: (0.666238, 0.351176, 0.924017)
Size: (0.201468, 0.245676, 0.238995)

Position: (-0.0809563, -0.442261, -0.739581)
Size: (0.259621, 0.112453, 0.204213)

Position: (0.552773, -0.237005, -0.0942411)
Size: (0.0569636, 0.289991, 0.10872)

Position: (0.319659, 0.00235354, 0.729611)
Size: (0.108052, 0.237414, 0.0437557)

Position: (-1.48172, -1.07677, -1.03751)
Size: (0.0369779, 0.0530431, 0.0474454)

Position: (-1.4993, 0.283009, -0.874901)
Size: (0.271702, 0.18713, 0.216308)

Position: (1.28282, -0.406634, -1.38235)
Size: (0.265391, 0.0541095, 0.0290179)

Position: (-0.624628, 0.562558, 0.0596132)
Size: (0.164538, 0.176694, 0.0733726)

Position: (-0.107947, -0.946267, 0.392135)
Size: (0.132993, 0.0552868, 0.000863845)

Position: (-0.690271, 1.12008, 1.0233)
Size: (0.0359496, 0.0223888, 0.0766386)

Position: (0.490557, -0.107876, -0.456837)
Size: (0.222082, 0.282479, 0.112819)

Position: (1.11796, 0.282509, -1.22904)
Size: (0.228563, 0.188195, 0.137371)

Position: (1.04254, 0.753399, -1.02595)
Size: (0.0857448, 0.0324499, 0.277128)

Position: (-0.946095, -1.11691, 0.661204)
Size: (0.29067, 0.156117, 0.12181)

