Position: (0.694939, -1.43106, 0.790558)
Size: (0.00392033, 0.0553795, 0.241857)

Position: (0.432938, 1.2395, 0.834841)
Size: (0.27248, 0.268633, 0.16533)

Position: (1.09239, 0.23365, -0.143342)
Size: (0.00580783, 0.158631, 0.213704)

Position: (-0.972665, 1.43102, 0.588764)
Size: (0.165943, 0.283334, 0.250411)

Position: (0.237402, -0.697531, -0.478228)
Size: (0.116585, 0.221934, 0.140406)

Position: (1.38017, 0.242038, -0.325727)
Size: (0.100617, 0.0839274, 0.0595959)

Position: (1.02698, -0.518369, -0.159103)
Size: (0.0160673, 0.0701067, 0.0561951)

Position: (0.26679, 0.296635, 0.974438)
Size: (0.218235, 0.225091, 0.215708)

Position: (0.960709, -0.954802, -1.36447)
Size: (0.153299, 0.231183, 0.168507)

Position: (-0.400594, -0.592651, -1.42391)
Size: (0.233113, 0.292071, 0.20148)

Position: (0.909231, 0.444856, 0.327737)
Size: (0.0613932, 0.24118, 0.286481)

Position: (-1.32445, -0.549463, -0.110559)
Size: (0.204749, 0.0236027, 0.143794)

Position: (0.795314, 0.473539, 0.787396)
Size: (0.289196, 0.00963928, 0.0786127)

Position: (1.10106, -1.22644, 0.677298)
Size: (0.0626724, 0.00724002, 0.200894)

Position: (-0.686101, -1.37282, 0.0607494)
Size: (0.214138, 0.169471, 0.227228)

Position: (-0.226359, 0.903553, -0.341003)
Size: (0.00315584, 0.0418814, 0.190948)

