Position: (-0.313327, 1.05125, -0.968096)
Size: (0.10277, 0.203217, 0.0361605)

Position: (0.0753909, 0.978201, -0.803789)
Size: (0.00710376, 0.120999, 0.274153)

Position: (0.317829, 1.18661, -0.25455)
Size: (0.0218803, 0.168123, 0.0959026)

Position: (-0.8873, 0.907194, -1.03241)
Size: (0.0113768, 0.167884, 0.0160336)

Position: (-0.87141, 1.47628, 0.673936)
Size: (0.137127, 0.215223, 0.264252)

Position: (0.695572, 1.0927, 1.15438)
Size: (0.00136555, 0.240141, 0.0127631)

Position: (0.698336, 0.570375, -1.38526)
Size: (0.291017, 0.200071, 0.0627594)

Position: (-0.826617, -1.39677, 1.13312)
Size: (0.275049, 0.274536, 0.205071)

Position: (-0.306714, 0.960509, 0.80485)
Size: (0.172332, 0.0909446, 0.072745)

Position: (-0.0366252, 0.779866, -0.315932)
Size: (0.233777, 0.227128, 0.199302)

Position: (0.445237, -0.0859941, 0.0883248)
Size: (0.203348, 0.210136, 0.0117982)

Position: (0.410944, 0.424502, 0.153332)
Size: (0.268853, 0.267751, 0.204449)

Position: (1.45902, 0.616926, -0.705163)
Size: (0.296242, 0.0402482, 0.287798)

Position: (1.40896, 0.231144, -0.359631)
Size: (0.256836, 0.182768, 0.145531)

Position: (-0.0272026, 1.37759, -1.37403)
Size: (0.0425452, 0.144858, 0.205938)

Position: (-1.30648, -0.767878, 0.541283)
Size: (0.0856013, 0.0144312, 0.019654)

