Position: (1.00503, -0.644403, -0.75943)
Size: (0.122781, 0.297784, 0.235599)

Position: (0.163876, 0.309755, 0.217453)
Size: (0.166221, 0.240289, 0.227738)

Position: (0.58511, -0.477569, -0.767574)
Size: (0.212538, 0.0289995, 0.0205271)

Position: (1.03541, 1.40731, 0.550967)
Size: (0.229418, 0.259336, 0.00722684)

Position: (0.353694, 0.333981, 0.789506)
Size: (0.179484, 0.280973, 0.29937)

Position: (0.48245, -1.4316, 0.416455)
Size: (0.042091, 0.0829185, 0.104865)

Position: (1.40001, -1.34963, 0.870092)
Size: (0.27538, 0.0619, 0.172786)

Position: (0.890934, 0.818015, 1.14565)
Size: (0.193496, 0.283851, 0.0874256)

Position: (-0.775819, 0.593772, 0.901965)
Size: (0.280654, 0.21119, 0.283094)

Position: (-0.0456579, -1.12053, -0.10213)
Size: (0.251136, 0.201307, 0.0161883)

Position: (-1.31869, -1.06291, -1.05424)
Size: (0.276036, 0.124034, 0.0608464)

Position: (-0.593065, 0.492252, -0.684083)
Size: (0.115882, 0.0584343, 0.270293)

Position: (-0.799495, 0.513861, 0.187548)
Size: (0.274224, 0.177296, 0.0792266)

Position: (0.304522, -0.253771, -1.11761)
Size: (0.228839, 0.287391, 0.177612)

Position: (0.95767, 1.31744, 1.0654)
Size: (0.239065, 0.113785, 0.27298)

Position: (1.25211, -1.07241, -1.3025)
Size: (0.0160243, 0.227511, 0.00623037)

