Position: (-0.457914, -0.122137, -0.898219)
Size: (0.135382, 0.00884624, 0.266397)

Position: (-1.2865, 1.39917, 0.0777885)
Size: (0.251886, 0.0640763, 0.259926)

Position: (-0.0229896, 0.353973, 0.164217)
Size: (0.0404243, 0.2036, 0.142168)

Position: (1.12848, -0.789888, 0.996743)
Size: (0.0634409, 0.15895, 0.080325)

Position: (0.958242, -0.0041849, 0.0902792)
Size: (0.0945303, 0.0988215, 0.1981)

Position: (-1.34226, 1.27553, 1.47393)
Size: (0.145197, 0.124757, 0.104873)

Position: (1.34943, -1.1101, -0.683752)
Size: (0.0736136, 0.0356286, 0.173868)

Position: (1.41242, 0.997036, -0.252146)
Size: (0.127838, 0.273328, 0.0604746)

Position: (0.807208, 1.0624, -1.07902)
Size: (0.0721772, 0.275933, 0.00451938)

Position: (0.229722, -0.543399, 1.22915)
Size: (0.290726, 0.202309, 0.17865)

Position: (-0.354936, 1.28266, -1.48464)
Size: (0.23451, 0.128991, 0.24821)

Position: (-0.0390533, -0.142756, 0.279615)
Size: (0.153339, 0.114689, 0.191641)

Position: (-0.854679, -1.18888, -0.910765)
Size: (0.0713017, 0.00302527, 0.208689)

Position: (1.44238, -0.144288, -1.17734)
Size: (0.232487, 0.246906, 0.23483)

Position: (-0.365062, 1.29929, 1.48682)
Size: (0.12729, 0.208973, 0.212786)

Position: (-0.894969, -0.0653205, 1.01833)
Size: (0.176971, 0.220757, 0.087275)

