Position: (0.984749, 0.236028, 0.623971)
Size: (0.05907, 0.0987239, 0.00739255)

Position: (-0.914451, 1.18087, 0.515325)
Size: (0.170733, 0.0702014, 0.213829)

Position: (0.76969, -0.997443, -0.700823)
Size: (0.0109278, 0.21205, 0.0790247)

Position: (0.286248, -0.70172, -0.717271)
Size: (0.24195, 0.167332, 0.192247)

Position: (0.0207993, 0.159277, -0.695853)
Size: (0.182677, 0.260872, 0.0840443)

Position: (0.972281, -0.135098, 0.647613)
Size: (0.189205, 0.218598, 0.100131)

Position: (0.870753, 0.561109, 1.27079)
Size: (0.110522, 0.288083, 0.181461)

Position: (1.06037, -0.140051, 0.208532)
Size: (0.0714804, 0.106901, 0.24445)

Position: (-1.05411, 1.40787, -1.16759)
Size: (0.0278968, 0.0492114, 0.00670857)

Position: (1.41958, 1.03309, -1.21259)
Size: (0.143137, 0.0746026, 0.270497)

Position: (1.1537, 0.104579, 1.11859)
Size: (0.211369, 0.0228709, 0.0978711)

Position: (-0.194247, 1.33111, 0.685591)
Size: (0.262601, 0.289406, 0.212867)

Position: (-0.977652, 1.34967, 0.402881)
Size: (0.18633, 0.258855, 0.142406)

Position: (-0.9076, -1.30928, -0.22285)
Size: (0.0833723, 0.216311, 0.140319)

Position: (-1.04439, -1.31583, 1.29351)
Size: (0.167608, 0.0232126, 0.15064)

Position: (-1.21053, -1.00462, 1.19754)
Size: (0.0135331, 0.088348, 0.083447)

