Position: (-0.581303, -0.242697, -1.45528)
Size: (0.185487, 0.0671934, 0.0611443)

Position: (1.08005, -1.03865, -0.977786)
Size: (0.230766, 0.278516, 0.239656)

Position: (-1.4664, 0.661626, 0.392014)
Size: (0.188396, 0.209152, 0.120757)

Position: (-1.4808, 0.668779, -0.921059)
Size: (0.187367, 0.193796, 0.051993)

Position: (1.37977, 0.234714, 0.444556)
Size: (0.0288322, 0.216496, 0.251814)

Position: (0.805168, 1.16996, -0.763088)
Size: (0.079554, 0.116093, 0.0887959)

Position: (0.913511, 0.827331, -0.864206)
Size: (0.139278, 0.0714202, 0.0684353)

Position: (-0.421146, 1.26797, -1.2357)
Size: (0.0460497, 0.22921, 0.0283561)

Position: (-0.751262, 1.43724, -1.37565)
Size: (0.280091, 0.208001, 0.27867)

Position: (-0.500125, -0.980717, -1.15206)
Size: (0.156818, 0.0716614, 0.10755)

Position: (-1.22369, -1.39176, 0.322128)
Size: (0.028548, 0.00524335, 0.0939472)

Position: (-0.606172, -0.538741, -0.856672)
Size: (0.0637109, 0.0259229, 0.0275019)

Position: (-0.537782, 1.38239, 0.447617)
Size: (0.168023, 0.0145831, 0.0855623)

Position: (-0.340775, -1.03469, -0.14891)
Size: (0.0237444, 0.120165, 0.162262)

Position: (-0.979828, -0.823205, -1.39958)
Size: (0.0380866, 0.0100979, 0.043324)

Position: (-1.10925, -1.34654, -0.4676)
Size: (0.234157, 0.0796084, 0.0355009)

