Position: (-1.07787, -1.12445, 0.657751)
Size: (0.0436675, 0.0207283, 0.221739)

Position: (0.300054, -0.574793, 0.0473317)
Size: (0.0756726, 0.160305, 0.0953966)

Position: (0.828657, 0.891888, -1.39208)
Size: (0.257043, 0.0423404, 0.207312)

Position: (-0.41833, -0.770281, -0.824442)
Size: (0.180496, 0.29327, 0.0658563)

Position: (-0.281781, -1.45738, 0.707506)
Size: (0.219301, 0.227447, 0.0738702)

Position: (0.564292, 0.314933, -1.41064)
Size: (0.167523, 0.00561537, 0.0336153)

Position: (1.11483, -0.222319, 1.35477)
Size: (0.288505, 0.189121, 0.0509389)

Position: (0.980894, -0.408268, 1.22225)
Size: (0.135436, 0.283842, 0.259798)

Position: (0.420845, 0.611061, 0.620495)
Size: (0.205092, 0.119587, 0.159447)

Position: (-0.367255, 0.625015, 0.3045)
Size: (0.221644, 0.283913, 0.229617)

Position: (-0.188813, -0.153733, -1.40431)
Size: (0.0983756, 0.217206, 0.269001)

Position: (0.795626, -0.0933675, 1.36655)
Size: (0.140481, 0.244116, 0.10148)

Position: (-0.507941, -0.0630711, -0.733182)
Size: (0.109792, 0.186782, 0.136191)

Position: (1.48718, -0.675628, 1.45667)
Size: (0.228946, 0.111471, 0.0874685)

Position: (-1.33818, -0.311551, 0.80387)
Size: (0.0256515, 0.00851845, 0.0418802)

Position: (-0.931131, -0.939846, 0.475573)
Size: (0.232949, 0.244325, 0.0260003)

