Position: (-1.06633, -0.744928, 0.198143)
Size: (0.0184842, 0.0444142, 0.183387)

Position: (0.690115, -1.48373, -0.427794)
Size: (0.279963, 0.205698, 0.150721)

Position: (0.488033, -1.47667, -1.23139)
Size: (0.192429, 0.155494, 0.077074)

Position: (1.24716, -0.571206, -1.02879)
Size: (0.264644, 0.00508787, 0.0165175)

Position: (0.954324, 0.405574, -0.759383)
Size: (0.210701, 0.0631382, 0.130633)

Position: (-1.44583, -1.45108, -0.257722)
Size: (0.293008, 0.0868125, 0.225305)

Position: (0.757497, -0.14494, -1.05848)
Size: (0.00787311, 0.133395, 0.203042)

Position: (1.20669, -0.154205, 0.0102866)
Size: (0.109445, 0.0832156, 0.182887)

Position: (-1.04518, 0.890088, -0.193368)
Size: (0.195185, 0.179002, 0.163849)

Position: (-0.225439, 0.547495, -1.19828)
Size: (0.0577658, 0.110377, 0.179499)

Position: (1.43998, 1.26395, 1.30341)
Size: (0.251388, 0.0171881, 0.22703)

Position: (1.13662, 0.922377, 1.25792)
Size: (0.240158, 0.191616, 0.211779)

Position: (-0.705133, -0.247546, -1.40607)
Size: (0.265341, 0.00264384, 0.0304109)

Position: (-0.355937, 0.222463, 0.466257)
Size: (0.125873, 0.131256, 0.15835)

Position: (-0.924975, 0.200305, 0.703623)
Size: (0.297402, 0.101235, 0.146293)

Position: (1.08576, -0.398494, -1.11746)
Size: (0.195415, 0.222113, 0.169026)

