Position: (0.284052, 1.47422, 0.526134)
Size: (0.187089, 0.154483, 0.0426678)

Position: (-0.716828, 0.749564, -1.11503)
Size: (0.101911, 0.0278803, 0.199419)

Position: (0.0855824, 0.653152, 1.30317)
Size: (0.0749493, 0.0383595, 0.13151)

Position: (0.20289, 1.00121, -1.15091)
Size: (0.0110737, 0.106572, 0.208541)

Position: (0.769127, 0.437236, -0.168436)
Size: (0.00593694, 0.121069, 0.247937)

Position: (0.311154, -0.321609, 0.430135)
Size: (0.0391779, 0.259333, 0.0852026)

Position: (1.40245, 0.632521, 1.1108)
Size: (0.181602, 0.0809623, 0.234432)

Position: (-0.884437, -1.04353, 1.48687)
Size: (0.189596, 0.272131, 0.26371)

Position: (-0.519558, 0.196494, 0.0487245)
Size: (0.17968, 0.181216, 0.116226)

Position: (-0.594856, 0.550121, -1.02922)
Size: (0.26803, 0.186694, 0.0786257)

Position: (0.72399, -0.865655, 0.659394)
Size: (0.0612089, 0.00667616, 0.277292)

Position: (0.806355, -0.385275, -0.837425)
Size: (0.265825, 0.276061, 0.111069)

Position: (1.26309, 1.29272, 0.640055)
Size: (0.276821, 0.120014, 0.0159263)

Position: (0.497037, -0.450708, 0.53044)
Size: (0.0463666, 0.15134, 0.297957)

Position: (1.48865, -1.22994, -0.577456)
Size: (0.0739107, 0.0637516, 0.00151494)

Position: (-0.745599, 0.403955, 1.02327)
Size: (0.28484, 0.12595, 0.14849)

