Position: (-0.752638, 1.15551, 0.0304248)
Size: (0.202621, 0.218785, 0.259273)

Position: (-1.48484, 0.0416486, 0.768641)
Size: (0.0899856, 0.117375, 0.166516)

Position: (0.920223, 0.242712, 0.498839)
Size: (0.271462, 0.172967, 0.00749163)

Position: (-1.39165, -0.525942, -1.2909)
Size: (0.134198, 0.270792, 0.240511)

Position: (0.292246, -1.24623, -0.0809272)
Size: (0.0982122, 0.0808863, 0.0376208)

Position: (-0.842105, -0.0422143, -0.799784)
Size: (0.272721, 0.257615, 0.0153219)

Position: (0.562434, 0.996952, 0.203085)
Size: (0.265042, 0.209414, 0.131885)

Position: (0.288233, -0.753044, -0.805166)
Size: (0.0549116, 0.26663, 0.105214)

Position: (-1.49467, -1.08757, -0.631706)
Size: (0.277578, 0.121622, 0.203816)

Position: (0.990608, -0.754738, 0.394258)
Size: (0.0508424, 0.141981, 0.0188284)

Position: (-0.634555, 0.755716, -0.753899)
Size: (0.181344, 0.287399, 0.134541)

Position: (-1.22841, 0.925898, 1.10426)
Size: (0.267581, 0.124288, 0.176907)

Position: (1.14579, 1.39037, -1.07076)
Size: (0.134539, 0.253229, 0.224414)

Position: (-0.922123, -1.47088, -0.924037)
Size: (0.232557, 0.243815, 0.184148)

Position: (0.747937, -0.388936, -1.4012)
Size: (0.144561, 0.17973, 0.00618746)

Position: (1.38186, -1.05611, 1.16642)
Size: (0.0116106, 0.066902, 0.108664)

