Position: (0.0788921, 0.790291, 0.701981)
Size: (0.00981628, 0.256358, 0.21535)

Position: (0.112305, -0.423587, -0.307515)
Size: (0.286336, 0.0158383, 0.124492)

Position: (0.374907, 1.10773, -0.609977)
Size: (0.092099, 0.204734, 0.0762433)

Position: (0.382764, -0.743724, -0.344112)
Size: (0.122831, 0.234378, 0.226473)

Position: (0.304346, -0.655715, 1.29408)
Size: (0.158418, 0.0504445, 0.272946)

Position: (-0.856941, 0.355307, 1.24007)
Size: (0.143647, 0.00694771, 0.204097)

Position: (1.11638, 0.146474, -0.675584)
Size: (0.214239, 0.20151, 0.00937861)

Position: (-0.955566, 0.929135, 0.401541)
Size: (0.106435, 0.0572174, 0.256422)

Position: (-1.41176, 1.46043, 0.247907)
Size: (0.220485, 0.276676, 0.288958)

Position: (-0.774843, -0.561671, 1.0079)
Size: (0.036381, 0.18014, 0.168471)

Position: (-0.565692, 0.399153, 0.186647)
Size: (0.0140471, 0.0187229, 0.16872)

Position: (1.02443, 0.300214, -1.48537)
Size: (0.0120814, 0.281285, 0.100713)

Position: (-0.404163, 0.158421, 0.148911)
Size: (0.170543, 0.299295, 0.0669054)

Position: (-0.653259, -1.13843, -0.545423)
Size: (0.167408, 0.254235, 0.107566)

Position: (-1.37559, 0.995022, 0.185028)
Size: (0.263529, 0.0622058, 0.122367)

Position: (-0.0908374, 0.913456, 1.2338)
Size: (0.271568, 0.137071, 0.00678702)

