Position: (-1.42586, 0.921309, -1.3475)
Size: (0.0401377, 0.212559, 0.143349)

Position: (1.30118, -0.688735, -0.552507)
Size: (0.0900791, 0.232256, 0.287393)

Position: (1.38434, -0.340658, -0.78322)
Size: (0.104183, 0.115453, 0.105982)

Position: (0.295675, 0.275015, -0.213519)
Size: (0.256671, 0.247478, 0.00451107)

Position: (0.711608, -0.76917, 1.49501)
Size: (0.025485, 0.21999, 0.266769)

Position: (0.332669, -0.604981, 0.936969)
Size: (0.267459, 0.100003, 0.123936)

Position: (0.652463, -1.31411, -0.350295)
Size: (0.0437448, 0.223083, 0.0496518)

Position: (-0.73853, -0.618266, -1.44106)
Size: (0.278667, 0.235713, 0.238862)

Position: (0.502675, 1.04552, -0.656855)
Size: (0.10594, 0.0753777, 0.152621)

Position: (0.23255, -0.514793, -0.764524)
Size: (0.0219188, 0.193321, 0.239529)

Position: (1.04663, -0.54964, 0.779784)
Size: (0.0240568, 0.0237173, 0.0599322)

Position: (0.712859, 1.00989, 0.450324)
Size: (0.119361, 0.0183033, 0.148097)

Position: (0.733297, -1.06547, 0.975299)
Size: (0.271243, 0.262051, 0.179961)

Position: (-1.43805, -1.24223, -1.12919)
Size: (0.126509, 0.0933977, 0.125383)

Position: (1.31626, -1.49847, 1.49664)
Size: (0.00339327, 0.121482, 0.182264)

Position: (0.662964, 0.0440683, -1.28105)
Size: (0.216231, 0.284916, 0.242332)

