Position: (0.366177, -1.28796, 0.562742)
Size: (0.123608, 0.220514, 0.044878)

Position: (-0.0693416, 0.0888498, 0.84354)
Size: (0.214328, 0.22518, 0.083799)

Position: (0.680024, -0.559685, -1.40714)
Size: (0.216968, 0.22267, 0.105219)

Position: (-1.29484, -1.39001, 0.00305809)
Size: (0.291811, 0.287452, 0.171193)

Position: (0.337416, -1.14716, 0.931744)
Size: (0.24984, 0.280303, 0.170901)

Position: (-1.46057, 1.46239, 0.0319235)
Size: (0.236205, 0.183274, 0.0534107)

Position: (0.274567, 0.25284, 1.26451)
Size: (0.0417532, 0.251781, 0.155585)

Position: (0.486801, 0.359349, -0.794403)
Size: (0.115975, 0.251172, 0.0964722)

Position: (1.47866, 1.31108, 0.895924)
Size: (0.261122, 0.247737, 0.00482448)

Position: (0.0520722, -1.08258, 1.37192)
Size: (0.198742, 0.0251656, 0.0138805)

Position: (1.1561, 0.0204547, -1.33992)
Size: (0.134504, 0.0291407, 0.126452)

Position: (0.602571, 0.707779, -1.06078)
Size: (0.140165, 0.162655, 0.203579)

Position: (-0.0151131, 0.301761, -1.26113)
Size: (0.262126, 0.102832, 0.159533)

Position: (1.33466, 0.11485, 0.357301)
Size: (0.180044, 0.102603, 0.146753)

Position: (0.189069, -1.03123, 1.31969)
Size: (0.143523, 0.237964, 0.0190661)

Position: (-1.28102, 0.930962, -0.782431)
Size: (0.0873625, 0.0268869, 0.00778933)

