Position: (-0.66709, 1.26448, 1.0771)
Size: (0.117609, 0.218971, 0.0551633)

Position: (-1.25766, -1.20104, 1.19551)
Size: (0.0793998, 0.0898164, 0.0440394)

Position: (0.251797, -1.13153, 1.35748)
Size: (0.0701682, 0.130592, 0.00420139)

Position: (-1.0239, 0.470844, 1.01363)
Size: (0.247846, 0.218428, 0.00470655)

Position: (-0.168133, 0.775724, -1.09151)
Size: (0.00581429, 0.0976965, 0.26576)

Position: (-1.38679, 0.762172, 0.437331)
Size: (0.040556, 0.195905, 0.157521)

Position: (1.24289, 0.582844, -1.06259)
Size: (0.157199, 0.260832, 0.239061)

Position: (0.675846, -0.479553, 1.14747)
Size: (0.235367, 0.0827575, 0.129484)

Position: (-0.547632, 0.791796, -1.12687)
Size: (0.141833, 0.16555, 0.266665)

Position: (0.419932, -0.375733, -1.04189)
Size: (0.160404, 0.110211, 0.166184)

Position: (-0.771228, 0.880236, 0.898054)
Size: (0.284907, 0.0821901, 0.293152)

Position: (0.892602, 0.748375, 0.603874)
Size: (0.0943803, 0.170967, 0.149947)

Position: (-1.04703, 0.87394, -0.703626)
Size: (0.0950655, 0.115576, 0.229461)

Position: (1.00389, -0.851938, 1.40412)
Size: (0.00760251, 0.037811, 0.0965369)

Position: (0.0626822, 0.129975, 0.0998102)
Size: (0.0970942, 0.20335, 0.27158)

Position: (-0.793109, 0.281075, 0.830229)
Size: (0.214411, 0.153612, 0.182236)

