Position: (-0.708363, -0.783004, -0.981069)
Size: (0.129507, 0.231394, 0.0360914)

Position: (1.11973, -0.274283, -1.4155)
Size: (0.137904, 0.0114064, 0.0505637)

Position: (-1.33671, 0.820015, 0.987241)
Size: (0.0730972, 0.200595, 0.207441)

Position: (-0.555933, 0.345097, 4.75836e-05)
Size: (0.0837521, 0.188402, 0.0849509)

Position: (-1.3352, 0.492591, 1.07618)
Size: (0.222742, 0.274704, 0.0420464)

Position: (0.108822, -0.347088, -0.157377)
Size: (0.049372, 0.280389, 0.00680305)

Position: (0.165375, 1.2072, -0.697137)
Size: (0.173258, 0.227756, 0.0476537)

Position: (-0.927776, -0.0230728, 1.32881)
Size: (0.0166719, 0.265495, 0.242954)

Position: (-0.876221, 0.960298, -0.326244)
Size: (0.228533, 0.231423, 0.187035)

Position: (-1.49409, 0.136773, 1.3815)
Size: (0.295915, 0.0285962, 0.255748)

Position: (-1.18448, 1.40702, 1.05873)
Size: (0.177771, 0.244429, 0.17903)

Position: (-0.733297, -0.866702, -0.551301)
Size: (0.0971827, 0.27421, 0.201925)

Position: (-1.1044, 0.622203, -0.673371)
Size: (0.257624, 0.0804725, 0.21974)

Position: (1.47095, 1.48735, 0.69811)
Size: (0.236595, 0.0290453, 0.260805)

Position: (0.546126, -1.48835, -1.39655)
Size: (0.035449, 0.16079, 0.238524)

Position: (-0.014541, -0.100811, 0.762252)
Size: (0.0397778, 0.275676, 0.145239)

