Position: (-1.32916, 0.490368, -0.924177)
Size: (0.260645, 0.155411, 0.0357609)

Position: (1.11188, 0.659631, -1.36002)
Size: (0.151965, 0.253166, 0.25753)

Position: (1.02059, -1.25083, 0.273448)
Size: (0.114642, 0.100912, 0.277345)

Position: (-0.864662, 1.39828, -1.21347)
Size: (0.210806, 0.132967, 0.142772)

Position: (0.981811, 0.646237, -1.15174)
Size: (0.00839053, 0.119849, 0.0489152)

Position: (-1.40038, 1.10698, -1.20038)
Size: (0.135238, 0.0201269, 0.144789)

Position: (1.44344, -0.557544, 0.0493388)
Size: (0.296089, 0.201647, 0.00501672)

Position: (1.44789, 0.837941, -0.806475)
Size: (0.016737, 0.246953, 0.196456)

Position: (-0.276416, 0.532628, -0.560895)
Size: (0.117247, 0.0876203, 0.215345)

Position: (0.0898035, -1.47961, 0.224514)
Size: (0.0738567, 0.0638719, 0.108119)

Position: (1.37442, -0.436844, 0.695192)
Size: (0.252496, 0.21631, 0.148952)

Position: (-1.29915, 1.14335, 0.105658)
Size: (0.174901, 0.266772, 0.0939933)

Position: (1.32609, -0.28566, -1.36626)
Size: (0.176595, 0.258058, 0.0830595)

Position: (0.801641, -0.172278, 0.0921817)
Size: (0.168028, 0.289298, 0.0371777)

Position: (-1.25395, 0.214138, 0.15313)
Size: (0.0296935, 0.0239109, 0.219641)

Position: (-0.84422, -1.14703, -0.235808)
Size: (0.140675, 0.111645, 0.00957751)

