Position: (0.996521, -0.259622, -1.04022)
Size: (0.27874, 0.236217, 0.0459644)

Position: (0.620472, 0.825572, 0.160689)
Size: (0.115824, 0.246102, 0.221365)

Position: (-0.692599, 0.409164, -0.776229)
Size: (0.0326351, 0.1286, 0.213067)

Position: (1.43642, 0.246413, 1.19594)
Size: (0.176378, 0.139357, 0.256708)

Position: (0.819951, 0.614786, 0.528832)
Size: (0.296193, 0.0863652, 0.0500031)

Position: (0.233129, -1.26045, -0.864558)
Size: (0.0843587, 0.105197, 0.206867)

Position: (1.24761, 0.994921, -0.992457)
Size: (0.136307, 0.208113, 0.0551396)

Position: (0.120711, 0.757458, 1.25023)
Size: (0.150835, 0.217906, 0.0941337)

Position: (-0.366453, 0.698584, 1.14108)
Size: (0.0477942, 0.0691926, 0.188769)

Position: (0.133894, -0.554914, -0.220551)
Size: (0.270344, 0.189606, 0.130297)

Position: (-0.742346, 0.678656, -0.561091)
Size: (0.0961334, 0.0977016, 0.193868)

Position: (-1.22261, 0.242403, 0.657145)
Size: (0.103912, 0.0572914, 0.0304801)

Position: (-1.13114, -0.540675, 1.24657)
Size: (0.267838, 0.176141, 0.13672)

Position: (0.983952, -1.19909, -1.34342)
Size: (0.281326, 0.292497, 0.102101)

Position: (1.46441, -0.526836, 0.667018)
Size: (0.197731, 0.18547, 0.144938)

Position: (-0.131657, 1.02406, 1.10828)
Size: (0.258435, 0.0612738, 0.235769)

