Position: (0.392261, 0.69979, 0.457126)
Size: (0.125431, 0.0216841, 0.0306062)

Position: (-0.733415, -0.886569, -0.818781)
Size: (0.0620272, 0.152634, 0.113883)

Position: (1.10745, -1.41088, -1.42568)
Size: (0.228321, 0.0620636, 0.266956)

Position: (1.07005, 0.566023, 0.138656)
Size: (0.113632, 0.00740993, 0.164811)

Position: (0.527885, -0.205382, -1.46826)
Size: (0.151016, 0.0906237, 0.229902)

Position: (-1.00271, -0.446954, 0.157667)
Size: (0.17622, 0.0578404, 0.0868783)

Position: (-0.0845668, 0.771186, 1.0702)
Size: (0.20724, 0.166875, 0.14113)

Position: (-0.216952, -1.19732, -1.3582)
Size: (0.275078, 0.169899, 0.265891)

Position: (-1.41851, -0.211354, 0.315603)
Size: (0.186334, 0.153473, 0.0705975)

Position: (-1.40715, -0.98416, -0.861144)
Size: (0.102525, 0.15326, 0.115216)

Position: (-0.158714, -0.239386, 1.3434)
Size: (0.221554, 0.162829, 0.107951)

Position: (-0.0307182, 0.810254, 1.27904)
Size: (0.259092, 0.030964, 0.00205409)

Position: (0.268405, -0.274155, 0.54936)
Size: (0.0429543, 0.00511756, 0.113606)

Position: (0.308393, 0.622934, 0.861679)
Size: (0.00238876, 0.211499, 0.273339)

Position: (-1.15713, -0.423626, 0.240609)
Size: (0.110618, 0.261863, 0.116544)

Position: (0.0217384, -1.23858, 0.809003)
Size: (0.131943, 0.0464715, 0.186348)

