Position: (0.983252, -0.0310988, -0.442619)
Size: (0.174501, 0.18129, 0.0973061)

Position: (-0.243329, 1.10164, -0.356843)
Size: (0.063211, 0.282693, 0.117118)

Position: (-1.18255, 1.45925, -0.692068)
Size: (0.290965, 0.229473, 0.257155)

Position: (0.5134, -0.976044, 0.539486)
Size: (0.297722, 0.0702031, 0.159548)

Position: (0.824295, 0.721196, -1.06282)
Size: (0.0441339, 0.294881, 0.22072)

Position: (1.31832, 0.848732, 0.410431)
Size: (0.0410438, 0.19248, 0.27141)

Position: (-1.35724, 1.07322, 1.30476)
Size: (0.0192111, 0.0546898, 0.201742)

Position: (-0.214806, 0.178168, 0.875934)
Size: (0.024023, 0.0521914, 0.194572)

Position: (1.01181, 0.560715, 0.331478)
Size: (0.291202, 0.0389546, 0.0869532)

Position: (1.31559, -0.579567, 0.720761)
Size: (0.226708, 0.190786, 0.208594)

Position: (-0.777717, -0.460525, 0.530942)
Size: (0.152491, 0.155721, 0.113513)

Position: (-0.168852, -0.455634, 0.550025)
Size: (0.0231871, 0.00334302, 0.20554)

Position: (0.928046, 1.48215, -0.987045)
Size: (0.22337, 0.171801, 0.00667818)

Position: (1.24253, -0.161206, 1.12251)
Size: (0.253789, 0.0860526, 0.273485)

Position: (0.325149, -1.25028, -0.291788)
Size: (0.0318369, 0.0304746, 0.133774)

Position: (0.460698, 1.2872, -0.41238)
Size: (0.143796, 0.197582, 0.102887)

