Position: (1.18812, 0.391888, -0.415404)
Size: (0.22385, 0.0422597, 0.232042)

Position: (-0.100698, 0.770315, 0.955166)
Size: (0.169777, 0.255103, 0.095964)

Position: (0.953618, -0.958658, -0.985904)
Size: (0.0819059, 0.105784, 0.268183)

Position: (0.111692, 0.839273, -1.13479)
Size: (0.261545, 0.206407, 0.27406)

Position: (0.460821, -0.15651, -0.400911)
Size: (0.122973, 0.206977, 0.258647)

Position: (-0.483905, -0.444998, 1.22791)
Size: (0.2902, 0.134589, 0.123413)

Position: (0.164406, -0.878253, -1.13805)
Size: (0.117134, 0.130633, 0.116848)

Position: (1.48294, -0.323915, -0.126316)
Size: (0.219261, 0.148581, 0.262282)

Position: (-0.59426, -0.8859, -0.351692)
Size: (0.281826, 0.0603941, 0.1638)

Position: (-0.195643, -0.681065, 0.496287)
Size: (0.23086, 0.154311, 0.00748676)

Position: (-0.784487, -0.680203, -0.76992)
Size: (0.234625, 0.216523, 0.00385172)

Position: (1.49858, 1.41875, -1.45436)
Size: (0.040214, 0.209554, 0.0226037)

Position: (-0.510352, 0.600151, 0.653421)
Size: (0.0486264, 0.186001, 0.0409886)

Position: (1.16408, 1.36006, -1.24481)
Size: (0.1942, 0.13808, 0.172004)

Position: (-0.85725, -0.653848, -0.328939)
Size: (0.168069, 0.0105704, 0.179775)

Position: (0.949226, 0.98491, -0.988058)
Size: (0.246089, 0.265118, 0.278959)

