Position: (-0.163451, -1.36807, -1.34571)
Size: (0.124339, 0.0655517, 0.194998)

Position: (-1.14093, 1.06834, 0.492176)
Size: (0.134926, 0.102842, 0.109212)

Position: (-0.559769, -0.134101, -0.984787)
Size: (0.198203, 0.0888922, 0.235329)

Position: (-0.907936, 1.08017, 0.804197)
Size: (0.133897, 0.0443319, 0.16743)

Position: (-0.355841, -0.114943, -1.49771)
Size: (0.0105011, 0.185958, 0.0100124)

Position: (-1.37555, 1.09071, -1.39365)
Size: (0.227376, 0.0221722, 0.164895)

Position: (0.184886, -1.38772, 1.37752)
Size: (0.249697, 0.20334, 0.152332)

Position: (1.47203, 0.705174, 0.897804)
Size: (0.119499, 0.0707882, 0.205909)

Position: (0.906703, -0.575667, -0.394255)
Size: (0.283384, 0.209428, 0.264724)

Position: (-0.00579079, -1.24309, 1.09538)
Size: (0.26796, 0.215739, 0.103091)

Position: (0.388136, 1.1788, 0.229601)
Size: (0.182441, 0.231978, 0.0099652)

Position: (0.720349, -1.25563, 1.29889)
Size: (0.0973456, 0.160976, 0.122616)

Position: (-1.38676, -1.18668, 1.04198)
Size: (0.094868, 0.246589, 0.0952546)

Position: (1.19646, 0.189945, -1.46938)
Size: (0.239991, 0.184288, 0.12163)

Position: (0.34685, -1.46903, -0.167264)
Size: (0.125455, 0.187378, 0.143345)

Position: (0.866168, -0.821167, -1.31676)
Size: (0.141673, 0.156469, 0.0928467)

