Position: (1.1661, -0.669193, 0.0678011)
Size: (0.231917, 0.229481, 0.0801218)

Position: (0.210498, -0.878329, 0.910811)
Size: (0.133939, 0.0461054, 0.256871)

Position: (0.204402, 0.81969, 0.599967)
Size: (0.105055, 0.114018, 0.179349)

Position: (0.197168, -1.16168, -0.805447)
Size: (0.0514822, 0.159441, 0.145495)

Position: (-1.30104, -1.04898, -1.19715)
Size: (0.115636, 0.280384, 0.285346)

Position: (0.728833, 0.754046, 0.262618)
Size: (0.141583, 0.124117, 0.269526)

Position: (0.450152, 1.31564, 0.54038)
Size: (0.211719, 0.0570263, 0.227004)

Position: (1.40251, -0.186219, 0.121985)
Size: (0.00923653, 0.270719, 0.0141303)

Position: (-1.00835, -1.06296, -1.1865)
Size: (0.110283, 0.0103717, 0.0788745)

Position: (1.33077, -0.911296, 0.909453)
Size: (0.262876, 0.248681, 0.00132024)

Position: (-0.946764, -0.155099, -1.03663)
Size: (0.209401, 0.240645, 0.123235)

Position: (0.554206, 0.800938, 1.47439)
Size: (0.119212, 0.226159, 0.0382934)

Position: (-0.181291, 0.844402, 1.11374)
Size: (0.104028, 0.110065, 0.107407)

Position: (1.31657, -1.41523, 0.981218)
Size: (0.0600754, 0.156139, 0.0404399)

Position: (0.339523, -0.237605, -0.531994)
Size: (0.202814, 0.0486896, 0.060539)

Position: (-0.860731, 1.37211, 0.8022)
Size: (0.16123, 0.291665, 0.187124)

