Position: (1.24642, -0.118947, -0.883306)
Size: (0.152896, 0.12682, 0.0670025)

Position: (-0.761401, 0.456946, -0.0224572)
Size: (0.0645061, 0.139196, 0.225203)

Position: (0.0692043, 0.142112, 1.00402)
Size: (0.0882398, 0.0987116, 0.0342281)

Position: (-1.44517, -0.365831, 0.708314)
Size: (0.198758, 0.0681224, 0.277016)

Position: (-0.832948, -0.135238, -0.375404)
Size: (0.123198, 0.0513658, 0.143282)

Position: (-0.903308, 1.20508, -1.12506)
Size: (0.242755, 0.233449, 0.0693865)

Position: (0.378696, -0.778516, 1.43014)
Size: (0.068505, 0.206853, 0.152226)

Position: (1.22709, 1.09928, -0.940767)
Size: (0.18656, 0.132436, 0.206236)

Position: (0.524655, 0.370109, 1.35131)
Size: (0.254895, 0.107522, 0.218983)

Position: (-1.30286, -0.395822, 1.2818)
Size: (0.119807, 0.290477, 0.0652686)

Position: (0.0137979, -0.863874, -0.707847)
Size: (0.293315, 0.173643, 0.125128)

Position: (-0.796768, 1.43873, 1.36022)
Size: (0.180311, 0.0371098, 0.03046)

Position: (-0.26066, -0.282573, -0.113994)
Size: (0.208935, 0.102186, 0.0106528)

Position: (1.33048, 1.40791, -0.293238)
Size: (0.298937, 0.299658, 0.0952717)

Position: (-0.24018, -0.826947, 1.17911)
Size: (0.287187, 0.0625031, 0.27974)

Position: (-1.32792, 1.47718, -0.343175)
Size: (0.153, 0.278364, 0.0746454)

