Position: (-0.963176, 0.200185, 0.335001)
Size: (0.261505, 0.191171, 0.145569)

Position: (-0.333103, 1.31582, -0.174948)
Size: (0.240016, 0.08971, 0.213917)

Position: (-0.326055, -1.44012, -1.0007)
Size: (0.117553, 0.17917, 0.0925477)

Position: (0.832065, 1.09291, 1.05926)
Size: (0.184714, 0.00145725, 0.279238)

Position: (-0.245615, 0.45341, -0.725152)
Size: (0.0570655, 0.234031, 0.146057)

Position: (0.863009, -0.802242, -1.47929)
Size: (0.0467011, 0.121137, 0.270947)

Position: (0.541426, 1.19342, -0.391095)
Size: (0.109407, 0.294249, 0.0595028)

Position: (-0.657083, 1.11164, 0.955454)
Size: (0.263507, 0.046777, 0.125859)

Position: (0.606109, -0.172564, -1.20042)
Size: (0.0613131, 0.230839, 0.170865)

Position: (0.996936, -0.119854, -1.49217)
Size: (0.00957625, 0.15271, 0.0396457)

Position: (-0.169426, 0.23229, 0.710288)
Size: (0.0880032, 0.122684, 0.0690086)

Position: (-1.30981, -0.497373, -0.0373773)
Size: (0.0132573, 0.201099, 0.273013)

Position: (1.11198, -0.177425, 0.423449)
Size: (0.095095, 0.0948399, 0.199906)

Position: (-0.892927, -0.212252, -0.563813)
Size: (0.0311791, 0.142558, 0.0454161)

Position: (1.01295, -1.02081, -0.94542)
Size: (0.146356, 0.0330228, 0.137733)

Position: (1.25527, -1.00347, -0.172403)
Size: (0.121476, 0.18971, 0.0289599)

