Position: (0.608719, 0.401519, -0.461182)
Size: (0.0131748, 0.21695, 0.146406)

Position: (1.2879, 1.12055, -0.0201369)
Size: (0.101617, 0.229664, 0.12059)

Position: (1.10908, -0.259157, 0.896709)
Size: (0.276465, 0.078651, 0.240684)

Position: (-0.755119, -0.333763, 0.430189)
Size: (0.269023, 0.0328393, 0.0772807)

Position: (0.331303, -0.852094, -0.05562)
Size: (0.222077, 0.218147, 0.0102166)

Position: (1.11716, -0.633495, -0.590706)
Size: (0.0530975, 0.271749, 0.231331)

Position: (0.136633, 1.23154, 0.840167)
Size: (0.248825, 0.0718377, 0.0270258)

Position: (-1.00762, -0.555533, 0.190156)
Size: (0.0982254, 0.206285, 0.260352)

Position: (1.3503, -0.582072, -0.693334)
Size: (0.288715, 0.15072, 0.0664656)

Position: (-1.18725, 1.08934, -0.181336)
Size: (0.226635, 0.0015425, 0.292189)

Position: (-1.03203, 1.24836, 0.968963)
Size: (0.275149, 0.163891, 0.0907304)

Position: (-1.23774, -0.400355, -1.32108)
Size: (0.176349, 0.116466, 0.00398721)

Position: (-0.978788, -0.112283, -0.0840719)
Size: (0.0137789, 0.189891, 0.208364)

Position: (0.580767, -1.12304, -0.0438116)
Size: (0.117729, 0.23842, 0.187294)

Position: (0.369785, 1.41924, 0.700939)
Size: (0.162442, 0.295451, 0.215243)

Position: (0.822434, -0.901004, -0.154361)
Size: (0.246132, 0.0170295, 0.231701)

