Position: (-0.504294, 0.153505, 1.01868)
Size: (0.239072, 0.252997, 0.17877)

Position: (0.328763, -1.32313, 0.169972)
Size: (0.214245, 0.253173, 0.00115929)

Position: (-1.20256, -0.251796, -1.48054)
Size: (0.190367, 0.119324, 0.158956)

Position: (0.228425, -0.495274, 1.44379)
Size: (0.187702, 0.0171324, 0.0375181)

Position: (-0.724255, 0.280901, 0.193978)
Size: (0.286706, 0.031127, 0.0610192)

Position: (0.959873, -0.755928, -0.949051)
Size: (0.0065667, 0.0192236, 0.203808)

Position: (0.615349, -0.517531, 0.885002)
Size: (0.273792, 0.209326, 0.143844)

Position: (0.0221181, -0.37056, 0.446956)
Size: (0.123546, 0.0986525, 0.237241)

Position: (0.447163, 0.590773, -0.561845)
Size: (0.0446728, 0.284606, 0.0507575)

Position: (-0.51753, -0.150686, -0.723474)
Size: (0.0753548, 0.085602, 0.00846101)

Position: (1.04895, 1.29533, 0.959355)
Size: (0.243092, 0.247869, 0.131524)

Position: (-1.25732, 0.266832, 0.993898)
Size: (0.0541443, 0.0796347, 0.0505662)

Position: (0.760492, -0.795644, -1.12781)
Size: (0.0708339, 0.289322, 0.00558638)

Position: (0.140507, 1.23362, -0.985314)
Size: (0.29993, 0.249277, 0.0923586)

Position: (-0.926977, -0.115037, -0.0818853)
Size: (0.256331, 0.170432, 0.262436)

Position: (-1.24705, 1.22125, 0.428619)
Size: (0.270739, 0.0869783, 0.287359)

