Position: (-1.33999, -1.02746, 0.914531)
Size: (0.058647, 0.213101, 0.25258)

Position: (-1.42768, -0.26821, 0.819841)
Size: (0.224673, 0.0881261, 0.240767)

Position: (0.211376, -1.40926, 0.852015)
Size: (0.00615761, 0.00707503, 0.0942555)

Position: (0.545978, 0.570577, -1.17813)
Size: (0.0905902, 0.280083, 0.209986)

Position: (-1.27826, -1.40516, 1.03831)
Size: (0.0821642, 0.191509, 0.154517)

Position: (-0.479307, 0.189048, -0.882809)
Size: (0.262299, 0.0967764, 0.160251)

Position: (-0.197244, -1.16818, 1.03507)
Size: (0.0737236, 0.260818, 0.0550752)

Position: (-0.52089, -1.35467, 1.07297)
Size: (0.109641, 0.085813, 0.0980607)

Position: (-1.05165, -0.140695, 0.707589)
Size: (0.0418231, 0.0307724, 0.0132998)

Position: (-1.02798, 0.00330402, -1.38686)
Size: (0.0770922, 0.0873728, 0.0246444)

Position: (0.0378729, -0.216068, -0.505113)
Size: (0.0689436, 0.211166, 0.150356)

Position: (-1.21694, 0.535271, -1.10061)
Size: (0.289256, 0.185581, 0.00297089)

Position: (1.45948, -0.734465, -1.22948)
Size: (0.0972068, 0.268153, 0.0769174)

Position: (-0.0669825, -0.0635552, -0.395339)
Size: (0.00449227, 0.0929513, 0.0200657)

Position: (0.936619, -0.397772, 1.34678)
Size: (0.0219096, 0.14672, 0.146141)

Position: (-0.131163, 0.96459, -1.20079)
Size: (0.00475795, 0.294165, 0.185671)

