Position: (1.26601, -1.19701, 0.840972)
Size: (0.0270831, 0.00377548, 0.199374)

Position: (0.452067, 0.652408, -0.741593)
Size: (0.127998, 0.282933, 0.289541)

Position: (1.05048, -0.122388, -1.46864)
Size: (0.219545, 0.293535, 0.223083)

Position: (-0.915023, -0.596844, -0.596985)
Size: (0.127358, 0.0650791, 0.252753)

Position: (-1.16018, -0.746506, 0.614225)
Size: (0.247229, 0.0677688, 0.188844)

Position: (-0.256379, 1.47516, 0.0363551)
Size: (0.263618, 0.200946, 0.199846)

Position: (-0.342235, -0.951541, 0.0894411)
Size: (0.296901, 0.139064, 0.160432)

Position: (-0.501421, -1.41145, 0.167036)
Size: (0.0132822, 0.252181, 0.170316)

Position: (-1.45857, 0.242849, -0.250896)
Size: (0.149275, 0.00615983, 0.179641)

Position: (-1.16971, 1.35552, 0.776012)
Size: (0.189057, 0.100363, 0.0278052)

Position: (-1.29084, -1.2991, 0.912467)
Size: (0.14273, 0.167219, 0.276744)

Position: (1.20075, -0.671542, 1.06703)
Size: (0.180211, 0.291799, 0.159409)

Position: (-0.298176, -0.0156285, 0.850282)
Size: (0.221516, 0.049328, 0.210956)

Position: (-0.787012, 0.527798, 0.092247)
Size: (0.234427, 0.287883, 0.198107)

Position: (0.307571, 0.850978, 1.49058)
Size: (0.0345023, 0.118714, 0.21481)

Position: (0.605669, 0.0830736, -1.01156)
Size: (0.197372, 0.212931, 0.282169)

