Position: (-0.770838, 0.809384, 1.11394)
Size: (0.26144, 0.238021, 0.208156)

Position: (0.252085, -1.19952, -0.801002)
Size: (0.262946, 0.11429, 0.091372)

Position: (-0.83643, -0.371753, 1.27637)
Size: (0.0734094, 0.0117219, 0.236727)

Position: (0.68015, 0.475247, 1.32704)
Size: (0.294358, 0.0426806, 0.133203)

Position: (0.384783, -1.40153, 1.28602)
Size: (0.125229, 0.111845, 0.175426)

Position: (0.549946, 0.217351, -0.716723)
Size: (0.294435, 0.209642, 0.191559)

Position: (0.602854, -0.766134, -1.15009)
Size: (0.210501, 0.193198, 0.239706)

Position: (-0.989521, 0.699956, -1.03393)
Size: (0.0617288, 0.242198, 0.274817)

Position: (-0.416408, 0.246581, 1.18915)
Size: (0.181665, 0.0576356, 0.256785)

Position: (-0.852712, -0.773372, 0.86063)
Size: (0.289421, 0.17063, 0.0772052)

Position: (1.34353, -1.45443, -1.25308)
Size: (0.0823663, 0.0196996, 0.0154789)

Position: (0.419122, -1.29596, 0.436339)
Size: (0.26448, 0.213714, 0.00637525)

Position: (1.06651, 0.137258, 1.03013)
Size: (0.22115, 0.0656842, 0.04184)

Position: (0.206468, -1.32854, 1.15615)
Size: (0.0251048, 0.207549, 0.0427376)

Position: (1.43272, -0.539326, -1.47071)
Size: (0.225465, 0.0274566, 0.284099)

Position: (-0.69843, 0.213722, 0.166264)
Size: (0.149057, 0.011106, 0.217135)

