Position: (1.09842, -0.307562, 0.895048)
Size: (0.214351, 0.0302287, 0.0864431)

Position: (-0.333257, -0.161158, -0.941986)
Size: (0.201949, 0.147301, 0.0316406)

Position: (-1.21095, -0.428901, -0.140606)
Size: (0.0435779, 0.260834, 0.0871701)

Position: (0.493763, 0.843262, -1.17192)
Size: (0.288198, 0.245279, 0.0989388)

Position: (-0.324846, 0.0883419, 0.0266815)
Size: (0.258287, 0.248053, 0.107256)

Position: (-0.229791, 0.157831, -0.517554)
Size: (0.173924, 0.0656357, 0.0238449)

Position: (0.315752, -0.731873, 0.423816)
Size: (0.106114, 0.16825, 0.192813)

Position: (-1.34773, -0.249051, 1.13231)
Size: (0.0799114, 0.175538, 0.119964)

Position: (1.10426, 1.2334, -0.139469)
Size: (0.138764, 0.217506, 0.241168)

Position: (-1.11737, 0.342326, -1.2716)
Size: (0.0950776, 0.0863266, 0.219381)

Position: (-0.720773, -0.443306, 0.0759931)
Size: (0.2279, 0.186396, 0.149658)

Position: (-0.962389, 0.59027, -0.51937)
Size: (0.141062, 0.0810621, 0.249263)

Position: (-0.290653, -0.53602, 0.0804013)
Size: (0.266532, 0.129531, 0.0261126)

Position: (-0.821905, -0.131255, -0.167647)
Size: (0.121628, 0.26808, 0.0824946)

Position: (0.603813, -0.749785, -0.884471)
Size: (0.0786292, 0.202523, 0.139885)

Position: (0.881549, 0.898914, -0.208752)
Size: (0.156023, 0.170294, 0.153651)

