Position: (-0.999007, 0.492691, -0.763056)
Size: (0.299714, 0.089336, 0.253507)

Position: (0.140712, 1.37637, 0.13279)
Size: (0.0481316, 0.0859763, 0.121948)

Position: (0.727434, -0.854469, -0.0271868)
Size: (0.242938, 0.221971, 0.006137)

Position: (-0.146478, 0.158183, 1.13755)
Size: (0.0775628, 0.237667, 0.09947)

Position: (1.43809, 0.262862, -0.810217)
Size: (0.0689442, 0.131196, 0.154796)

Position: (-0.355107, -0.121826, 1.40373)
Size: (0.0188868, 0.190662, 0.242335)

Position: (0.122481, 1.09141, -0.0350843)
Size: (0.175746, 0.199462, 0.193539)

Position: (0.182164, 1.20373, -0.266882)
Size: (0.0954603, 0.0919652, 0.14717)

Position: (1.41563, 1.29967, 0.95864)
Size: (0.221464, 0.200807, 0.12952)

Position: (-0.0429539, 0.757891, 0.789145)
Size: (0.254358, 0.0319888, 0.189922)

Position: (-1.3559, 0.597646, 0.905327)
Size: (0.244866, 0.219176, 0.200586)

Position: (-0.622363, 1.23537, -1.34678)
Size: (0.202886, 0.251035, 0.0916261)

Position: (0.362461, 1.0818, -0.148666)
Size: (0.0404722, 0.0901228, 0.288157)

Position: (-1.399, 1.05424, 1.44889)
Size: (0.0456624, 0.00561139, 0.0518933)

Position: (0.289362, -1.17699, 0.852991)
Size: (0.136081, 0.225508, 0.103482)

Position: (-0.550485, 0.944733, -1.43437)
Size: (0.0196736, 0.115161, 0.0548008)

