Position: (-0.158863, 0.959081, -0.0308386)
Size: (0.0661192, 0.0566417, 0.106333)

Position: (0.629749, -1.43099, 0.0226107)
Size: (0.0790362, 0.231052, 0.0263566)

Position: (0.618422, 1.12214, 0.118254)
Size: (0.185901, 0.238369, 0.161658)

Position: (-0.768581, -1.20569, -0.172684)
Size: (0.0559871, 0.0308162, 0.255358)

Position: (-0.266653, -0.939348, 1.13984)
Size: (0.270051, 0.268053, 0.0261138)

Position: (-0.496501, -1.15529, 0.311876)
Size: (0.292304, 0.0611149, 0.0654668)

Position: (1.30018, 0.0334825, -1.19083)
Size: (0.013085, 0.0561472, 0.110622)

Position: (1.29789, 1.14745, 0.316515)
Size: (0.0513601, 0.196359, 0.14652)

Position: (0.546841, -0.357979, -0.904607)
Size: (0.171466, 0.247806, 0.24521)

Position: (-0.489213, -0.281112, 1.05163)
Size: (0.119685, 0.00430656, 0.226672)

Position: (1.00102, -1.23458, -0.399656)
Size: (0.0893326, 0.0854908, 0.0228568)

Position: (-0.581032, 1.2072, 0.233053)
Size: (0.270701, 0.219969, 0.185271)

Position: (1.41014, -0.797336, -0.447435)
Size: (0.283289, 0.26034, 0.0707054)

Position: (-1.34997, -0.348128, 0.704831)
Size: (0.0455136, 0.0463498, 0.0277038)

Position: (0.751076, -1.04387, -0.615844)
Size: (0.0386677, 0.0448571, 0.243348)

Position: (-1.16819, 1.25529, -0.644817)
Size: (0.0736327, 0.215043, 0.26397)

