Position: (1.3145, 0.841014, 0.40152)
Size: (0.0201295, 0.124363, 0.176444)

Position: (0.985573, -0.444004, -0.981329)
Size: (0.0384861, 0.0971149, 0.153436)

Position: (-1.29193, -0.801498, -0.51559)
Size: (0.10746, 0.089025, 0.167675)

Position: (-1.3288, 0.95653, 1.43373)
Size: (0.206943, 0.294951, 0.011644)

Position: (0.352187, 0.641535, -0.809261)
Size: (0.124712, 0.170861, 0.243476)

Position: (0.46302, 0.107865, -0.0165661)
Size: (0.0750862, 0.156124, 0.00083641)

Position: (0.265076, -0.663538, -0.0890145)
Size: (0.0174554, 0.269318, 0.232274)

Position: (1.27246, -1.07929, -0.672502)
Size: (0.185469, 0.0970837, 0.159749)

Position: (-1.07011, 0.893467, 1.29612)
Size: (0.202461, 0.0164479, 0.11584)

Position: (0.564271, -0.129017, 1.25415)
Size: (0.274748, 0.188761, 0.163799)

Position: (-0.938066, 0.468933, 1.2421)
Size: (0.240894, 0.129556, 0.0104933)

Position: (-0.296038, -0.742033, 0.98964)
Size: (0.170873, 0.0751838, 0.0127392)

Position: (-1.14559, -1.27972, 0.973289)
Size: (0.0902246, 0.0795923, 0.213312)

Position: (0.0461557, 0.149542, 0.911573)
Size: (0.1225, 0.14626, 0.256206)

Position: (-0.442504, 1.34817, -0.863371)
Size: (0.210989, 0.265444, 0.190334)

Position: (0.926202, 0.472013, 0.764801)
Size: (0.290558, 0.147966, 0.231579)

