Position: (-1.30484, 1.23456, 1.2783)
Size: (0.13626, 0.0219752, 0.246904)

Position: (0.11486, -0.176272, -0.166964)
Size: (0.0730879, 0.297552, 0.0315303)

Position: (-0.0631999, 1.29315, 0.873239)
Size: (0.213892, 0.16951, 0.0780107)

Position: (-1.40843, -0.125413, -0.648611)
Size: (0.0255315, 0.0943032, 0.0673464)

Position: (-1.02426, -1.00145, 1.25793)
Size: (0.0863908, 0.276384, 0.173887)

Position: (-1.06981, 1.23308, -1.10185)
Size: (0.184811, 0.0625601, 0.109494)

Position: (-0.677225, -0.38149, 0.188273)
Size: (0.046963, 0.210022, 0.047998)

Position: (0.605297, -0.0591048, -1.30599)
Size: (0.268405, 0.283624, 0.0539831)

Position: (-0.342436, 0.457763, 0.447989)
Size: (0.155824, 0.0632985, 0.133691)

Position: (-0.693871, 1.06873, -0.979575)
Size: (0.0985896, 0.216491, 0.108384)

Position: (1.24998, 0.352412, 0.58795)
Size: (0.0494177, 0.032664, 0.202651)

Position: (-0.157293, 0.389865, -0.360191)
Size: (0.0969298, 0.015278, 0.0687151)

Position: (0.875693, 0.767064, -0.687962)
Size: (0.235776, 0.165154, 0.0315999)

Position: (1.14357, -0.358674, 1.44994)
Size: (0.0895036, 0.247953, 0.171668)

Position: (-0.376932, -0.940641, -0.195893)
Size: (0.235671, 0.0508321, 0.260544)

Position: (0.00499452, -0.886232, 0.101158)
Size: (0.154057, 0.156548, 0.267174)

