Position: (-0.573744, -1.35091, 0.387064)
Size: (0.0554615, 0.174381, 0.0588162)

Position: (0.233167, 0.00570604, -0.212984)
Size: (0.227539, 0.0714282, 0.0201909)

Position: (0.334242, -0.0198152, -1.45646)
Size: (0.149392, 0.173611, 0.199935)

Position: (-0.40761, -0.556212, -1.49241)
Size: (0.0527497, 0.125272, 0.265246)

Position: (1.40274, 0.84156, 0.323204)
Size: (0.0849061, 0.252052, 0.106204)

Position: (-1.3018, 1.33815, -1.35788)
Size: (0.182374, 0.254766, 0.277823)

Position: (-0.610454, -0.75758, -1.07126)
Size: (0.15265, 0.0145411, 0.0408042)

Position: (0.889292, 0.892436, -0.466834)
Size: (0.264123, 0.22984, 0.282468)

Position: (1.16784, 0.951285, 0.830575)
Size: (0.0997314, 0.293287, 0.20547)

Position: (1.2565, -0.304156, -0.94684)
Size: (0.106559, 0.182809, 0.235166)

Position: (0.406064, -0.618296, -0.190182)
Size: (0.184763, 0.0331879, 0.202557)

Position: (0.193896, -0.00754308, 1.02341)
Size: (0.156526, 0.0678082, 0.182523)

Position: (0.0110917, -1.34739, 0.242)
Size: (0.0216137, 0.0447208, 0.12963)

Position: (0.0701411, -0.93383, -0.478607)
Size: (0.105664, 0.260491, 0.0711899)

Position: (1.2609, -0.609447, -1.25255)
Size: (0.253599, 0.208069, 0.0101971)

Position: (-0.284275, -1.0856, -0.118767)
Size: (0.291164, 0.263736, 0.0223767)

