Position: (0.59911, -0.487934, 0.974314)
Size: (0.141738, 0.199726, 0.0738363)

Position: (1.21143, 0.369301, 1.17528)
Size: (0.14611, 0.20602, 0.278836)

Position: (-0.245236, -1.46583, -1.15129)
Size: (0.206133, 0.18584, 0.202501)

Position: (-0.787561, -1.4938, -0.487758)
Size: (0.151789, 0.0877186, 0.106784)

Position: (-0.0996476, 1.21938, 0.540371)
Size: (0.254941, 0.103386, 0.224923)

Position: (-0.118648, 1.06724, 0.342901)
Size: (0.055798, 0.19174, 0.227491)

Position: (-1.25408, 0.427874, 0.0981198)
Size: (0.161301, 0.0338427, 0.265314)

Position: (-1.15096, 1.37623, -0.962664)
Size: (0.139528, 0.265893, 0.0941684)

Position: (0.314963, 0.925799, 1.11503)
Size: (0.219441, 0.176157, 0.285556)

Position: (-0.00650727, -1.16775, 1.2297)
Size: (0.0532478, 0.113356, 0.23187)

Position: (-0.344459, 0.357088, -0.668507)
Size: (0.254608, 0.248547, 0.0687623)

Position: (-0.836076, -1.27873, -1.30694)
Size: (0.263551, 0.161694, 0.0422529)

Position: (-0.707017, -1.22925, -0.186392)
Size: (0.148799, 0.102582, 0.0423376)

Position: (0.76619, 0.568048, -1.34445)
Size: (0.263179, 0.250441, 0.00270614)

Position: (1.43305, 0.499002, 0.433397)
Size: (0.0372553, 0.167466, 0.193435)

Position: (0.195853, 0.967424, -0.268425)
Size: (0.280042, 0.171615, 0.217267)

