Position: (-1.09247, -0.320392, -1.49503)
Size: (0.147856, 0.0539258, 0.0587335)

Position: (-0.0498425, 1.18738, -1.38435)
Size: (0.0894624, 0.0110535, 0.29371)

Position: (0.521426, 0.639072, -0.835704)
Size: (0.185788, 0.0209001, 0.118156)

Position: (-0.928662, -0.638251, -0.149951)
Size: (0.189249, 0.0523389, 0.252963)

Position: (0.44297, 1.01117, -0.0420406)
Size: (0.254552, 0.278883, 0.295393)

Position: (1.40249, -1.4722, -0.716202)
Size: (0.0947343, 0.119782, 0.151694)

Position: (-1.4506, 0.53713, -1.11414)
Size: (0.0969359, 0.19219, 0.279547)

Position: (0.839079, -0.408123, -1.19129)
Size: (0.19727, 0.242485, 0.00333083)

Position: (-0.391039, -1.30596, -0.657261)
Size: (0.0334716, 0.100763, 0.215774)

Position: (0.840646, -0.474522, 0.779414)
Size: (0.0742534, 0.113486, 0.182013)

Position: (0.201377, 0.157098, 0.0662367)
Size: (0.295056, 0.0357844, 0.198249)

Position: (-0.647065, -0.399598, -0.186255)
Size: (0.168028, 0.231738, 0.270711)

Position: (-0.918934, -0.514567, -0.989783)
Size: (0.132003, 0.0025222, 0.214111)

Position: (1.14682, 0.355307, 0.787273)
Size: (0.0465699, 0.0691573, 0.0511709)

Position: (-1.00297, 0.676374, -0.255596)
Size: (0.172023, 0.167512, 0.0790783)

Position: (-1.37517, -0.567926, 0.432645)
Size: (0.245625, 0.176284, 0.0201121)

