Position: (-0.0776822, 0.0290211, 1.17181)
Size: (0.283738, 0.24213, 0.142415)

Position: (-0.790428, 1.32858, 0.627097)
Size: (0.204526, 0.194343, 0.196738)

Position: (-0.161725, -1.06336, 0.358534)
Size: (0.113491, 0.0424869, 0.173509)

Position: (0.571963, -0.571011, 0.257712)
Size: (0.0452769, 0.138944, 0.146367)

Position: (-0.513347, -0.103452, -0.751043)
Size: (0.293332, 0.191959, 0.252617)

Position: (1.45284, 1.32941, 0.877791)
Size: (0.0490243, 0.0647261, 0.0437547)

Position: (-1.35304, -0.973271, -0.864288)
Size: (0.0525881, 0.246843, 0.174397)

Position: (-1.11372, 0.362406, 1.26941)
Size: (0.185453, 0.191685, 0.0398678)

Position: (-0.929257, -1.16395, -0.51338)
Size: (0.143793, 0.10946, 0.297054)

Position: (-1.29669, -0.441578, -1.42715)
Size: (0.0783495, 0.0869414, 0.198119)

Position: (-0.641743, -0.779294, 0.644455)
Size: (0.0755359, 0.21585, 0.188631)

Position: (-0.879653, 1.37165, 0.765173)
Size: (0.0560005, 0.274465, 0.041511)

Position: (0.277223, -1.36443, -0.881303)
Size: (0.203186, 0.0639148, 0.0505607)

Position: (0.330338, -1.06994, -1.30983)
Size: (0.0588681, 0.224417, 0.247853)

Position: (-0.0302965, 1.01217, 0.484125)
Size: (0.273737, 0.150065, 0.178107)

Position: (-0.099994, 1.17168, 0.710662)
Size: (0.0732958, 0.0871429, 0.0154551)

