Position: (-0.153064, 0.0417488, 0.00515959)
Size: (0.078784, 0.0698412, 0.221884)

Position: (-1.00273, -0.971433, -0.0298434)
Size: (0.221714, 0.183345, 0.146378)

Position: (0.698234, -1.45084, -1.3681)
Size: (0.189124, 0.148282, 0.0460297)

Position: (-1.11833, 0.195728, 1.46279)
Size: (0.136822, 0.0844751, 0.252734)

Position: (-1.41223, 0.757729, 1.30814)
Size: (0.0503239, 0.281232, 0.104855)

Position: (0.0621769, -1.02732, -1.46527)
Size: (0.0721731, 0.163446, 0.292368)

Position: (-1.006, -0.159885, -1.00039)
Size: (0.208306, 0.205611, 0.285179)

Position: (-0.204085, 0.882185, 0.744307)
Size: (0.187245, 0.0132431, 0.0962669)

Position: (-0.339692, 1.27112, -0.98496)
Size: (0.251185, 0.205114, 0.0272451)

Position: (0.889978, -0.581679, 1.02092)
Size: (0.0489297, 0.237189, 0.230305)

Position: (1.0416, -1.05648, 1.26505)
Size: (0.205857, 0.296151, 0.259295)

Position: (0.124045, 0.897423, 1.08402)
Size: (0.0273675, 0.159206, 0.0263544)

Position: (-0.0878358, -0.0335956, 1.01971)
Size: (0.095113, 0.289753, 0.236661)

Position: (1.48794, -0.559397, -1.19507)
Size: (0.193789, 0.00634647, 0.0602634)

Position: (0.416478, -1.08334, 0.224604)
Size: (0.0614159, 0.191608, 0.119361)

Position: (0.593375, -1.32886, -1.4738)
Size: (0.0459463, 0.0963985, 0.157342)

