Position: (0.154087, -1.41927, 0.0578927)
Size: (0.107017, 0.0641588, 0.0950088)

Position: (0.846386, 0.0505012, 0.362479)
Size: (0.21496, 0.0641985, 0.0662811)

Position: (-0.240274, 0.163122, -0.346206)
Size: (0.266667, 0.0227175, 0.168518)

Position: (-0.917766, -0.987927, 0.327444)
Size: (0.287292, 0.142238, 0.280533)

Position: (0.72632, -1.2576, -0.611081)
Size: (0.102669, 0.269963, 0.134019)

Position: (-1.27348, -1.1632, 1.04369)
Size: (0.0370531, 0.0733496, 0.0974036)

Position: (-0.126115, 0.461577, 1.23592)
Size: (0.114601, 0.12806, 0.24926)

Position: (-1.30408, 0.523199, 0.595995)
Size: (0.11165, 0.101615, 0.277888)

Position: (0.937553, 1.43373, 0.494292)
Size: (0.147641, 0.224124, 0.0650485)

Position: (1.10693, 1.37152, -0.763171)
Size: (0.053598, 0.256262, 0.103365)

Position: (1.30755, -0.934536, 0.542037)
Size: (0.165269, 0.137689, 0.13852)

Position: (-1.10872, -1.33336, 1.1545)
Size: (0.0502423, 0.204184, 0.0793826)

Position: (-1.1133, 1.25356, -0.269605)
Size: (0.151707, 0.242001, 0.178514)

Position: (1.32136, 0.0667865, -0.365479)
Size: (0.00312459, 0.0310948, 0.212955)

Position: (0.700493, 0.702949, 0.729086)
Size: (0.254443, 0.133985, 0.0515587)

Position: (0.378189, 1.45278, 0.256001)
Size: (0.292953, 0.286408, 0.113645)

