Position: (-0.677666, -0.258156, 0.564098)
Size: (0.19321, 0.296339, 0.213782)

Position: (-0.393701, -0.726076, 0.296649)
Size: (0.0012267, 0.20492, 0.297894)

Position: (-1.48554, -0.322418, -0.937937)
Size: (0.285578, 0.0790496, 0.0494148)

Position: (1.20703, -0.263075, 0.188544)
Size: (0.197791, 0.182667, 0.183365)

Position: (0.866521, -0.13544, -1.30135)
Size: (0.143209, 0.118309, 0.154377)

Position: (-0.957477, -0.746137, -0.648675)
Size: (0.248907, 0.297507, 0.0192721)

Position: (1.00211, -0.900424, -0.357018)
Size: (0.288762, 0.276153, 0.212181)

Position: (-0.564197, -0.807695, -0.972818)
Size: (0.013606, 0.126635, 0.269602)

Position: (0.348168, -0.726854, -0.451071)
Size: (0.106062, 0.246368, 0.121708)

Position: (-0.611234, -0.425453, -0.843662)
Size: (0.220445, 0.0760997, 0.201331)

Position: (1.25043, -0.77447, -0.0814381)
Size: (0.288203, 0.0588144, 0.165525)

Position: (0.787241, -0.342884, -0.467317)
Size: (0.2409, 0.165916, 0.11192)

Position: (-0.276439, 1.37609, 0.431721)
Size: (0.169829, 0.211699, 0.174651)

Position: (1.36606, 0.214601, 0.894026)
Size: (0.257117, 0.223202, 0.115655)

Position: (-1.181, 0.238289, 1.31537)
Size: (0.0170372, 0.00408689, 0.0310388)

Position: (-1.06317, -0.478429, -1.38711)
Size: (0.127545, 0.106362, 0.0692231)

