Position: (0.491097, 0.229755, 1.49175)
Size: (0.0960661, 0.219153, 0.170942)

Position: (-0.0176719, -0.6393, -1.12574)
Size: (0.191547, 0.171814, 0.0125214)

Position: (-0.251279, -0.196734, -0.404578)
Size: (0.106603, 0.178853, 0.0778069)

Position: (-0.513876, 0.695864, 0.99052)
Size: (0.0042818, 0.292442, 0.0232983)

Position: (-0.793893, 0.782462, 0.403862)
Size: (0.182918, 0.26964, 0.29536)

Position: (-1.40208, 0.228203, -0.328973)
Size: (0.229573, 0.13724, 0.154645)

Position: (-0.954497, -0.390534, -0.898174)
Size: (0.229972, 0.0912886, 0.0429326)

Position: (0.658783, -1.23852, 0.904222)
Size: (0.266841, 0.263778, 0.0801101)

Position: (0.457354, 1.06274, 1.10482)
Size: (0.125593, 0.172866, 0.0883505)

Position: (-1.343, -0.186143, -1.36965)
Size: (0.11697, 0.125938, 0.184973)

Position: (0.635322, -0.48943, 1.21309)
Size: (0.23092, 0.281063, 0.229165)

Position: (-0.889516, 0.903565, -1.114)
Size: (0.0863036, 0.232996, 0.112726)

Position: (0.69714, 0.878771, -0.149064)
Size: (0.0263314, 0.109425, 0.273671)

Position: (-1.10952, 0.590264, -1.05286)
Size: (0.0709147, 0.225767, 0.254711)

Position: (0.708943, 1.46991, -0.755236)
Size: (0.134898, 0.25601, 0.128732)

Position: (1.43698, 1.28725, -0.0344263)
Size: (0.233944, 0.229287, 0.160786)

