Position: (1.23912, 0.305047, -0.995064)
Size: (0.0696087, 0.24854, 0.0033173)

Position: (0.931817, -0.64764, 0.143959)
Size: (0.0539878, 0.2131, 0.255973)

Position: (1.03602, -0.526214, 0.291164)
Size: (0.198104, 0.247474, 0.150953)

Position: (-0.506597, -1.31253, -1.46941)
Size: (0.267214, 0.0428207, 0.00482003)

Position: (-1.01137, 1.00209, 1.3358)
Size: (0.167134, 0.214373, 0.296904)

Position: (-1.11509, -0.981619, 0.940894)
Size: (0.00201255, 0.00869495, 0.275034)

Position: (0.158974, -0.439606, -1.29942)
Size: (0.27732, 0.127517, 0.20936)

Position: (0.588908, 1.012, 1.23845)
Size: (0.0566471, 0.276725, 0.070992)

Position: (-1.06511, 1.00767, 0.949447)
Size: (0.0902493, 0.0943273, 0.0215403)

Position: (-1.19384, -0.940161, -0.661668)
Size: (0.0502126, 0.293887, 0.00721314)

Position: (1.2106, -1.38365, 0.101258)
Size: (0.239154, 0.287452, 0.0762576)

Position: (-0.850382, 0.32311, -0.101846)
Size: (0.146825, 0.136831, 0.185435)

Position: (1.00298, 0.929326, -0.0463657)
Size: (0.248329, 0.128384, 0.0990685)

Position: (1.08535, 1.26048, 0.556289)
Size: (0.0945871, 0.234778, 0.0727798)

Position: (0.99016, -1.38968, 0.836615)
Size: (0.233639, 0.265257, 0.0378847)

Position: (-1.40322, -0.352999, 0.637144)
Size: (0.194881, 0.242041, 0.0915358)

