Position: (-1.42747, -1.13909, -0.144715)
Size: (0.11282, 0.101048, 0.297427)

Position: (0.604484, -1.15877, -0.313702)
Size: (0.0870396, 0.0177002, 0.187764)

Position: (0.270188, 1.13923, 0.467325)
Size: (0.0401401, 0.137301, 0.275163)

Position: (-1.49232, 1.39476, -0.77463)
Size: (0.158498, 0.289191, 0.253358)

Position: (-0.16497, 0.140835, 0.473556)
Size: (0.247753, 0.114717, 0.274263)

Position: (0.532766, -0.266624, -0.804039)
Size: (0.178793, 0.295391, 0.117136)

Position: (-0.677574, -0.258462, 0.872615)
Size: (0.12459, 0.240985, 0.0136919)

Position: (-0.867944, -1.30846, 1.32749)
Size: (0.27657, 0.0839857, 0.260994)

Position: (0.301336, -0.349596, 0.0932245)
Size: (0.176492, 0.264995, 0.234463)

Position: (-1.0388, -0.804035, 1.32746)
Size: (0.237139, 0.037595, 0.241734)

Position: (-1.072, -0.692542, -1.39942)
Size: (0.0998589, 0.218266, 0.118547)

Position: (-1.28894, 1.2942, -0.477912)
Size: (0.283827, 0.159177, 0.187213)

Position: (-0.684514, 1.04636, -0.214512)
Size: (0.224689, 0.229443, 0.0988375)

Position: (1.1488, -0.275981, -0.820816)
Size: (0.21117, 0.12747, 0.129282)

Position: (-0.269779, 0.680157, -0.949844)
Size: (0.0675575, 0.175563, 0.205493)

Position: (-1.10583, 0.385767, 1.1893)
Size: (0.264564, 0.281275, 0.121031)

