Position: (-0.972854, -0.0675017, 1.07311)
Size: (0.256077, 0.120763, 0.0740438)

Position: (-1.2341, 1.26216, 1.17798)
Size: (0.170605, 0.212292, 0.2766)

Position: (0.807203, -0.0612731, 1.21251)
Size: (0.165497, 0.0525833, 0.251298)

Position: (0.275954, -0.628804, 0.744605)
Size: (0.177962, 0.0476774, 0.159239)

Position: (1.1119, -1.09965, 0.315849)
Size: (0.0967953, 0.135352, 0.0654693)

Position: (-0.0220018, -0.224548, -0.770151)
Size: (0.151089, 0.0422225, 0.259234)

Position: (-0.690057, -1.27142, 0.109742)
Size: (0.283303, 0.0408388, 0.0791387)

Position: (-0.504089, 1.3583, -0.688093)
Size: (0.220585, 0.0998311, 0.205677)

Position: (1.41633, -0.186999, 1.37666)
Size: (0.215619, 0.0633026, 0.0394624)

Position: (-0.906897, -1.01702, -0.906457)
Size: (0.066142, 0.23181, 0.0338504)

Position: (-0.136351, 0.285253, -0.923293)
Size: (0.0708574, 0.0752835, 0.289619)

Position: (0.842421, -0.621294, 0.85596)
Size: (0.154147, 0.199622, 0.227444)

Position: (1.32828, -1.36331, 0.0132228)
Size: (0.162679, 0.263347, 0.219107)

Position: (0.453574, -0.116881, 1.10501)
Size: (0.173569, 0.288501, 0.0730456)

Position: (-1.42299, -0.941095, -1.32307)
Size: (0.271332, 0.185226, 0.0354464)

Position: (0.548818, -0.432165, 1.2675)
Size: (0.245735, 0.0749155, 0.251216)

