Position: (1.46444, 0.193703, -0.0634158)
Size: (0.21845, 0.09296, 0.294661)

Position: (0.292213, 0.466918, 0.81876)
Size: (0.193988, 0.260821, 0.00135755)

Position: (1.02801, -1.0319, 0.181905)
Size: (0.211689, 0.115756, 0.0899108)

Position: (0.686123, 1.18839, -0.984977)
Size: (0.290874, 0.27115, 0.123198)

Position: (0.331172, 1.22514, 1.08685)
Size: (0.0756324, 0.204726, 0.232695)

Position: (-0.969439, 1.27455, 1.39849)
Size: (0.0263518, 0.129895, 0.180216)

Position: (-0.149613, -1.32052, 0.865569)
Size: (0.298479, 0.0832476, 0.027348)

Position: (1.0001, -0.330543, -1.2469)
Size: (0.0568027, 0.123322, 0.19169)

Position: (-1.19866, 1.34384, -0.645245)
Size: (0.202009, 0.201137, 0.232347)

Position: (1.49314, -0.250711, 0.980773)
Size: (0.2055, 0.174771, 0.0733084)

Position: (-0.771864, -0.600276, 0.567693)
Size: (0.0641129, 0.21497, 0.178682)

Position: (-0.0631797, -0.311073, -0.163698)
Size: (0.00958734, 0.0210825, 0.161449)

Position: (-0.851666, 0.908988, 0.937514)
Size: (0.214539, 0.208983, 0.253206)

Position: (-0.287647, -0.420695, 1.10858)
Size: (0.229862, 0.018323, 0.0163515)

Position: (-0.294923, -1.29516, 0.312774)
Size: (0.164532, 0.232077, 0.0880038)

Position: (0.518693, 1.3465, -0.900963)
Size: (0.0182725, 0.191578, 0.0990881)

