Position: (0.923079, -0.658449, 1.24223)
Size: (0.212854, 0.218896, 0.179137)

Position: (0.478855, -1.36369, 0.0112117)
Size: (0.28124, 0.0946696, 0.0615391)

Position: (0.281546, -0.436585, 0.39384)
Size: (0.0985791, 0.0208927, 0.0596324)

Position: (0.96219, -0.213643, 0.612007)
Size: (0.22883, 0.167682, 0.252006)

Position: (-1.18608, 0.39314, -1.3963)
Size: (0.211588, 0.203053, 0.196954)

Position: (1.4402, 1.10186, 0.0545814)
Size: (0.00402775, 0.169872, 0.22804)

Position: (-0.997575, 0.298636, 1.4252)
Size: (0.273863, 0.140778, 0.161529)

Position: (-0.952712, 0.815761, -1.37949)
Size: (0.0971068, 0.0324214, 0.181968)

Position: (-1.01726, -0.154237, -0.0480714)
Size: (0.0305037, 0.0850988, 0.143532)

Position: (-0.875281, -0.270105, 0.484615)
Size: (0.186772, 0.0939375, 0.0608996)

Position: (-1.31038, 0.584253, -0.732965)
Size: (0.246798, 0.152733, 0.197817)

Position: (-1.03866, 1.02754, -0.949735)
Size: (0.00979077, 0.140698, 0.0737957)

Position: (-0.768504, -0.702967, -0.16391)
Size: (0.272986, 0.0277199, 0.18227)

Position: (0.0730611, -0.289078, 1.1623)
Size: (0.258662, 0.193145, 0.0768461)

Position: (-0.0673636, -0.957131, 1.08105)
Size: (0.0878028, 0.282037, 0.125191)

Position: (-1.1384, -1.22707, 0.465959)
Size: (0.205354, 0.248828, 0.219371)

