Position: (-0.734057, 0.529607, 1.09723)
Size: (0.0113096, 0.101551, 0.109768)

Position: (0.387596, 0.846846, 0.508305)
Size: (0.036504, 0.060021, 0.0560291)

Position: (0.0113352, -1.24247, 0.714017)
Size: (0.100523, 0.217931, 0.261629)

Position: (1.0141, -1.43514, -0.106701)
Size: (0.172544, 0.0684551, 0.161004)

Position: (-0.0398938, 1.41301, -1.3136)
Size: (0.104167, 0.109966, 0.111557)

Position: (-0.928599, 0.746814, 0.129149)
Size: (0.162921, 0.0680526, 0.284211)

Position: (0.139394, 1.01716, 0.092193)
Size: (0.0420119, 0.221255, 0.154975)

Position: (-0.782785, -1.3441, 0.147531)
Size: (0.0619322, 0.0122194, 0.127789)

Position: (1.2054, 0.225274, 1.38517)
Size: (0.00213853, 0.20023, 0.29559)

Position: (1.15957, 0.109462, 1.03541)
Size: (0.0875879, 0.0866152, 0.229228)

Position: (-0.939987, 0.369522, 0.711411)
Size: (0.165831, 0.158316, 0.220865)

Position: (0.924061, -0.137117, 0.593936)
Size: (0.162733, 0.250881, 0.192369)

Position: (1.45882, 0.0864104, 0.960176)
Size: (0.114923, 0.231528, 0.0042884)

Position: (-1.44325, -0.248154, -0.328861)
Size: (0.262138, 0.212331, 0.208384)

Position: (-1.46023, 0.356652, -0.568875)
Size: (0.238308, 0.187361, 0.207554)

Position: (0.78352, -0.945395, -0.0312921)
Size: (0.00903893, 0.0134112, 0.220941)

