Position: (-0.343451, -0.467425, 1.40961)
Size: (0.261356, 0.163677, 0.071361)

Position: (0.789289, 1.13522, -0.868769)
Size: (0.0366022, 0.0731494, 0.0585905)

Position: (-1.0948, -1.12805, 0.299585)
Size: (0.115121, 0.0395816, 0.09495)

Position: (0.45452, 0.83696, 0.494706)
Size: (0.052098, 0.264977, 0.130686)

Position: (-0.584306, 0.966805, 0.134468)
Size: (0.0447303, 0.0852447, 0.0430236)

Position: (-0.0345128, -0.206296, 0.367585)
Size: (0.138225, 0.0616719, 0.208312)

Position: (0.193511, 0.730743, -1.05634)
Size: (0.212281, 0.294146, 0.124152)

Position: (0.0837592, -0.900998, -0.0787171)
Size: (0.260518, 0.204949, 0.223476)

Position: (1.07378, -0.0599648, 0.897022)
Size: (0.281621, 0.195475, 0.0319658)

Position: (-1.25598, -1.16364, 0.551433)
Size: (0.243491, 0.0405689, 0.236553)

Position: (-1.15125, -1.30744, 1.04927)
Size: (0.161627, 0.255178, 0.175324)

Position: (-0.703228, -1.0258, 0.417512)
Size: (0.180806, 0.149437, 0.0673233)

Position: (-0.432527, -1.37929, -0.398904)
Size: (0.0186144, 0.0767528, 0.0112774)

Position: (1.06933, 0.68938, 0.214076)
Size: (0.24051, 0.132584, 0.0433973)

Position: (-0.763487, 1.37576, 0.222406)
Size: (0.274704, 0.251045, 0.149738)

Position: (-0.236589, 1.43269, -0.360782)
Size: (0.112284, 0.254514, 0.107771)

