Position: (-0.881198, -0.427685, 0.521671)
Size: (0.120291, 0.16011, 0.0322612)

Position: (1.20969, 0.35133, 0.657497)
Size: (0.145692, 0.0852154, 0.0144379)

Position: (0.709132, 0.357404, 0.561203)
Size: (0.0154087, 0.258776, 0.0955769)

Position: (-0.6297, 0.0216926, 0.238084)
Size: (0.255047, 0.0311051, 0.277549)

Position: (-0.0298107, 0.0486594, -1.32143)
Size: (0.267708, 0.212909, 0.228029)

Position: (0.104579, -0.000580553, 0.298686)
Size: (0.267465, 0.079732, 0.0772258)

Position: (-1.32871, -0.177755, -0.496012)
Size: (0.0466155, 0.298173, 0.100555)

Position: (0.118033, 0.626922, -0.67559)
Size: (0.142631, 0.192377, 0.0747271)

Position: (-0.0329386, 0.94799, 0.689656)
Size: (0.266553, 0.0839795, 0.0539175)

Position: (-1.27653, 1.37862, 1.37303)
Size: (0.203093, 0.0264935, 0.0979702)

Position: (0.277373, -0.493275, 0.990811)
Size: (0.0763257, 0.12438, 0.298103)

Position: (0.813447, 0.271364, 0.248595)
Size: (0.188295, 0.061856, 0.0318125)

Position: (1.30818, -0.078584, 1.18296)
Size: (0.169053, 0.0546821, 0.119971)

Position: (0.425375, 0.463408, 0.786683)
Size: (0.204832, 0.027493, 0.118083)

Position: (0.609386, 0.297965, 1.1981)
Size: (0.266503, 0.104774, 0.117261)

Position: (0.425744, -0.114349, -1.3429)
Size: (0.299735, 0.267898, 0.157661)

