Position: (-0.0959026, -0.127204, 0.0929582)
Size: (0.0136738, 0.0628905, 0.0223555)

Position: (0.264412, 0.867248, -1.01447)
Size: (0.125908, 0.154753, 0.00962845)

Position: (0.179908, 0.468854, -0.207698)
Size: (0.0982939, 0.0111157, 0.240532)

Position: (0.0490951, -1.12436, 1.24727)
Size: (0.265107, 0.0169894, 0.284559)

Position: (-1.49305, 1.08955, -1.44716)
Size: (0.197102, 0.0358256, 0.244361)

Position: (1.40585, 0.876886, -1.25726)
Size: (0.271484, 0.180651, 0.274694)

Position: (-0.628304, -0.349757, 1.25891)
Size: (0.00937674, 0.29301, 0.228502)

Position: (-0.373971, -0.679161, -1.31571)
Size: (0.044942, 0.0299183, 0.0669238)

Position: (-0.205748, 0.699541, 0.177707)
Size: (0.264546, 0.127018, 0.171036)

Position: (0.648527, -0.488562, 1.06791)
Size: (0.0485385, 0.228242, 0.0202108)

Position: (-1.24568, 1.46369, -1.42359)
Size: (0.207623, 0.118995, 0.0249314)

Position: (0.205297, 0.519609, -1.20027)
Size: (0.294128, 0.159483, 0.231639)

Position: (-0.175039, -0.13435, -0.445855)
Size: (0.0601592, 0.0200569, 0.0775282)

Position: (1.10204, 0.81051, -0.824093)
Size: (0.201567, 0.126151, 0.197472)

Position: (-0.622156, -0.73949, 0.0829443)
Size: (0.18796, 0.184543, 0.208313)

Position: (0.524707, 0.317721, -0.85474)
Size: (0.257333, 0.142325, 0.0446897)

