Position: (0.829937, -1.47402, -1.03139)
Size: (0.285265, 0.230316, 0.0311039)

Position: (-0.730533, -1.09514, -0.072837)
Size: (0.126406, 0.0938831, 0.150766)

Position: (1.33459, 0.626463, -0.580898)
Size: (0.131668, 0.102072, 0.0345962)

Position: (0.69325, 0.8724, -1.25259)
Size: (0.160397, 0.090765, 0.153779)

Position: (-1.27721, 0.660797, -0.0398798)
Size: (0.196373, 0.25478, 0.107601)

Position: (0.764812, -1.07659, 0.623746)
Size: (0.235854, 0.183808, 0.277982)

Position: (-0.777191, 0.917244, 0.238313)
Size: (0.128139, 0.115586, 0.0324091)

Position: (0.173437, 0.116128, 1.33586)
Size: (0.235072, 0.0553692, 0.222409)

Position: (0.945737, 1.26978, -1.05486)
Size: (0.107875, 0.0872507, 0.0623434)

Position: (-0.215427, 0.898355, 0.0421579)
Size: (0.220604, 0.0101893, 0.291949)

Position: (1.08355, -1.11022, -1.17584)
Size: (0.0715378, 0.130315, 0.0386657)

Position: (1.26262, 0.291569, -1.24367)
Size: (0.226179, 0.199855, 0.137774)

Position: (1.15318, 0.393083, -1.33579)
Size: (0.0373346, 0.157887, 0.227746)

Position: (0.80833, -1.35475, 0.0262783)
Size: (0.0381397, 0.204901, 0.116225)

Position: (0.875199, 0.038856, -0.7631)
Size: (0.000714758, 0.167848, 0.230137)

Position: (1.49773, 0.567547, -0.680026)
Size: (0.296194, 0.253965, 0.18167)

