Position: (-0.837965, -0.774462, 0.473714)
Size: (0.234532, 0.217159, 0.251326)

Position: (1.03349, -0.866669, 1.03285)
Size: (0.035076, 0.122592, 0.0506608)

Position: (0.38367, 0.793941, -1.4489)
Size: (0.0714939, 0.124162, 0.229039)

Position: (1.03094, 0.450649, -1.0759)
Size: (0.175418, 0.160744, 0.0517491)

Position: (-1.10438, 1.25384, 1.03297)
Size: (0.254926, 0.115892, 0.227917)

Position: (1.19748, -0.368983, -1.48942)
Size: (0.161559, 0.235459, 0.158286)

Position: (0.624425, -0.564328, -1.46893)
Size: (0.239221, 0.0744342, 0.219569)

Position: (0.993716, 0.616176, 0.223332)
Size: (0.090979, 0.276997, 0.232828)

Position: (1.47964, -0.369124, 0.0313726)
Size: (0.297469, 0.0554278, 0.0161277)

Position: (0.659219, -1.43233, 1.01277)
Size: (0.0493551, 0.00391243, 0.0250283)

Position: (0.0412283, 0.979379, 0.81524)
Size: (0.00876892, 0.219578, 0.0750827)

Position: (-0.599594, -1.24059, -1.1018)
Size: (0.130016, 0.247069, 0.187174)

Position: (0.645496, 1.34101, 0.699532)
Size: (0.232189, 0.155412, 0.158449)

Position: (0.730819, -1.12152, -0.790959)
Size: (0.236877, 0.0549334, 0.0361596)

Position: (-0.050539, 0.135344, -0.322616)
Size: (0.192921, 0.124896, 0.123933)

Position: (1.1882, 0.467114, -0.202258)
Size: (0.268213, 0.0823955, 0.26613)

