Position: (-0.540023, 0.601966, 1.4224)
Size: (0.230858, 0.052892, 0.179492)

Position: (0.657001, 0.630685, -1.20994)
Size: (0.287532, 0.166543, 0.299569)

Position: (0.790319, 1.36582, 0.794845)
Size: (0.0433137, 0.00491171, 0.150256)

Position: (0.593735, 0.940279, 0.867085)
Size: (0.154283, 0.277217, 0.0137223)

Position: (-0.0913266, -1.38224, 1.35477)
Size: (0.233224, 0.0625485, 0.0515139)

Position: (-0.582925, 1.4634, 1.36913)
Size: (0.29933, 0.161752, 0.0455769)

Position: (0.56355, -1.31771, -0.477955)
Size: (0.00404358, 0.282367, 0.290681)

Position: (-0.762153, 0.441109, -1.27534)
Size: (0.256213, 0.214173, 0.160943)

Position: (0.795351, -0.462952, -0.993543)
Size: (0.151577, 0.0541632, 0.144887)

Position: (-0.718549, 1.08753, 0.724317)
Size: (0.177681, 0.11694, 0.273654)

Position: (-0.888245, -1.41423, 0.766771)
Size: (0.25071, 0.145534, 0.0383028)

Position: (0.256274, -1.19175, -0.0540247)
Size: (0.260386, 0.203514, 0.0610772)

Position: (-0.127179, -0.215142, 1.04402)
Size: (0.145162, 0.0191548, 0.252138)

Position: (0.85318, 0.537956, 0.317645)
Size: (0.0466262, 0.277865, 0.122864)

Position: (1.34815, 1.14525, -0.877493)
Size: (0.171658, 0.0996769, 0.191054)

Position: (-0.566882, -0.840517, -0.776968)
Size: (0.10064, 0.198707, 0.129388)

