Position: (0.748633, 0.210246, 0.320431)
Size: (0.163812, 0.0929455, 0.160191)

Position: (-0.444458, 0.10998, -0.635545)
Size: (0.198766, 0.0680657, 0.155377)

Position: (0.490242, -0.403691, -1.08678)
Size: (0.0937578, 0.159392, 0.247392)

Position: (1.22155, 1.46685, 1.23333)
Size: (0.240705, 0.0923425, 0.18681)

Position: (1.30231, -0.392665, 0.30282)
Size: (0.180293, 0.298754, 0.176659)

Position: (0.339825, 1.22529, -0.152777)
Size: (0.186614, 0.191706, 0.0615882)

Position: (-1.48786, -0.582286, -0.935666)
Size: (0.149472, 0.250768, 0.246006)

Position: (-0.525353, 0.315251, -0.5516)
Size: (0.1777, 0.164311, 0.248068)

Position: (-1.19064, -1.31635, 1.45428)
Size: (0.19508, 0.288157, 0.190535)

Position: (0.0989815, 0.202928, -1.33357)
Size: (0.220312, 0.0689413, 0.271763)

Position: (-1.34224, 1.33903, -0.42924)
Size: (0.0222344, 0.228623, 0.150635)

Position: (0.475593, -0.848642, 0.767211)
Size: (0.0293013, 0.0712182, 0.241654)

Position: (-0.68946, 1.05938, 1.00806)
Size: (0.0665888, 0.0624765, 0.131237)

Position: (-0.223925, 0.610036, 0.653162)
Size: (0.204347, 0.141704, 0.0927949)

Position: (0.819042, 0.884685, 0.981368)
Size: (0.219882, 0.248515, 0.0792294)

Position: (1.39667, 1.46179, 0.712365)
Size: (0.193464, 0.236829, 0.257041)

