Position: (0.318212, 1.08787, 0.520848)
Size: (0.0627885, 0.176697, 0.293533)

Position: (1.19018, -0.603453, 1.26624)
Size: (0.0420673, 0.171967, 0.1595)

Position: (-0.335253, 0.821539, -0.60577)
Size: (0.025099, 0.267794, 0.130444)

Position: (-0.723958, -1.09764, -1.4014)
Size: (0.185118, 0.00627747, 0.217474)

Position: (1.45623, 0.365824, 1.44949)
Size: (0.0803473, 0.035475, 0.161047)

Position: (0.0405187, 1.32177, 1.33921)
Size: (0.283664, 0.0040919, 0.171536)

Position: (-0.960194, -1.40229, 0.115666)
Size: (0.0373672, 0.0742426, 0.112419)

Position: (1.19814, 0.584595, 1.47216)
Size: (0.261056, 0.196892, 0.276435)

Position: (1.46259, -1.39323, 0.160397)
Size: (0.0919917, 0.176752, 0.0821641)

Position: (0.945215, -1.02077, 1.44175)
Size: (0.0456634, 0.140311, 0.160854)

Position: (1.38533, -0.917417, 0.657104)
Size: (0.00235301, 0.165375, 0.210495)

Position: (0.700778, -1.1592, 0.180575)
Size: (0.0422597, 0.0702747, 0.278133)

Position: (0.999923, 0.568956, 0.907986)
Size: (0.133707, 0.0682204, 0.205736)

Position: (-1.02625, 1.30419, -0.480554)
Size: (0.083078, 0.137933, 0.135701)

Position: (0.207879, 0.571708, 1.43535)
Size: (0.207254, 0.104041, 0.187468)

Position: (-0.996719, 0.638273, -1.17889)
Size: (0.0208027, 0.0855184, 0.0132906)

