Position: (0.715302, -0.451417, -1.17663)
Size: (0.189513, 0.276324, 0.0671101)

Position: (-1.00475, -0.874333, 0.855148)
Size: (0.0349171, 0.247436, 0.144518)

Position: (1.05741, 0.575835, -0.691496)
Size: (0.00107884, 0.239315, 0.265554)

Position: (0.474405, -0.529707, 1.39701)
Size: (0.265715, 0.294231, 0.138638)

Position: (-0.366877, 0.269123, 0.872051)
Size: (0.184795, 0.0542182, 0.0356381)

Position: (0.237765, -0.355704, 0.623695)
Size: (0.0269132, 0.269684, 0.158304)

Position: (1.09407, -0.854724, -1.35246)
Size: (0.13161, 0.108298, 0.268291)

Position: (0.183493, -0.328007, -0.607371)
Size: (0.231607, 0.0526675, 0.193614)

Position: (-1.42788, 0.11501, -1.44362)
Size: (0.171955, 0.299355, 0.0431189)

Position: (0.428122, 1.1979, 0.550143)
Size: (0.220024, 0.23084, 0.221055)

Position: (-0.407886, 0.489696, 0.39036)
Size: (0.293737, 0.175831, 0.24388)

Position: (-1.43587, -1.32321, -1.0171)
Size: (0.053688, 0.139662, 0.264541)

Position: (-0.107871, 0.892014, 0.302922)
Size: (0.0191211, 0.292821, 0.0588442)

Position: (0.690092, 0.653325, 0.210135)
Size: (0.294701, 0.0101955, 0.136232)

Position: (-1.48431, -0.893271, 1.34409)
Size: (0.087625, 0.29653, 0.0207406)

Position: (-0.868818, 0.957779, -0.365027)
Size: (0.213346, 0.112687, 0.199991)

