Position: (-0.763816, 1.12276, -0.148194)
Size: (0.121504, 0.0964724, 0.164735)

Position: (-1.10504, -1.40631, -0.461977)
Size: (0.220814, 0.224328, 0.198199)

Position: (1.39678, -0.836362, 0.355253)
Size: (0.0437929, 0.253064, 0.146975)

Position: (1.49682, 0.751435, 0.639527)
Size: (0.0622615, 0.179309, 0.157664)

Position: (0.754623, -0.313542, 1.33026)
Size: (0.217074, 0.0838783, 0.0985528)

Position: (-0.552608, -1.06139, -1.37667)
Size: (0.267144, 0.192585, 0.179178)

Position: (1.22896, 1.1006, -0.0472465)
Size: (0.0649948, 0.263769, 0.185845)

Position: (0.370963, -0.656008, -0.256744)
Size: (0.227101, 0.105077, 0.164449)

Position: (-0.544559, 0.970658, 0.810927)
Size: (0.203607, 0.072891, 0.116673)

Position: (0.812621, 0.355687, -0.28794)
Size: (0.125025, 0.0325119, 0.040292)

Position: (0.90568, 1.08091, 0.631468)
Size: (0.285416, 0.00931654, 0.0431494)

Position: (0.060531, 0.562854, 1.44483)
Size: (0.265132, 0.254913, 0.266899)

Position: (0.808091, 1.12059, -0.0814868)
Size: (0.265333, 0.243158, 0.239475)

Position: (1.39849, 0.274441, -0.855207)
Size: (0.0220746, 0.28727, 0.0440077)

Position: (-1.37432, 0.399326, 0.412182)
Size: (0.230898, 0.198101, 0.0852849)

Position: (-0.735954, -0.489687, -0.515383)
Size: (0.14844, 0.229757, 0.255034)

