Position: (-0.579381, 1.08356, -1.25353)
Size: (0.280348, 0.0211257, 0.113819)

Position: (-0.502427, -0.432362, 0.493964)
Size: (0.165969, 0.00746658, 0.120775)

Position: (-0.369402, -1.46953, 0.19038)
Size: (0.28138, 0.0188993, 0.0937543)

Position: (0.651466, -0.350562, -1.21465)
Size: (0.0282014, 0.293115, 0.000925375)

Position: (-1.15147, -1.26469, 0.0712104)
Size: (0.231875, 0.157848, 0.00194417)

Position: (1.21317, 1.12878, 0.470958)
Size: (0.123723, 0.234281, 0.232863)

Position: (-1.2563, 1.37448, 0.290971)
Size: (0.0314992, 0.257425, 0.232298)

Position: (1.47065, 0.0929769, 1.03906)
Size: (0.122598, 0.0538787, 0.263833)

Position: (0.624772, -0.187391, 0.685636)
Size: (0.189448, 0.261275, 0.0360224)

Position: (0.842723, -1.39718, -0.754381)
Size: (0.00459144, 0.087062, 0.0678452)

Position: (-0.343699, 1.27549, 0.73804)
Size: (0.00539707, 0.193354, 0.197599)

Position: (0.4481, -0.695205, -0.248007)
Size: (0.082549, 0.0317462, 0.270523)

Position: (0.945563, -0.167009, 1.35003)
Size: (0.136613, 0.0841757, 0.155404)

Position: (-1.31701, -0.362318, -1.03397)
Size: (0.192381, 0.218119, 0.281447)

Position: (-0.438086, -0.48666, -0.828157)
Size: (0.179519, 0.0152991, 0.193015)

Position: (1.29896, 0.0464514, 0.00325462)
Size: (0.170703, 0.237109, 0.0437059)

