Position: (-1.37266, -0.253753, -1.45981)
Size: (0.0717045, 0.272097, 0.0636115)

Position: (-1.17778, 0.289665, -1.29861)
Size: (0.0264274, 0.0822889, 0.272731)

Position: (-0.772965, -1.1551, -0.0400927)
Size: (0.201263, 0.130696, 0.26709)

Position: (0.256185, 1.03112, 0.156582)
Size: (0.297173, 0.290424, 0.155023)

Position: (-0.568779, 0.488653, 0.519966)
Size: (0.110328, 0.246952, 0.0938636)

Position: (-0.578309, -0.832246, 1.43717)
Size: (0.0703747, 0.171759, 0.0216935)

Position: (0.477581, 1.32802, -1.25604)
Size: (0.134784, 0.163151, 0.187238)

Position: (-1.16471, -0.861368, 0.206947)
Size: (0.0623198, 0.156313, 0.289025)

Position: (-1.35628, 1.131, 0.135105)
Size: (0.23377, 0.128519, 0.186632)

Position: (0.631768, -0.0658699, -0.88823)
Size: (0.106759, 0.0769834, 0.188981)

Position: (-1.23967, -0.540966, 0.300939)
Size: (0.0424328, 0.113704, 0.237222)

Position: (-1.28939, 0.990885, -0.886058)
Size: (0.107683, 0.00342189, 0.294148)

Position: (0.734911, 0.00336002, -0.673844)
Size: (0.00418041, 0.233568, 0.2946)

Position: (0.192089, 0.228362, 0.482321)
Size: (0.167256, 0.147385, 0.0792708)

Position: (-0.155535, -0.666045, -0.500698)
Size: (0.209919, 0.228967, 0.0831869)

Position: (1.25046, -1.04237, -0.473443)
Size: (0.231327, 0.214792, 0.112821)

