Position: (-0.165366, 0.200209, 0.749016)
Size: (0.178781, 0.150391, 0.195847)

Position: (0.934377, 0.55422, -0.503176)
Size: (0.281518, 0.10933, 0.230234)

Position: (-0.0573552, 0.149116, 1.29123)
Size: (0.225896, 0.119667, 0.187659)

Position: (1.10601, -0.972159, -1.47985)
Size: (0.118106, 0.000790378, 0.201949)

Position: (0.353783, -1.14375, 1.33837)
Size: (0.230678, 0.0586508, 0.0309269)

Position: (1.29366, -0.575917, 1.35137)
Size: (0.0406173, 0.0710076, 0.286434)

Position: (0.48899, 0.861804, -0.263906)
Size: (0.107773, 0.0206067, 0.0386511)

Position: (0.575462, 1.18172, -1.07783)
Size: (0.185861, 0.119605, 0.100106)

Position: (0.718441, 0.404396, 0.727052)
Size: (0.179607, 0.187363, 0.124286)

Position: (-1.10204, -0.498706, -1.12108)
Size: (0.112952, 0.0462141, 0.265999)

Position: (-0.112041, -0.331882, -0.825118)
Size: (0.0385501, 0.00794234, 0.0883755)

Position: (1.43582, -0.42798, -0.30848)
Size: (0.0640734, 0.28908, 0.24161)

Position: (-0.228004, 0.64738, -0.400447)
Size: (0.0710985, 0.0713532, 0.294852)

Position: (-0.0276372, -1.2425, 0.522436)
Size: (0.184975, 0.140127, 0.0676025)

Position: (-1.00477, 0.686346, -0.936904)
Size: (0.226679, 0.189863, 0.0733196)

Position: (1.37306, 0.909574, 1.20411)
Size: (0.148337, 0.194498, 0.127194)

