Position: (-0.0392469, -0.571606, -0.546649)
Size: (0.14537, 0.126021, 0.289754)

Position: (0.742581, -0.710803, 0.924405)
Size: (0.22796, 0.037654, 0.0473356)

Position: (-1.27931, 0.186307, -0.137316)
Size: (0.124137, 0.253158, 0.261674)

Position: (-0.349547, -0.0193913, -0.985105)
Size: (0.203407, 0.152235, 0.103745)

Position: (-0.0132974, -0.00826691, -1.33135)
Size: (0.208689, 0.289401, 0.288879)

Position: (-1.16571, 0.440705, -0.828069)
Size: (0.174399, 0.237355, 0.157469)

Position: (1.2153, 0.634899, -0.682638)
Size: (0.166403, 0.0768574, 0.220752)

Position: (-1.24074, -0.61926, -0.874841)
Size: (0.270907, 0.191856, 0.0629456)

Position: (1.14018, -0.124979, -0.53523)
Size: (0.129028, 0.11236, 0.139222)

Position: (-0.314965, 1.48397, 0.159294)
Size: (0.261075, 0.0556145, 0.206553)

Position: (0.576908, -0.275261, -0.902623)
Size: (0.227706, 0.0313029, 0.127887)

Position: (-0.294572, -0.447629, -1.12661)
Size: (0.0431641, 0.13901, 0.143565)

Position: (-0.515297, -1.13534, 1.07033)
Size: (0.203224, 0.0270253, 0.250959)

Position: (0.663948, 1.33507, 0.982483)
Size: (0.074951, 0.20619, 0.118104)

Position: (1.48147, -0.425853, 0.705302)
Size: (0.00625187, 0.130454, 0.13353)

Position: (-0.425852, 1.22501, -0.0817061)
Size: (0.210903, 0.179419, 0.186119)

