Position: (0.759686, 0.789434, -0.439583)
Size: (0.0911346, 0.0689696, 0.171627)

Position: (-1.1364, -1.49191, -0.286669)
Size: (0.276476, 0.0346141, 0.159311)

Position: (0.0113076, 0.739838, -1.38018)
Size: (0.113733, 0.114834, 0.173436)

Position: (-1.02281, 0.258807, 0.135623)
Size: (0.234384, 0.177448, 0.254269)

Position: (-0.523418, 0.272659, 0.32386)
Size: (0.0767888, 0.225604, 0.260959)

Position: (-0.319593, 1.43661, 0.971738)
Size: (0.0650249, 0.297546, 0.271146)

Position: (-1.4004, -0.981503, 1.32974)
Size: (0.258268, 0.191839, 0.259931)

Position: (-0.0227889, 1.09801, 0.530997)
Size: (0.282983, 0.150397, 0.125948)

Position: (-0.912427, -0.824811, -1.19594)
Size: (0.234162, 0.198411, 0.217879)

Position: (-1.12834, 0.129255, -0.370063)
Size: (0.0279568, 0.141994, 0.212155)

Position: (0.658499, -0.324785, 1.06291)
Size: (0.145236, 0.268446, 0.0533955)

Position: (0.891561, -0.622655, 1.38148)
Size: (0.0831341, 0.0578888, 0.279617)

Position: (0.431757, -0.474863, -1.33511)
Size: (0.185819, 0.144503, 0.285458)

Position: (0.353927, 0.198197, -1.20418)
Size: (0.217199, 0.252922, 0.0288666)

Position: (-0.553028, 1.46673, -0.02108)
Size: (0.146665, 0.126152, 0.139315)

Position: (0.183197, -0.212506, 1.37722)
Size: (0.0406321, 0.208846, 0.222299)

