Position: (0.625278, 0.821173, 0.617804)
Size: (0.276951, 0.280532, 0.155644)

Position: (1.38819, 1.44066, -1.20387)
Size: (0.0804991, 0.145128, 0.174055)

Position: (-1.08709, -0.191441, 1.15844)
Size: (0.201084, 0.271149, 0.0363427)

Position: (-1.33649, 0.777911, -0.265928)
Size: (0.0703092, 0.0352974, 0.194574)

Position: (1.3673, 0.727043, 0.396893)
Size: (0.0605322, 0.145926, 0.0824235)

Position: (-0.873084, 1.37468, -0.488475)
Size: (0.0377537, 0.289234, 0.0282804)

Position: (-0.297602, -0.720107, 0.249508)
Size: (0.0882361, 0.26802, 0.149279)

Position: (-1.37197, 0.454256, -0.372867)
Size: (0.217153, 0.179277, 0.058533)

Position: (1.18145, -0.788751, -0.920579)
Size: (0.299853, 0.0430202, 0.129834)

Position: (-0.618169, 0.000846956, 1.11173)
Size: (0.270556, 0.187551, 0.253989)

Position: (-0.697505, -0.431469, 0.958463)
Size: (0.0449994, 0.138155, 0.0927726)

Position: (0.539518, -0.998328, -0.908449)
Size: (0.23708, 0.242002, 0.0431823)

Position: (-0.52272, -1.49829, -1.47497)
Size: (0.098107, 0.128939, 0.259386)

Position: (0.730079, -0.892407, 1.1195)
Size: (0.112193, 0.0546214, 0.110755)

Position: (-1.392, -0.586134, -0.764396)
Size: (0.0329372, 0.0889873, 0.187846)

Position: (-1.15535, -1.4283, -0.408294)
Size: (0.0635419, 0.186294, 0.227118)

