Position: (1.34458, 1.49973, -1.2695)
Size: (0.117588, 0.294641, 0.0451378)

Position: (-1.4195, -1.41094, 1.09243)
Size: (0.239807, 0.0586813, 0.0455287)

Position: (0.246658, -0.716122, -0.689526)
Size: (0.149245, 0.213528, 0.21344)

Position: (0.819225, -1.42707, -0.921747)
Size: (0.0191662, 0.0466947, 0.226548)

Position: (0.634364, -0.314894, -0.261816)
Size: (0.282529, 0.121045, 0.0820853)

Position: (-0.391639, 0.39333, -1.12529)
Size: (0.240022, 0.173467, 0.186102)

Position: (0.752158, -0.907847, -0.978213)
Size: (0.223388, 0.169976, 0.116972)

Position: (0.400601, 0.0430449, -0.532982)
Size: (0.0672466, 0.103045, 0.172677)

Position: (0.603399, -1.37859, 0.0741228)
Size: (0.183775, 0.171248, 0.0564652)

Position: (-0.801234, -0.748121, 0.937394)
Size: (0.153357, 0.0239821, 0.0451371)

Position: (-0.427609, -0.738899, 0.285975)
Size: (0.252762, 0.0653499, 0.211108)

Position: (-0.91618, -1.15647, 0.302112)
Size: (0.24286, 0.0421539, 0.179281)

Position: (-0.282317, 0.927795, -0.508898)
Size: (0.206918, 0.195389, 0.0707709)

Position: (1.13783, -0.818352, 0.466156)
Size: (0.202603, 0.105176, 0.286137)

Position: (-0.736095, -0.00660273, 1.14924)
Size: (0.0657441, 0.06412, 0.00845803)

Position: (1.39772, -0.19815, -0.599639)
Size: (0.0293952, 0.0629039, 0.294639)

