Position: (-1.3517, -1.38124, 0.329343)
Size: (0.112026, 0.184591, 0.034664)

Position: (-1.15469, -0.730373, 0.323334)
Size: (0.135225, 0.125836, 0.241826)

Position: (-0.0294356, -0.219384, 0.741681)
Size: (0.133744, 0.0587901, 0.2668)

Position: (-0.935961, -1.13543, -1.15047)
Size: (0.0585714, 0.20491, 0.131948)

Position: (-1.06863, 1.45807, -1.11693)
Size: (0.238804, 0.225481, 0.297193)

Position: (-0.45389, 1.14118, -0.896228)
Size: (0.013962, 0.224799, 0.0375977)

Position: (-0.964204, 1.26255, -1.17792)
Size: (0.0443796, 0.159783, 0.249753)

Position: (1.11151, -0.256397, 0.0386962)
Size: (0.119474, 0.198049, 0.0924249)

Position: (1.30219, 0.150047, 0.205148)
Size: (0.113087, 0.252915, 0.050806)

Position: (-1.03428, -1.33975, -0.189973)
Size: (0.0218557, 0.208071, 0.262946)

Position: (0.32951, -0.395895, 1.24661)
Size: (0.0165066, 0.0924787, 0.115002)

Position: (-0.194788, 1.49612, 0.652687)
Size: (0.214694, 0.29551, 0.223193)

Position: (0.23274, -0.817652, 0.190045)
Size: (0.25392, 0.0157432, 0.0573915)

Position: (0.63465, -1.3695, -0.260107)
Size: (0.0752606, 0.136977, 0.241867)

Position: (-0.748943, 1.1399, 0.925265)
Size: (0.175728, 0.27585, 0.294625)

Position: (-1.292, -0.129145, -0.711398)
Size: (0.0496714, 0.226814, 0.189541)

