Position: (-0.603741, -0.986014, -1.47863)
Size: (0.15927, 0.286358, 0.2708)

Position: (0.413041, 0.854223, -1.26091)
Size: (0.263375, 0.00963945, 0.224687)

Position: (-1.4531, 1.25252, -1.31244)
Size: (0.189163, 0.202188, 0.235525)

Position: (-1.45175, 0.26715, -0.58126)
Size: (0.185549, 0.28765, 0.163798)

Position: (0.885997, -1.0844, 1.15506)
Size: (0.284235, 0.173535, 0.0814347)

Position: (-0.491098, -0.311828, -0.287192)
Size: (0.0196217, 0.15433, 0.240432)

Position: (-0.397451, 1.24788, 0.719751)
Size: (0.21643, 0.0348409, 0.0773366)

Position: (1.09082, -0.745371, 0.177766)
Size: (0.10671, 0.188714, 0.00421443)

Position: (-0.0878187, -0.344125, 0.897169)
Size: (0.253876, 0.112305, 0.255005)

Position: (-0.23989, -0.36724, 1.45918)
Size: (0.17178, 0.240374, 0.252179)

Position: (-0.972256, -1.0306, 0.865408)
Size: (0.121051, 0.0321927, 0.0947973)

Position: (-0.141983, 0.401483, 0.450455)
Size: (0.130699, 0.228165, 0.261202)

Position: (0.867305, -1.37178, 1.12646)
Size: (0.229899, 0.272438, 0.261046)

Position: (-0.160946, 0.276809, -0.129656)
Size: (0.0912626, 0.218886, 0.160285)

Position: (-1.35175, -0.77617, 0.909096)
Size: (0.140279, 0.0040256, 0.139155)

Position: (-0.490796, -0.410941, 0.438207)
Size: (0.0182731, 0.227586, 0.203458)

