Position: (-1.04305, -1.3533, -1.25319)
Size: (0.0870741, 0.0735209, 0.0398249)

Position: (-0.901907, 0.58629, 0.467573)
Size: (0.17684, 0.129381, 0.122384)

Position: (1.15697, -0.746585, -1.00231)
Size: (0.165133, 0.209613, 0.227845)

Position: (0.0151317, 0.256547, -0.162274)
Size: (0.205816, 0.110995, 0.225121)

Position: (-1.00555, 0.569402, 0.383363)
Size: (0.0122937, 0.0237915, 0.248102)

Position: (-0.284155, 1.31538, -0.306162)
Size: (0.0841384, 0.0264065, 0.142769)

Position: (-0.0856559, -0.269034, 0.493174)
Size: (0.211561, 0.122547, 0.121434)

Position: (-0.224632, 1.07741, -0.565183)
Size: (0.00205558, 0.0689189, 0.112686)

Position: (-0.278685, 0.429575, -1.16229)
Size: (0.145893, 0.264929, 0.0333938)

Position: (-1.08465, 0.367595, 1.25235)
Size: (0.054698, 0.0821266, 0.0627361)

Position: (-0.735297, 1.39831, -1.11789)
Size: (0.0591042, 0.0766932, 0.189261)

Position: (1.24454, 1.49039, 0.549121)
Size: (0.0558103, 0.100609, 0.00776074)

Position: (0.0802303, -0.10083, -0.750458)
Size: (0.217215, 0.0607746, 0.0640691)

Position: (-0.594961, -0.488552, 1.21141)
Size: (0.164165, 0.248127, 0.0804126)

Position: (0.424366, 0.423796, -1.00769)
Size: (0.163129, 0.147079, 0.0304737)

Position: (-0.295258, -0.509352, -0.647178)
Size: (0.140869, 0.109758, 0.261872)

