Position: (0.157414, -1.45382, -0.589675)
Size: (0.0583485, 0.243208, 0.176971)

Position: (0.575199, -1.36601, -0.300992)
Size: (0.1718, 0.0997532, 0.130927)

Position: (0.0867392, -0.205646, 0.584989)
Size: (0.199701, 0.192902, 0.0525534)

Position: (-0.298286, 0.198303, -1.05416)
Size: (0.266057, 0.0893816, 0.214028)

Position: (-1.21995, -1.39654, -0.516844)
Size: (0.288656, 0.296586, 0.191054)

Position: (1.2429, 1.47308, -0.293248)
Size: (0.110253, 0.180504, 0.134434)

Position: (0.14597, 0.461481, 0.199013)
Size: (0.168396, 0.240962, 0.121978)

Position: (-0.633926, 1.43065, 0.44931)
Size: (0.103403, 0.289768, 0.206897)

Position: (0.50277, -1.3336, 1.33426)
Size: (0.0221243, 0.147133, 0.138444)

Position: (-0.154232, -1.3167, -1.48557)
Size: (0.0159076, 0.118592, 0.140125)

Position: (-1.34958, -1.09417, -0.354269)
Size: (0.203734, 0.238865, 0.231542)

Position: (-1.36891, 0.930041, 0.750189)
Size: (0.0494406, 0.0865573, 0.174961)

Position: (0.668231, -0.688987, -1.40946)
Size: (0.177832, 0.215789, 0.220775)

Position: (1.38008, -1.2533, -0.404754)
Size: (0.159819, 0.161382, 0.131733)

Position: (-0.987574, -1.49432, -1.03746)
Size: (0.26228, 0.20149, 0.0327023)

Position: (0.43903, -0.308404, 0.85364)
Size: (0.0648716, 0.257175, 0.135104)

