Position: (0.352331, -1.34663, -0.921902)
Size: (0.0833218, 0.289662, 0.106501)

Position: (-1.37698, -1.15694, 0.0658603)
Size: (0.0486075, 0.0855173, 0.299502)

Position: (0.0993832, 0.273163, -0.591374)
Size: (0.0457683, 0.179233, 0.040192)

Position: (0.733159, -1.43007, -0.444008)
Size: (0.215315, 0.0587822, 0.252602)

Position: (0.803739, 0.984749, -0.767699)
Size: (0.0102049, 0.08496, 0.0019279)

Position: (-1.17028, -1.0211, -0.688431)
Size: (0.264025, 0.124211, 0.230217)

Position: (-0.632238, -0.266802, 0.534016)
Size: (0.180872, 0.215433, 0.12074)

Position: (-1.20394, 0.359644, 0.00324545)
Size: (0.00514364, 0.108335, 0.268552)

Position: (-1.36366, -0.912151, -1.15893)
Size: (0.190452, 0.0890978, 0.236446)

Position: (0.238416, -0.789576, 1.33925)
Size: (0.115939, 0.0401164, 0.0793832)

Position: (-0.0886638, -0.0594218, 0.754629)
Size: (0.277588, 0.188747, 0.140519)

Position: (-1.15724, -0.858604, 1.00036)
Size: (0.103582, 0.0904031, 0.247713)

Position: (-0.123665, 1.1213, -0.809053)
Size: (0.116278, 0.0732995, 0.228373)

Position: (-0.476319, 1.14878, -0.284668)
Size: (0.233982, 0.0287985, 0.0131545)

Position: (1.22067, 1.01129, -1.28066)
Size: (0.184478, 0.235244, 0.112187)

Position: (0.371787, -0.29481, -0.0696179)
Size: (0.128576, 0.173155, 0.152638)

