Position: (-0.463553, -1.38902, 0.918107)
Size: (0.0957596, 0.0339944, 0.0588897)

Position: (1.21404, 0.689692, 1.31191)
Size: (0.274737, 0.208082, 0.072226)

Position: (-0.188062, -0.0504458, -1.07575)
Size: (0.147807, 0.266823, 0.112329)

Position: (0.861301, -0.340799, -0.991396)
Size: (0.254254, 0.233167, 0.0622686)

Position: (-0.137194, -0.649328, 0.637224)
Size: (0.274702, 0.0505787, 0.218323)

Position: (1.12805, -1.10539, -0.805916)
Size: (0.263999, 0.0154529, 0.124684)

Position: (0.617919, -0.389409, -1.20157)
Size: (0.28505, 0.173797, 0.00259152)

Position: (-0.618432, -0.776679, -0.308368)
Size: (0.051049, 0.196468, 0.162186)

Position: (-0.751026, -0.113541, -0.133879)
Size: (0.147568, 0.0338864, 0.11238)

Position: (0.328247, -0.920428, 0.305953)
Size: (0.0494689, 0.219754, 0.112601)

Position: (-0.137895, -0.607649, -0.306341)
Size: (0.0104591, 0.170768, 0.293364)

Position: (-1.15919, 1.23393, 1.12082)
Size: (0.0527308, 0.0258899, 0.275587)

Position: (0.389007, -1.44281, 1.10865)
Size: (0.293618, 0.141792, 0.16723)

Position: (0.594404, -0.232193, 1.01771)
Size: (0.116236, 0.150316, 0.0679296)

Position: (0.425393, 0.94313, 0.953242)
Size: (0.0764609, 0.075296, 0.00305601)

Position: (-0.435393, 0.655331, 1.03302)
Size: (0.215276, 0.141983, 0.0264873)

Position: (0.144276, 0.00727675, -0.912444)
Size: (0.248162, 0.0862632, 0.243118)

Position: (-0.440736, -0.143313, 0.973084)
Size: (0.0544147, 0.148601, 0.181925)

Position: (1.24909, 1.23227, 0.107269)
Size: (0.174196, 0.200339, 0.0276879)

Position: (0.886986, 0.740644, 0.228913)
Size: (0.258873, 0.0472531, 0.117318)

Position: (0.110197, -0.847536, -1.22114)
Size: (0.0801069, 0.0912381, 0.271496)

Position: (0.840579, 0.828766, -0.740411)
Size: (0.236119, 0.00200279, 0.269823)

Position: (-1.18796, 0.231841, -0.82445)
Size: (0.195571, 0.0719618, 0.146149)

Position: (0.270859, -1.30775, 0.304781)
Size: (0.152077, 0.255642, 0.198887)

Position: (-0.93918, 0.015468, -0.896971)
Size: (0.15226, 0.178305, 0.249585)

Position: (0.148148, 0.218275, -1.06915)
Size: (0.230135, 0.121515, 0.225853)

Position: (-1.05906, -1.46322, 0.369585)
Size: (0.285784, 0.233906, 0.137015)

Position: (0.676492, 1.37065, -1.14597)
Size: (0.116653, 0.222694, 0.210115)

Position: (1.44223, 0.108324, 0.71602)
Size: (0.269823, 0.098939, 0.0111037)

Position: (-0.607891, 0.744881, -1.44078)
Size: (0.199227, 0.0552557, 0.0920945)

Position: (-1.47366, -0.191762, -0.471197)
Size: (0.213586, 0.0914011, 0.175616)

Position: (-0.62703, -0.471513, -0.0134808)
Size: (0.143048, 0.247544, 0.259748)

Position: (0.0160614, -1.01335, -1.38723)
Size: (0.0536494, 0.133365, 0.162534)

Position: (0.899743, 0.934231, -0.0679562)
Size: (0.243391, 0.280113, 0.267749)

Position: (-1.13005, 0.921036, -0.414355)
Size: (0.115711, 0.248022, 0.285261)

Position: (1.13964, -0.675774, 0.0904643)
Size: (0.241989, 0.244213, 0.102151)

Position: (-1.03377, 1.05285, -0.704406)
Size: (0.241713, 0.150269, 0.29133)

Position: (-1.11408, 0.106484, -1.36079)
Size: (0.156211, 0.2357, 0.251105)

Position: (-0.212538, 1.18523, -1.30314)
Size: (0.237804, 0.27573, 0.275185)

Position: (-1.40508, 0.885391, -1.13887)
Size: (0.168374, 0.062138, 0.0649893)

Position: (-0.0233942, -0.0858438, -1.22754)
Size: (0.192965, 0.113045, 0.137658)

Position: (-1.42739, -0.548438, 0.460966)
Size: (0.111591, 0.173038, 0.114511)

Position: (-1.42935, 0.497936, -1.37746)
Size: (0.020233, 0.118081, 0.147832)

Position: (0.174308, -0.239558, 0.977935)
Size: (0.208495, 0.243487, 0.0939914)

Position: (-0.396988, 1.34668, -0.849418)
Size: (0.257192, 0.226122, 0.296499)

Position: (0.869161, -1.41198, -0.184024)
Size: (0.258514, 0.0311158, 0.0707742)

Position: (0.901876, -0.88139, 0.769953)
Size: (0.178655, 0.228971, 0.0934979)

Position: (1.06833, 0.170275, 1.44378)
Size: (0.144543, 0.220076, 0.0315083)

