Position: (1.10096, -1.42013, -0.268204)
Size: (0.125942, 0.0621002, 0.192466)

Position: (-0.356583, -1.16505, -0.898059)
Size: (0.118837, 0.204417, 0.131486)

Position: (-0.44435, 0.853544, 0.2122)
Size: (0.0835396, 0.078851, 0.140722)

Position: (-1.31288, 0.838824, -1.19377)
Size: (0.161017, 0.169363, 0.153901)

Position: (0.996447, -1.4892, -1.15701)
Size: (0.10681, 0.010479, 0.118272)

Position: (0.243293, 0.211584, 0.427052)
Size: (0.195375, 0.0479422, 0.0572317)

Position: (0.353447, -1.12339, 0.8236)
Size: (0.140538, 0.282127, 0.0933924)

Position: (-0.221173, 0.856234, 0.804861)
Size: (0.210908, 0.0702414, 0.298768)

Position: (-1.41273, 0.780114, 0.723679)
Size: (0.0833185, 0.19587, 0.0134883)

Position: (-0.40387, -0.64289, -0.768983)
Size: (0.190673, 0.00918655, 0.16975)

Position: (-0.70055, -1.00556, 0.42147)
Size: (0.0993214, 0.172297, 0.156642)

Position: (-0.236909, 1.24448, 0.805012)
Size: (0.0872893, 0.0897881, 0.0577593)

Position: (-0.19741, -1.42307, 0.386531)
Size: (0.190504, 0.0926289, 0.0423125)

Position: (0.0800246, -0.0174831, -0.399579)
Size: (0.16057, 0.0465477, 0.0668415)

Position: (-1.25993, 0.704267, 0.638516)
Size: (0.159115, 0.0407179, 0.213536)

Position: (0.598462, -0.802777, 1.34335)
Size: (0.209384, 0.0303731, 0.0335108)

Position: (-0.775876, -1.21287, 0.166604)
Size: (0.187225, 0.00547304, 0.273488)

Position: (0.552204, 1.0759, -0.446983)
Size: (0.282178, 0.0467064, 0.297634)

Position: (-1.34317, -0.614271, 1.38209)
Size: (0.0333811, 0.208094, 0.151476)

Position: (1.18438, 1.03373, 0.685332)
Size: (0.233217, 0.267573, 0.0436815)

Position: (-0.501167, -1.12408, -0.809258)
Size: (0.12155, 0.144409, 0.218724)

Position: (1.41995, 1.17837, -0.452572)
Size: (0.0226451, 0.263047, 0.223209)

Position: (0.0994957, 1.34365, 0.40858)
Size: (0.173779, 0.224414, 0.00775036)

Position: (0.374461, 0.502945, 0.779284)
Size: (0.00687113, 0.0570444, 0.0811137)

Position: (0.00403523, -0.708859, 1.49812)
Size: (0.0273206, 0.183183, 0.0968319)

Position: (-1.41662, -1.3786, -0.665619)
Size: (0.0181393, 0.0176225, 0.289951)

Position: (0.587029, 0.947682, 1.16976)
Size: (0.271976, 0.0639885, 0.259986)

Position: (-1.15963, 0.434403, -0.331406)
Size: (0.08288, 0.1671, 0.277051)

Position: (1.48637, 0.611068, -1.35262)
Size: (0.144806, 0.246654, 0.23872)

Position: (0.981527, 1.2608, 0.320745)
Size: (0.288037, 0.0435507, 0.0575306)

Position: (-0.590485, 0.231027, -1.08784)
Size: (0.252941, 0.188156, 0.117475)

Position: (-0.537074, 0.867848, 0.957268)
Size: (0.265041, 0.136445, 0.269765)

Position: (0.769107, -0.296606, -0.692737)
Size: (0.0637938, 0.158416, 0.0377597)

Position: (1.31249, -1.38344, -0.714949)
Size: (0.0286236, 0.164184, 0.130121)

Position: (0.967235, 0.614052, 1.13851)
Size: (0.0177885, 0.0302332, 0.156883)

Position: (1.28698, -0.86769, -0.926502)
Size: (0.000189937, 0.264116, 0.0226278)

Position: (0.199658, 0.247086, -0.625768)
Size: (0.0788178, 0.187995, 0.197902)

Position: (0.593278, 1.23846, 0.876254)
Size: (0.0120061, 0.200128, 0.297637)

Position: (0.254227, 0.902234, -0.0901242)
Size: (0.272197, 0.250184, 0.268676)

Position: (1.16165, -1.18738, 0.469543)
Size: (0.000403778, 0.269592, 0.17567)

Position: (0.534989, -0.348124, 0.462889)
Size: (0.254425, 0.127518, 0.149657)

Position: (0.878756, -0.782205, -0.827221)
Size: (0.243491, 0.046013, 0.127339)

Position: (-0.695239, -1.19224, 0.240133)
Size: (0.0233974, 0.045188, 0.198108)

Position: (-0.563849, -0.038989, -0.798501)
Size: (0.184704, 0.0816844, 0.244772)

Position: (-0.619997, -0.933222, 1.18108)
Size: (0.217058, 0.035236, 0.0474542)

Position: (-1.19193, -1.02887, 0.432113)
Size: (0.183708, 0.000640976, 0.0504786)

Position: (0.563274, -0.797754, 1.48561)
Size: (0.255856, 0.108239, 0.184931)

Position: (-0.449035, -0.562391, 1.03445)
Size: (0.16923, 0.255946, 0.152087)

