Position: (-0.538555, 1.28493, -0.166874)
Size: (0.15548, 0.124726, 0.114711)

Position: (-0.641509, 1.17887, 0.52177)
Size: (0.21737, 0.120094, 0.13568)

Position: (-1.35275, 0.943373, 1.42041)
Size: (0.237949, 0.204215, 0.258414)

Position: (-0.222053, -1.12719, 0.394046)
Size: (0.128962, 0.166576, 0.0942372)

Position: (0.872437, 1.48685, -0.612055)
Size: (0.149219, 0.267846, 0.165982)

Position: (-0.790257, 0.389828, -0.997119)
Size: (0.0396667, 0.2025, 0.0836468)

Position: (-1.32376, 0.591872, -1.04593)
Size: (0.137499, 0.159761, 0.216064)

Position: (-0.105685, 0.39789, -1.2181)
Size: (0.275719, 0.148572, 0.29795)

Position: (-1.27023, -0.991119, -1.49153)
Size: (0.140144, 0.122833, 0.28372)

Position: (0.472595, -0.942164, -0.305135)
Size: (0.18191, 0.138068, 0.184884)

Position: (-0.326231, 0.528033, -0.36727)
Size: (0.19599, 0.0843566, 0.0930967)

Position: (1.40671, -1.16122, -1.35812)
Size: (0.213567, 0.191402, 0.179658)

Position: (-1.38253, -0.016138, -1.11272)
Size: (0.142969, 0.0890408, 0.218154)

Position: (1.36374, 1.14516, 1.39864)
Size: (0.254797, 0.21128, 0.203305)

Position: (1.33136, 1.39274, 0.820278)
Size: (0.0436432, 0.243997, 0.115789)

Position: (0.24121, -0.626825, -0.923349)
Size: (0.1161, 0.0626898, 0.0251902)

Position: (1.00394, 0.319544, 0.414397)
Size: (0.00196922, 0.213813, 0.0678184)

Position: (1.28356, -0.107701, -0.227493)
Size: (0.00142326, 0.159468, 0.255079)

Position: (1.36407, -1.28663, 0.758738)
Size: (0.209207, 0.0585724, 0.225545)

Position: (0.837556, -0.45695, 0.0687971)
Size: (0.161572, 0.107203, 0.187807)

Position: (1.43134, -1.17208, 1.03523)
Size: (0.0872812, 0.168199, 0.166961)

Position: (-0.185978, 0.935915, -1.07525)
Size: (0.163166, 0.221283, 0.293941)

Position: (-0.359779, -0.805693, 0.971739)
Size: (0.0127005, 0.20345, 0.0992247)

Position: (-0.877778, 0.0260673, -1.19182)
Size: (0.0609072, 0.114227, 0.226018)

Position: (0.00676459, -1.23802, 0.473671)
Size: (0.209664, 0.270601, 0.235955)

Position: (-1.3398, 0.255343, 0.345098)
Size: (0.281491, 0.0207553, 0.16819)

Position: (1.26122, -0.264815, 1.14318)
Size: (0.249419, 0.158737, 0.287441)

Position: (0.819115, -0.746922, 0.61976)
Size: (0.12502, 0.266981, 0.037118)

Position: (-1.28555, 0.717848, 0.340799)
Size: (0.178698, 0.160245, 0.290337)

Position: (0.771529, -1.30062, 0.36377)
Size: (0.0735311, 0.0307747, 0.0357054)

Position: (0.176305, 0.631444, -0.421874)
Size: (0.165742, 0.251906, 0.160526)

Position: (0.397678, -0.338181, 0.0496109)
Size: (0.0919387, 0.0133079, 0.0333702)

Position: (-0.824436, -0.780906, -0.835471)
Size: (0.104285, 0.024357, 0.203941)

Position: (0.426553, 0.987189, 0.538735)
Size: (0.0371824, 0.126391, 0.105743)

Position: (1.23614, 1.27093, -1.40205)
Size: (0.231444, 0.287158, 0.154564)

Position: (-0.531723, -0.119769, 0.539751)
Size: (0.12094, 0.296274, 0.0793121)

Position: (-0.336778, -0.911333, -0.39265)
Size: (0.1612, 0.110702, 0.229893)

Position: (-1.48712, -0.908093, -0.0404372)
Size: (0.277846, 0.164447, 0.120332)

Position: (1.48296, -0.244043, -0.0449011)
Size: (0.198742, 0.279984, 0.17681)

Position: (-0.547472, -0.876772, 0.808848)
Size: (0.162082, 0.236815, 0.287048)

Position: (0.205768, 0.369301, 0.277298)
Size: (0.286611, 0.165029, 0.252004)

Position: (0.116976, -0.286999, -0.626691)
Size: (0.178547, 0.294039, 0.140307)

Position: (-0.435231, -1.39089, 1.22417)
Size: (0.198793, 0.146814, 0.280398)

Position: (0.443962, -0.0732582, 1.46854)
Size: (0.0816141, 0.0162264, 0.280066)

Position: (-0.481908, 0.989012, 1.33061)
Size: (0.168987, 0.0999736, 0.0260131)

Position: (1.45699, -1.17061, 0.42438)
Size: (0.0611305, 0.0637745, 0.161825)

Position: (1.08312, -1.45456, 1.00807)
Size: (0.0403746, 0.120291, 0.151717)

Position: (0.961304, 0.452091, 0.125313)
Size: (0.165912, 0.246408, 0.127662)

