Position: (-0.990469, -0.0382724, -1.23164)
Size: (0.247268, 0.0384798, 0.0322308)

Position: (-0.813631, -0.850376, 0.562051)
Size: (0.00656001, 0.0702128, 0.190822)

Position: (0.757108, -1.15986, 0.139651)
Size: (0.0368457, 0.230269, 0.0227592)

Position: (0.805505, 0.423491, 0.118281)
Size: (0.129366, 0.202497, 0.170436)

Position: (-1.38811, 1.18547, 0.686947)
Size: (0.250182, 0.140256, 0.143847)

Position: (-0.92793, 1.38816, -1.16799)
Size: (0.127527, 0.18208, 0.219796)

Position: (0.422094, -1.36235, -0.244922)
Size: (0.133967, 0.221686, 0.0159404)

Position: (0.408929, 0.5391, -0.51598)
Size: (0.0200456, 0.125419, 0.277931)

Position: (-0.987996, 0.687934, 1.10996)
Size: (0.289405, 0.214301, 0.177634)

Position: (1.35498, 0.222344, 1.16283)
Size: (0.292165, 0.259971, 0.148282)

Position: (0.196577, 0.665148, -1.45538)
Size: (0.231665, 0.0192394, 0.20937)

Position: (-0.153739, 0.0020599, -0.284762)
Size: (0.0457079, 0.0745972, 0.113468)

Position: (1.48153, 1.31356, -1.29033)
Size: (0.294163, 0.219796, 0.0975227)

Position: (0.119872, 0.84818, 1.05205)
Size: (0.234002, 0.0803597, 0.170007)

Position: (-1.40175, 0.135649, 0.489262)
Size: (0.095052, 0.046887, 0.291461)

Position: (-0.730115, 0.827737, -0.0803608)
Size: (0.101844, 0.267606, 0.185033)

Position: (-1.19575, -0.544914, 0.617039)
Size: (0.049891, 0.168354, 0.222256)

Position: (-0.208771, 0.250609, 0.52993)
Size: (0.293882, 0.231879, 0.272835)

Position: (-0.0458915, -0.956021, -0.233196)
Size: (0.18865, 0.129766, 0.150202)

Position: (1.24036, -1.19372, 0.888725)
Size: (0.0929912, 0.0518329, 0.268572)

Position: (-0.702202, 0.749568, -0.824737)
Size: (0.023406, 0.135716, 0.134329)

Position: (-0.462125, -0.463334, -1.4688)
Size: (0.0312578, 0.237123, 0.117648)

Position: (0.734285, -0.839783, -1.01887)
Size: (0.00609072, 0.171988, 0.177696)

Position: (-0.608893, 1.49574, -1.1109)
Size: (0.281913, 0.0558929, 0.286625)

Position: (-1.25275, -0.327764, 1.28736)
Size: (0.0212187, 0.00203251, 0.0180163)

Position: (1.43932, 0.8447, -1.11878)
Size: (0.0628016, 0.169483, 0.170029)

Position: (0.57347, 1.49336, 0.302608)
Size: (0.232088, 0.142181, 0.0920679)

Position: (-0.935654, 0.593334, 0.790069)
Size: (0.033582, 0.0768303, 0.270636)

Position: (0.493341, -1.16597, -0.804376)
Size: (0.267508, 0.243542, 0.124353)

Position: (-1.45365, -1.04609, -1.44659)
Size: (0.211359, 0.107402, 0.106984)

Position: (0.766898, 0.521408, -0.638861)
Size: (0.148363, 0.209305, 0.0953122)

Position: (0.505537, 0.679362, -0.178382)
Size: (0.239933, 0.177773, 0.274901)

Position: (-0.823477, 0.922758, 0.33817)
Size: (0.240053, 0.228764, 0.284341)

Position: (1.03596, -0.874751, -0.692631)
Size: (0.264429, 0.220387, 0.276315)

Position: (-0.738911, -0.078635, 0.483657)
Size: (0.106357, 0.16924, 0.261935)

Position: (1.27156, -0.363709, -0.995905)
Size: (0.170692, 0.0630934, 0.0432693)

Position: (-0.708691, -1.302, -0.851933)
Size: (0.28211, 0.146003, 0.227929)

Position: (0.24236, -0.172808, -0.44522)
Size: (0.287398, 0.184036, 0.173385)

Position: (-0.121945, -0.521672, 0.169934)
Size: (0.125006, 0.108815, 0.0537161)

Position: (0.255575, -0.330889, -1.08968)
Size: (0.195412, 0.0713863, 0.137316)

Position: (-0.494977, -1.4293, -0.355756)
Size: (0.132586, 0.117788, 0.0255391)

Position: (-1.2622, 0.858754, 0.81054)
Size: (0.276974, 0.15481, 0.0803008)

Position: (-0.700824, -1.32415, -0.800052)
Size: (0.0143138, 0.0291092, 0.0992349)

Position: (-0.349674, -0.123171, 0.143194)
Size: (0.0960688, 0.0828048, 0.0928469)

Position: (0.72779, -1.31317, -1.44099)
Size: (0.103305, 0.127854, 0.244369)

Position: (-1.46186, -0.824721, -0.911611)
Size: (0.17328, 0.0435693, 0.00897311)

Position: (-1.28622, 0.986153, 0.438899)
Size: (0.175154, 0.155224, 0.189231)

Position: (-0.569428, -1.32596, 0.916155)
Size: (0.243797, 0.0265602, 0.171273)

