Position: (-1.41504, -1.34845, -0.0287502)
Size: (0.297706, 0.110216, 0.0393393)

Position: (-0.410722, -1.09106, -1.25456)
Size: (0.0948808, 0.230905, 0.00789435)

Position: (-0.68382, -1.09677, 0.556482)
Size: (0.0775099, 0.271996, 0.171903)

Position: (-1.06985, 0.100099, 1.22115)
Size: (0.106887, 0.0469231, 0.04092)

Position: (-0.629982, -1.40127, -0.523606)
Size: (0.285907, 0.142496, 0.165098)

Position: (-0.0137468, 1.29149, -0.314978)
Size: (0.130316, 0.143262, 0.197371)

Position: (0.124505, 0.409801, 0.945363)
Size: (0.00216608, 0.0609307, 0.268736)

Position: (0.379675, 0.86509, 0.624457)
Size: (0.298464, 0.190371, 0.163454)

Position: (-1.30039, -0.500973, -1.29935)
Size: (0.188501, 0.126063, 0.0691454)

Position: (-1.29664, -1.01152, 0.381982)
Size: (0.280192, 0.0904768, 0.183809)

Position: (1.39403, 1.02941, 0.855689)
Size: (0.150524, 0.00337418, 0.157761)

Position: (-0.782506, 0.272199, -1.14554)
Size: (0.0526528, 0.127531, 0.0819307)

Position: (1.07205, -1.23443, -0.302288)
Size: (0.262231, 0.0128045, 0.280038)

Position: (0.164487, 1.49697, -1.19083)
Size: (0.0324992, 0.037341, 0.264092)

Position: (-0.329427, 1.3213, -0.368817)
Size: (0.298703, 0.263673, 0.0781377)

Position: (0.201354, -0.20731, -0.467531)
Size: (0.112853, 0.164939, 0.17589)

Position: (1.49621, -1.22464, -1.1648)
Size: (0.224558, 0.151903, 0.172576)

Position: (0.579936, -0.0543003, -0.387067)
Size: (0.28775, 0.256831, 0.0879283)

Position: (0.521853, 0.443098, -0.995389)
Size: (0.200637, 0.0805432, 0.287523)

Position: (1.2049, 0.387903, 0.590662)
Size: (0.0864913, 0.0872275, 0.198911)

Position: (-0.49753, -0.352358, 1.02239)
Size: (0.149294, 0.192655, 0.16938)

Position: (-0.597043, -0.278469, 1.35697)
Size: (0.0266133, 0.191053, 0.256638)

Position: (-0.108394, -0.304921, 0.30008)
Size: (0.288374, 0.187815, 0.203607)

Position: (0.66422, -1.12418, 0.587022)
Size: (0.159887, 0.0423631, 0.032587)

Position: (0.492934, -0.454886, 1.04744)
Size: (0.0159854, 0.29322, 0.0558403)

Position: (-1.15114, 1.06279, 0.172018)
Size: (0.0318568, 0.230959, 0.223169)

Position: (0.386989, 1.06579, -0.59105)
Size: (0.199442, 0.0199568, 0.277243)

Position: (-1.08782, -0.15982, 0.136053)
Size: (0.268159, 0.0763294, 0.0490165)

Position: (-0.762542, -0.176815, -0.630082)
Size: (0.0777528, 0.229321, 0.0576232)

Position: (1.47121, -0.40259, 0.842206)
Size: (0.170227, 0.0694218, 0.26186)

Position: (0.629513, 1.2639, -1.23411)
Size: (0.018749, 0.157861, 0.250038)

Position: (0.537014, 0.186226, -0.653372)
Size: (0.112169, 0.230307, 0.03186)

Position: (-0.256462, -1.31439, -0.905404)
Size: (0.218241, 0.273474, 0.0660366)

Position: (-0.989197, -1.0464, -0.197208)
Size: (0.118175, 0.0240516, 0.183835)

Position: (-1.41933, 1.36884, 0.266541)
Size: (0.282866, 0.0822968, 0.291443)

Position: (-1.33405, -0.322335, 0.63315)
Size: (0.295725, 0.0392879, 0.159851)

Position: (-1.22159, -0.192993, 0.859296)
Size: (0.010335, 0.216457, 0.153078)

Position: (1.28608, -0.755493, -1.21231)
Size: (0.209491, 0.204038, 0.275717)

Position: (-0.951011, -1.49791, 0.597134)
Size: (0.0792172, 0.0428551, 0.0108297)

Position: (-0.443307, 1.38533, -0.156754)
Size: (0.156795, 0.207787, 0.268595)

Position: (0.148327, 0.37331, -0.075135)
Size: (0.26011, 0.0025582, 0.145427)

Position: (-1.1794, 1.48082, 1.42517)
Size: (0.151412, 0.182779, 0.0265687)

Position: (0.339217, 0.219263, 0.234058)
Size: (0.177422, 0.0167922, 0.281956)

Position: (0.405766, 0.731819, -1.41669)
Size: (0.101105, 0.282201, 0.0889635)

Position: (-1.11017, 0.146852, 0.980786)
Size: (0.0495427, 0.22695, 0.0779893)

Position: (-1.40415, -0.843474, -0.314083)
Size: (0.114336, 0.109842, 0.00764956)

Position: (0.815296, 1.46569, -0.0707193)
Size: (0.033465, 0.25563, 0.108628)

Position: (-1.48548, 0.0384928, -0.573981)
Size: (0.118759, 0.298682, 0.232144)

