Position: (0.315418, -0.465299, 0.695871)
Size: (0.0765128, 0.0799839, 0.267626)

Position: (0.271401, 1.0042, 0.573028)
Size: (0.0519773, 0.0105684, 0.264118)

Position: (0.358586, 1.12651, -0.473068)
Size: (0.0703566, 0.0577614, 0.0318098)

Position: (-0.252554, 0.990232, 1.27428)
Size: (0.19953, 0.0654636, 0.0522187)

Position: (-1.15097, 1.27484, -1.4943)
Size: (0.121032, 0.101765, 0.0365916)

Position: (1.43283, 0.873742, 0.244974)
Size: (0.178436, 0.221035, 0.218725)

Position: (-1.05418, -0.825971, -0.679788)
Size: (0.150428, 0.218181, 0.0158856)

Position: (-0.781986, 1.32249, 1.08729)
Size: (0.115227, 0.0946504, 0.196818)

Position: (-0.260227, -1.14794, -0.859197)
Size: (0.146185, 0.0312365, 0.198679)

Position: (-0.397749, 1.12944, 0.871488)
Size: (0.221802, 0.10442, 0.128017)

Position: (0.676003, -0.339031, 1.075)
Size: (0.054135, 0.119979, 0.0720225)

Position: (-1.22325, 0.343693, -1.29881)
Size: (0.214914, 0.0118477, 0.19534)

Position: (1.06912, -1.3723, -1.38615)
Size: (0.102463, 0.178899, 0.0885387)

Position: (1.07095, -1.08843, 0.11755)
Size: (0.110136, 0.089002, 0.112522)

Position: (1.18524, -1.14548, -0.3916)
Size: (0.0280989, 0.25901, 0.263835)

Position: (1.26441, 0.250275, 0.400666)
Size: (0.228377, 0.0298648, 0.270375)

Position: (-1.14501, 0.640597, -1.24852)
Size: (0.100318, 0.0235234, 0.262697)

Position: (-1.27138, -0.288143, 0.890911)
Size: (0.290509, 0.172232, 0.132463)

Position: (0.00856491, -1.12096, 1.32861)
Size: (0.036013, 0.0820957, 0.117336)

Position: (1.34485, 1.37222, -1.05623)
Size: (0.0561302, 0.0391765, 0.0630125)

Position: (-1.44728, -1.47635, -0.539961)
Size: (0.258947, 0.162505, 0.257046)

Position: (0.11552, -0.0714907, 0.650861)
Size: (0.0720114, 0.28899, 0.224709)

Position: (-1.33762, 1.47841, 0.701691)
Size: (0.00155575, 0.103622, 0.198078)

Position: (0.206887, 0.214106, -1.47559)
Size: (0.227605, 0.0639548, 0.0211775)

Position: (1.2637, 0.873225, -0.573389)
Size: (0.187024, 0.191553, 0.210823)

Position: (-1.36356, -0.187641, 0.50969)
Size: (0.0486834, 0.144997, 0.1291)

Position: (-0.417209, -1.11248, 0.540078)
Size: (0.179958, 0.121725, 0.0567371)

Position: (-0.11532, -0.183228, -0.889639)
Size: (0.0943237, 0.140857, 0.198048)

Position: (-0.572468, 0.565281, -0.222286)
Size: (0.246762, 0.215429, 0.117698)

Position: (0.534862, -0.373422, 1.16642)
Size: (0.262059, 0.137343, 0.0940422)

Position: (1.22261, -0.185802, -0.106555)
Size: (0.0893418, 0.187976, 0.233913)

Position: (-1.3001, -0.732406, -1.30672)
Size: (0.0207649, 0.162956, 0.105936)

Position: (0.348842, -0.0523252, 0.434474)
Size: (0.0883023, 0.255544, 0.117106)

Position: (-0.010154, -0.2855, -0.0857479)
Size: (0.0972533, 0.103569, 0.168439)

Position: (1.40756, -0.386582, 0.432785)
Size: (0.150295, 0.236141, 0.267374)

Position: (0.858703, 1.0885, -1.0855)
Size: (0.190075, 0.109395, 0.182502)

Position: (-1.39786, 0.369505, 0.437511)
Size: (0.176951, 0.00648428, 0.139649)

Position: (-0.0163854, 0.00439939, -0.935713)
Size: (0.151209, 0.149768, 0.0500074)

Position: (0.855269, 0.500334, -1.09065)
Size: (0.0630075, 0.181091, 0.281653)

Position: (-0.540811, 0.164224, -1.31446)
Size: (0.248187, 0.169244, 0.00143871)

Position: (0.172517, 0.023845, -0.867517)
Size: (0.246241, 0.249901, 0.0797737)

Position: (-1.23424, 0.972027, 0.352964)
Size: (0.0690369, 0.18473, 0.208609)

Position: (0.110036, -0.433396, -0.126172)
Size: (0.16973, 0.224725, 0.289811)

Position: (1.03761, 0.0169994, -0.518162)
Size: (0.167908, 0.064413, 0.0656059)

Position: (-0.547306, -0.199362, 1.38187)
Size: (0.069419, 0.0342038, 0.235388)

Position: (-0.147632, -0.00526629, -0.384655)
Size: (0.13806, 0.148578, 0.0781998)

Position: (0.887303, 0.715114, -0.763208)
Size: (0.145298, 0.165966, 0.0898196)

Position: (-0.575625, -0.109699, -0.248779)
Size: (0.272378, 0.0316397, 0.0296669)

