Position: (0.377748, 0.383439, 0.494647)
Size: (0.126646, 0.170428, 0.0399919)

Position: (-0.539904, 0.205572, 1.00632)
Size: (0.14498, 0.045408, 0.255457)

Position: (1.45261, -0.883094, 1.31721)
Size: (0.120059, 0.13674, 0.0188713)

Position: (0.581264, 1.04654, 1.4655)
Size: (0.0430939, 0.0746473, 0.270673)

Position: (-1.00989, 0.907477, 0.917786)
Size: (0.298639, 0.0953205, 0.290177)

Position: (1.3993, 0.200118, 0.443954)
Size: (0.0794462, 0.201054, 0.24721)

Position: (-1.3996, -0.804007, 0.406875)
Size: (0.114677, 0.00670494, 0.189681)

Position: (0.46166, -0.765562, -0.17404)
Size: (0.234097, 0.0663058, 0.265748)

Position: (0.962464, -0.566624, -1.04595)
Size: (0.29946, 0.158755, 0.299019)

Position: (1.27368, 0.82756, -1.4572)
Size: (0.0910433, 0.167297, 0.132331)

Position: (1.24746, -0.158972, 0.0506425)
Size: (0.173038, 0.140488, 0.0934137)

Position: (-1.20486, 1.4152, -1.26421)
Size: (0.285129, 0.106387, 0.0147833)

Position: (-1.25758, -0.370355, 0.404279)
Size: (0.121785, 0.14322, 0.0809919)

Position: (-1.22362, 0.461958, -0.0706089)
Size: (0.0799129, 0.205828, 0.0186632)

Position: (-0.765914, -0.605822, 0.925838)
Size: (0.116257, 0.038341, 0.168928)

Position: (-0.540625, 0.245824, 0.097454)
Size: (0.0697847, 0.0480025, 0.116955)

Position: (-0.319384, 0.0852284, 0.164046)
Size: (0.0977927, 0.155972, 0.127876)

Position: (-1.37629, 1.4776, -0.526446)
Size: (0.289338, 0.000562789, 0.161292)

Position: (-1.03438, -0.594016, 0.791066)
Size: (0.202692, 0.209463, 0.0580275)

Position: (0.629855, 0.0322054, 0.639923)
Size: (0.272654, 0.0299206, 0.245619)

Position: (0.468195, -0.448476, 0.723587)
Size: (0.25796, 0.231584, 0.0709224)

Position: (1.45524, 0.283192, -0.802265)
Size: (0.152067, 0.0783956, 0.0673514)

Position: (1.01395, -0.360491, 0.629851)
Size: (0.293955, 0.00262371, 0.0142051)

Position: (-0.0745249, 1.15434, 0.0237854)
Size: (0.181041, 0.277624, 0.107093)

Position: (0.401799, 0.0461739, 0.308158)
Size: (0.00946302, 0.116169, 0.116584)

Position: (0.799262, 0.220736, -0.469322)
Size: (0.0715561, 0.109397, 0.124948)

Position: (0.985062, 0.71414, -0.814733)
Size: (0.259701, 0.174331, 0.0322402)

Position: (-0.173093, -1.33659, 1.34571)
Size: (0.281252, 0.134938, 0.143361)

Position: (1.29378, -0.93682, 0.563819)
Size: (0.0418408, 0.155332, 0.0762759)

Position: (0.496094, 1.19618, -0.407266)
Size: (0.0423016, 0.0900779, 0.0505283)

Position: (-0.644382, 0.81367, -0.709938)
Size: (0.258744, 0.242026, 0.123194)

Position: (-0.243019, -0.704582, 0.564214)
Size: (0.255451, 0.195218, 0.207351)

Position: (0.291823, -0.90585, 0.665095)
Size: (0.260358, 0.263707, 0.187973)

Position: (1.23192, -0.546861, 0.559203)
Size: (0.296962, 0.135129, 0.0596769)

Position: (0.755419, -0.343043, -1.15279)
Size: (0.0482384, 0.158793, 0.24826)

Position: (-0.620533, 1.00678, -0.963791)
Size: (0.268477, 0.182954, 0.270273)

Position: (-0.382077, 0.105139, -1.48923)
Size: (0.12701, 0.046807, 0.163164)

Position: (0.00614342, -1.059, 0.117667)
Size: (0.174459, 0.0478978, 0.00145406)

Position: (0.848784, -0.859445, 1.09413)
Size: (0.12539, 0.271973, 0.201912)

Position: (1.18111, 0.473629, 0.0396118)
Size: (0.196852, 0.288888, 0.188563)

Position: (-1.1004, 0.189808, -0.975822)
Size: (0.0720809, 0.270805, 0.159043)

Position: (-1.1139, -0.0444937, 1.17618)
Size: (0.145079, 0.161457, 0.26987)

Position: (0.298067, -1.22991, 0.775064)
Size: (0.200206, 0.16051, 0.223741)

Position: (-0.4734, -0.386031, -0.803113)
Size: (0.120173, 0.124478, 0.274406)

Position: (0.640069, 1.43026, 0.533724)
Size: (0.0497437, 0.241941, 0.214789)

Position: (1.07118, -1.06778, 0.882198)
Size: (0.208949, 0.278855, 0.017307)

Position: (0.751114, 0.133659, 0.400957)
Size: (0.178414, 0.167526, 0.167901)

Position: (0.124053, 1.39072, -0.379972)
Size: (0.137054, 0.183213, 0.230048)

