Position: (-0.802534, 0.816704, -1.08316)
Size: (0.19964, 0.186219, 0.200215)

Position: (-0.0298923, 0.746935, 0.923911)
Size: (0.239596, 0.241429, 0.0735652)

Position: (1.32414, 0.0566306, -1.20129)
Size: (0.236757, 0.0976674, 0.201558)

Position: (-1.27781, 0.214715, 0.891333)
Size: (0.119193, 0.0154214, 0.256701)

Position: (0.353377, 0.760062, -0.792661)
Size: (0.21363, 0.12275, 0.231658)

Position: (0.543888, -1.10038, -0.438026)
Size: (0.206725, 0.167268, 0.214847)

Position: (-1.11744, 1.09947, 1.04117)
Size: (0.263112, 0.0898709, 0.273801)

Position: (0.61807, 0.721057, -0.557876)
Size: (0.0149283, 0.213059, 0.219507)

Position: (0.805741, -0.447684, -0.530377)
Size: (0.119441, 0.0439315, 0.167532)

Position: (-0.382203, 0.692115, 0.397901)
Size: (0.102386, 0.176354, 0.0264577)

Position: (0.520734, 0.736116, 0.365343)
Size: (0.14625, 0.0118686, 0.268793)

Position: (0.0801971, -1.10465, -0.795554)
Size: (0.242422, 0.0146296, 0.199542)

Position: (1.00178, 0.263669, 1.01691)
Size: (0.134111, 0.207058, 0.152505)

Position: (1.43346, 1.05974, 0.882004)
Size: (0.274263, 0.282644, 0.130217)

Position: (-0.298689, -0.752579, -0.380749)
Size: (0.162065, 0.0234687, 0.0496328)

Position: (0.455189, 0.675666, 1.10222)
Size: (0.215957, 0.0969218, 0.0245011)

Position: (-0.877064, 1.28006, 0.853136)
Size: (0.199266, 0.106813, 0.0923297)

Position: (0.419121, -0.969232, -1.03153)
Size: (0.0808446, 0.223275, 0.0105776)

Position: (1.19203, 1.16213, -1.18132)
Size: (0.0234928, 0.210184, 0.188047)

Position: (1.21788, 1.32442, 0.753081)
Size: (0.253911, 0.202249, 0.24476)

Position: (-0.80744, -0.656471, -0.886184)
Size: (0.0976013, 0.0943716, 0.132239)

Position: (-1.35048, -1.19665, -0.317371)
Size: (0.267571, 0.000482375, 0.0111982)

Position: (-0.193871, 0.756335, -0.798551)
Size: (0.164421, 0.0110929, 0.1741)

Position: (-0.391708, -0.954667, -1.34129)
Size: (0.266885, 0.199225, 0.250494)

Position: (-0.111128, 0.000752394, -0.737629)
Size: (0.223257, 0.0525297, 0.125205)

Position: (1.44445, 1.32785, 0.967268)
Size: (0.0106669, 0.0392336, 0.285957)

Position: (0.246736, 0.304134, 0.362437)
Size: (0.211371, 0.243103, 0.220078)

Position: (-0.760842, 1.22028, -0.903553)
Size: (0.0453676, 0.150043, 0.108831)

Position: (-1.38682, -0.231815, -0.530339)
Size: (0.102504, 0.103058, 0.241844)

Position: (-0.113049, -0.777848, -0.333951)
Size: (0.280081, 0.0753031, 0.128016)

Position: (-0.51751, -0.377597, -0.856188)
Size: (0.246027, 0.279361, 0.0846853)

Position: (0.572602, -0.177194, -0.461019)
Size: (0.239168, 0.218553, 0.0194801)

Position: (1.46243, 0.571082, -0.406648)
Size: (0.211629, 0.0876663, 0.223387)

Position: (-0.0378527, -0.0134059, -1.32661)
Size: (0.185212, 0.0964518, 0.202737)

Position: (-0.49307, 0.905474, 0.525927)
Size: (0.181499, 0.121974, 0.0228687)

Position: (0.225325, -0.956219, -0.0784348)
Size: (0.196667, 0.200728, 0.0918502)

Position: (0.818056, -0.373209, -1.3106)
Size: (0.096629, 0.251117, 0.138088)

Position: (-0.520472, 0.648942, 1.19667)
Size: (0.115921, 0.135719, 0.0887082)

Position: (0.138774, -1.05444, -1.21189)
Size: (0.299599, 0.125845, 0.124545)

Position: (0.642823, 0.000835662, -0.830665)
Size: (0.146106, 0.089173, 0.0483841)

Position: (0.521445, 0.354384, -0.0458141)
Size: (0.0956414, 0.17976, 0.106819)

Position: (-1.34158, -1.31389, -0.597094)
Size: (0.0717498, 0.0511372, 0.180715)

Position: (-1.01343, 1.24275, -1.29416)
Size: (0.145212, 0.237558, 0.0888109)

Position: (0.172206, -1.04104, -0.197748)
Size: (0.0685852, 0.281693, 0.231682)

Position: (0.570631, -0.44234, 0.284327)
Size: (0.129966, 0.149141, 0.228442)

Position: (0.740911, 0.132839, 0.511569)
Size: (0.0752411, 0.0577106, 0.0434583)

Position: (-0.508124, -0.012126, 1.1672)
Size: (0.150216, 0.104266, 0.0451798)

Position: (0.727999, 1.39424, 1.15653)
Size: (0.0821927, 0.211778, 0.140065)

