Position: (0.195258, -0.186929, 1.3038)
Size: (0.184681, 0.239555, 0.289371)

Position: (0.27516, -0.522169, 0.0388735)
Size: (0.232192, 0.188743, 0.200866)

Position: (-0.67491, 1.48261, 0.148436)
Size: (0.136353, 0.214136, 0.00474328)

Position: (-0.930057, -1.43348, -0.185696)
Size: (0.259885, 0.119805, 0.251016)

Position: (-1.41173, -0.213996, -0.837292)
Size: (0.0888082, 0.0989764, 0.169597)

Position: (0.0369996, -0.472711, -0.203239)
Size: (0.191934, 0.0469649, 0.0838862)

Position: (0.964451, -0.822615, 0.247109)
Size: (0.0311374, 0.290928, 0.103742)

Position: (-1.39154, -0.756609, -0.136665)
Size: (0.211454, 0.17832, 0.229061)

Position: (1.09441, 1.21624, -0.294987)
Size: (0.178623, 0.263713, 0.0557707)

Position: (0.464442, 0.029544, -0.805962)
Size: (0.115386, 0.176473, 0.272345)

Position: (-0.125133, -0.381322, -0.246125)
Size: (0.19972, 0.298568, 0.248867)

Position: (1.41948, 0.648583, -1.31784)
Size: (0.205623, 0.0173156, 0.228641)

Position: (0.806907, 1.41313, -0.143456)
Size: (0.189811, 0.105217, 0.288102)

Position: (0.823846, 1.13476, -1.45901)
Size: (0.0352859, 0.136765, 0.027254)

Position: (0.46915, -1.43834, 0.894572)
Size: (0.0331146, 0.279002, 0.206177)

Position: (-0.768987, 1.04695, -0.628723)
Size: (0.0214184, 0.197138, 0.257357)

Position: (1.07906, -0.20831, 0.88677)
Size: (0.0163134, 0.0485528, 0.271259)

Position: (0.565137, -1.37334, -1.4663)
Size: (0.0346879, 0.116221, 0.266132)

Position: (0.502907, 0.759357, 0.531283)
Size: (0.00853904, 0.0916216, 0.198378)

Position: (-1.13428, -0.965612, 0.252921)
Size: (0.115965, 0.0467299, 0.106702)

Position: (0.7605, -0.958518, -0.707586)
Size: (0.0306149, 0.266143, 0.131527)

Position: (-0.589607, 0.462081, 0.738559)
Size: (0.0354593, 0.246837, 0.196885)

Position: (0.91617, 1.20615, -0.564027)
Size: (0.132258, 0.246901, 0.286595)

Position: (1.32406, 0.325004, -0.549204)
Size: (0.281245, 0.295258, 0.164831)

Position: (-0.236349, -0.234265, 0.357884)
Size: (0.156574, 0.21962, 0.225583)

Position: (0.863259, -0.259716, -1.12841)
Size: (0.0669203, 0.0524632, 0.0929031)

Position: (1.1427, -0.945036, 0.717161)
Size: (0.252296, 0.0629945, 0.21456)

Position: (-1.4938, -1.41395, -0.751678)
Size: (0.155912, 0.236479, 0.225402)

Position: (-0.203588, -0.555852, 0.746065)
Size: (0.268557, 0.246712, 0.00912466)

Position: (0.815081, -0.701732, 0.215729)
Size: (0.00441736, 0.0669167, 0.135569)

Position: (-0.718148, -1.35678, -1.13183)
Size: (0.173024, 0.0433308, 0.225908)

Position: (-1.33673, -0.821326, -0.00844056)
Size: (0.259225, 0.282073, 0.173951)

Position: (1.2118, -0.293038, 1.36082)
Size: (0.186088, 0.0998836, 0.197321)

Position: (0.597586, 0.994856, -0.699919)
Size: (0.250954, 0.123125, 0.101411)

Position: (1.27651, -0.724354, 1.05627)
Size: (0.187212, 0.0870286, 0.0308447)

Position: (1.21002, -0.444127, -0.759258)
Size: (0.238835, 0.173537, 0.160812)

Position: (-0.837203, -1.09202, -1.14529)
Size: (0.112023, 0.0318988, 0.0555839)

Position: (0.04336, 0.846787, 0.78778)
Size: (0.255859, 0.144609, 0.209257)

Position: (1.29265, -0.964368, 0.545548)
Size: (0.294845, 0.0615109, 0.260217)

Position: (-1.1798, -1.30551, 1.47615)
Size: (0.236349, 0.263584, 0.0964606)

Position: (0.901914, 1.17619, 0.631166)
Size: (0.105054, 0.156729, 0.229968)

Position: (-0.770625, 0.912588, -1.40997)
Size: (0.018139, 0.250714, 0.00652216)

Position: (-0.813303, 0.615425, -1.42981)
Size: (0.19426, 0.0997128, 0.173853)

Position: (-0.914373, -1.34565, 0.176537)
Size: (0.124758, 0.154111, 0.212545)

Position: (-0.431293, 0.881431, -1.14026)
Size: (0.152834, 0.254185, 0.0107023)

Position: (0.230593, -1.14815, -0.267569)
Size: (0.0922011, 0.136442, 0.170648)

Position: (0.39368, -1.36328, -1.04454)
Size: (0.0926795, 0.118265, 0.110729)

Position: (0.276856, 1.04422, 0.130916)
Size: (0.0981949, 0.168151, 0.217478)

