Position: (1.31535, -1.15651, -1.10588)
Size: (0.290838, 0.108475, 0.0910975)

Position: (0.0878438, -0.174634, 0.783256)
Size: (0.267675, 0.0207084, 0.248311)

Position: (-1.16706, -1.14826, 0.870444)
Size: (0.157705, 0.116099, 0.0801381)

Position: (0.178623, 0.66791, 0.472265)
Size: (0.127731, 0.0182047, 0.0587792)

Position: (-1.07285, 0.845329, 1.13347)
Size: (0.0951448, 0.219147, 0.104987)

Position: (0.339007, 0.696861, 0.419775)
Size: (0.237029, 0.28368, 0.227507)

Position: (-1.08618, 0.326479, 0.73898)
Size: (0.0403111, 0.0199956, 0.170571)

Position: (-0.347872, 0.310663, -0.577097)
Size: (0.279458, 0.277265, 0.00525953)

Position: (-0.469987, -0.42481, 1.13419)
Size: (0.157829, 0.129601, 0.197542)

Position: (-0.281044, -0.950554, -0.212919)
Size: (0.17047, 0.169917, 0.154653)

Position: (-0.739688, -0.503188, -0.655741)
Size: (0.0840815, 0.261449, 0.00884004)

Position: (1.01601, -1.21437, -1.25781)
Size: (0.245487, 0.1294, 0.163899)

Position: (0.0522107, 1.27508, -0.713752)
Size: (0.0865093, 0.138698, 0.0611767)

Position: (0.630112, -0.332001, -1.30113)
Size: (0.199129, 0.275944, 0.0208078)

Position: (0.829949, -0.743162, -0.74815)
Size: (0.0491472, 0.239132, 0.212224)

Position: (-0.148283, -1.22336, 0.443308)
Size: (0.262701, 0.268307, 0.194077)

Position: (1.3869, -0.589639, -0.84646)
Size: (0.272417, 0.0503064, 0.117367)

Position: (0.2895, -0.500034, -0.334644)
Size: (0.207928, 0.11498, 0.0520534)

Position: (0.0865599, -1.32558, 1.35296)
Size: (0.257687, 0.0341601, 0.198632)

Position: (-0.997832, -1.33082, -0.225056)
Size: (0.29597, 0.133173, 0.0351233)

Position: (1.40232, -0.101775, 1.14481)
Size: (0.0950018, 0.0703672, 0.0798861)

Position: (-0.0963083, -1.42789, -0.212262)
Size: (0.20225, 0.0729113, 0.239173)

Position: (0.198032, -0.146002, 0.41547)
Size: (0.212972, 0.151318, 0.102501)

Position: (1.09887, 0.372542, 0.620778)
Size: (0.232057, 0.288493, 0.146975)

Position: (0.221469, -1.08555, -0.0646338)
Size: (0.196537, 0.173794, 0.159683)

Position: (-0.11393, -0.751556, -0.330829)
Size: (0.265772, 0.0424988, 0.0390727)

Position: (-0.623714, 0.107617, 0.401116)
Size: (0.119088, 0.126149, 0.267044)

Position: (-0.158867, -0.112709, -1.06277)
Size: (0.268877, 0.0236145, 0.256133)

Position: (0.404862, 0.932341, -0.390198)
Size: (0.166196, 0.290324, 0.144008)

Position: (1.43182, -1.3809, -0.33098)
Size: (0.189311, 0.149432, 0.0253997)

Position: (-1.3222, -0.261589, 0.169766)
Size: (0.0148874, 0.217824, 0.104815)

Position: (0.243746, 1.33963, -0.144564)
Size: (0.235074, 0.292797, 0.0585774)

Position: (-1.08553, -0.489507, -0.247651)
Size: (0.100404, 0.22603, 0.228234)

Position: (1.02968, -0.744767, 0.71199)
Size: (0.0172633, 0.177049, 0.0567493)

Position: (-0.0470534, -1.42919, -1.42696)
Size: (0.0308115, 0.228834, 0.0762772)

Position: (0.83749, 0.467012, 0.0821982)
Size: (0.165489, 0.124711, 0.128841)

Position: (0.550586, 0.243303, -0.49259)
Size: (0.1989, 0.141629, 0.0785198)

Position: (-0.240689, 0.519882, -0.26968)
Size: (0.0372984, 0.0195048, 0.148951)

Position: (0.983981, -1.45119, 0.25926)
Size: (0.0368353, 0.188764, 0.233189)

Position: (-1.1843, -0.256706, 0.455213)
Size: (0.00805727, 0.143105, 0.101379)

Position: (0.18006, 0.106027, 0.275296)
Size: (0.0763047, 0.241132, 0.226082)

Position: (-0.895367, -0.849496, 1.2078)
Size: (0.285932, 0.191845, 0.269901)

Position: (-0.413306, -1.38009, -1.13503)
Size: (0.0853177, 0.171003, 0.0499963)

Position: (0.120134, -1.05257, -1.0824)
Size: (0.178969, 0.0975952, 0.221234)

Position: (-0.141453, -1.32447, -0.991403)
Size: (0.0488885, 0.266366, 0.256273)

Position: (0.974758, -1.36195, -0.58396)
Size: (0.169998, 0.0262303, 0.172709)

Position: (0.0477013, -0.300851, -0.245037)
Size: (0.0501323, 0.0815645, 0.219236)

Position: (-0.122989, -1.30783, -0.453576)
Size: (0.139066, 0.199045, 0.223802)

