Position: (0.606324, -0.0929159, 0.577425)
Size: (0.209535, 0.265577, 0.278141)

Position: (0.476796, -0.828097, 0.415639)
Size: (0.072633, 0.118199, 0.275751)

Position: (0.619611, -0.691913, -1.43657)
Size: (0.244137, 0.124709, 0.231742)

Position: (0.091453, 0.0684466, -0.76937)
Size: (0.234675, 0.287807, 0.240898)

Position: (-0.301358, 0.17251, -0.0754546)
Size: (0.0703906, 0.27529, 0.0698293)

Position: (0.817146, 0.191748, -0.0862369)
Size: (0.00687618, 0.133235, 0.0946778)

Position: (1.01944, 1.04234, -0.70061)
Size: (0.269863, 0.111063, 0.190919)

Position: (1.25255, -0.259567, -0.969451)
Size: (0.0448532, 0.0893656, 0.038126)

Position: (-0.326944, 0.916079, -0.592681)
Size: (0.164563, 0.107593, 0.140162)

Position: (-0.0602907, -0.694497, -1.32442)
Size: (0.12665, 0.00440133, 0.0450205)

Position: (1.09362, -0.733498, -0.294888)
Size: (0.0996166, 0.189591, 0.0298731)

Position: (-0.359179, -1.43307, -0.691468)
Size: (0.274661, 0.126412, 0.112233)

Position: (1.34093, -1.23388, -0.728855)
Size: (0.0682176, 0.234066, 0.172055)

Position: (-1.36967, -1.3296, 1.37685)
Size: (0.0975159, 0.232577, 0.242153)

Position: (-0.905449, 1.14027, 1.09061)
Size: (0.130836, 0.276656, 0.0564422)

Position: (0.0434727, -1.11163, -0.625405)
Size: (0.111883, 0.207236, 0.273115)

Position: (0.214892, -0.0256704, -0.574121)
Size: (0.244307, 0.0610612, 0.287057)

Position: (-0.604482, 0.103819, -0.000773577)
Size: (0.101501, 0.214821, 0.182458)

Position: (0.67101, -0.742234, 1.04999)
Size: (0.137517, 0.120996, 0.191459)

Position: (0.671497, 1.31788, 1.35542)
Size: (0.279412, 0.0489303, 0.159642)

Position: (0.968888, -0.740563, 0.916968)
Size: (0.00563925, 0.0584839, 0.0183118)

Position: (0.0216795, -0.359282, -0.101092)
Size: (0.0940434, 0.0988429, 0.0571563)

Position: (-1.29362, -1.19682, 1.32186)
Size: (0.261836, 0.036472, 0.120089)

Position: (0.824048, -0.864089, 0.989283)
Size: (0.202395, 0.0542438, 0.0915652)

Position: (0.000935539, 0.0292442, -0.163937)
Size: (0.0886466, 0.0230202, 0.05032)

Position: (1.41223, -1.01597, -0.219241)
Size: (0.249977, 0.155622, 0.0133019)

Position: (-0.730405, 0.0826806, -1.16981)
Size: (0.113938, 0.19117, 0.181292)

Position: (-0.502864, 0.547427, 0.800498)
Size: (0.215549, 0.152832, 0.0234836)

Position: (0.178159, 1.3473, 0.472806)
Size: (0.213827, 0.00593013, 0.191497)

Position: (-1.05009, 0.0632687, 0.344718)
Size: (0.249226, 0.285181, 0.0927988)

Position: (1.47421, -1.16988, -1.17592)
Size: (0.0283942, 0.168817, 0.155046)

Position: (-0.745379, -1.24703, 1.10397)
Size: (0.192876, 0.165568, 0.152995)

Position: (-1.19969, -0.113421, 0.247406)
Size: (0.109576, 0.15526, 0.277095)

Position: (0.351657, 0.856719, 0.0143501)
Size: (0.105334, 0.00615077, 0.232345)

Position: (-1.45524, -0.242631, -0.812397)
Size: (0.0710238, 0.17849, 0.179901)

Position: (-1.41789, -0.0139689, 1.28926)
Size: (0.0998261, 0.180366, 0.0602959)

Position: (0.237368, 0.493552, -0.911504)
Size: (0.291264, 0.0884548, 0.0612583)

Position: (-0.606095, 0.919454, -0.239999)
Size: (0.163766, 0.187855, 0.000832827)

Position: (1.40199, 1.43863, 0.538535)
Size: (0.262644, 0.0657822, 0.15577)

Position: (0.895579, -0.334152, 0.715497)
Size: (0.185135, 0.110314, 0.116208)

Position: (1.37949, -0.426695, 1.24656)
Size: (0.247269, 0.160358, 0.190419)

Position: (-0.0225988, -0.254218, 0.611085)
Size: (0.0141019, 0.135456, 0.203733)

Position: (-0.136193, -0.1509, 0.590142)
Size: (0.102397, 0.29671, 0.196729)

Position: (0.870425, 0.710173, -1.11377)
Size: (0.113515, 0.0847167, 0.218773)

Position: (0.267369, 0.9222, -0.542442)
Size: (0.0839772, 0.15529, 0.175891)

Position: (0.537812, 0.896981, 0.284829)
Size: (0.0268908, 0.270571, 0.285561)

Position: (-1.29417, -0.263986, -0.605118)
Size: (0.109863, 0.214179, 0.125529)

Position: (-1.4446, -1.28244, 1.14479)
Size: (0.194939, 0.287298, 0.247298)

