Position: (-1.04013, 0.327721, -0.443272)
Size: (0.128226, 0.0734421, 0.267192)

Position: (-0.259352, -1.37143, -1.30749)
Size: (0.236986, 0.239586, 0.0590214)

Position: (-0.862208, -0.0776257, 0.431782)
Size: (0.20535, 0.183643, 0.0901638)

Position: (0.177492, 0.58978, 0.501043)
Size: (0.229664, 0.1571, 0.219406)

Position: (-1.13546, -0.968808, 0.826998)
Size: (0.206156, 0.285628, 0.118519)

Position: (0.849686, 0.216687, -0.638584)
Size: (0.0265228, 0.283789, 0.150174)

Position: (0.0253072, 0.580549, 1.46403)
Size: (0.0617274, 0.277253, 0.106904)

Position: (1.49605, -0.67818, 1.38104)
Size: (0.11527, 0.2261, 0.296705)

Position: (-0.189853, -0.972181, 1.41306)
Size: (0.267487, 0.24752, 0.0287524)

Position: (-1.13226, 1.02398, 1.47001)
Size: (0.139547, 0.024661, 0.209639)

Position: (0.133746, 0.543767, -0.143588)
Size: (0.208527, 0.13826, 0.0938518)

Position: (1.15021, -0.0326509, 1.22542)
Size: (0.249478, 0.000505131, 0.23974)

Position: (-0.0373183, -0.742617, 0.0787397)
Size: (0.27451, 0.191391, 0.26343)

Position: (0.683176, 1.30781, -1.1824)
Size: (0.263822, 0.0372785, 0.0351023)

Position: (-1.03581, -1.48555, -0.991102)
Size: (0.235236, 0.133291, 0.238255)

Position: (-0.347249, -0.445591, -0.751321)
Size: (0.153877, 0.114542, 0.199957)

Position: (-1.42041, 0.662778, -0.0208173)
Size: (0.194514, 0.217493, 0.126228)

Position: (-1.01831, 0.415129, -0.623991)
Size: (0.220335, 0.282767, 0.299986)

Position: (0.463464, -0.490093, -0.786471)
Size: (0.269478, 0.255895, 0.209113)

Position: (1.36663, -0.95544, 0.739657)
Size: (0.0171462, 0.0309478, 0.288431)

Position: (-1.33301, -0.115107, -0.129694)
Size: (0.158462, 0.0313161, 0.1919)

Position: (-0.0583052, -0.457324, 0.268403)
Size: (0.224215, 0.262852, 0.0831478)

Position: (0.295165, -0.538995, 0.534262)
Size: (0.034339, 0.04565, 0.172843)

Position: (-0.730486, -0.159597, 0.868438)
Size: (0.297514, 0.240272, 0.0784781)

Position: (-1.14402, 0.528859, -1.39196)
Size: (0.00243304, 0.207927, 0.0903699)

Position: (-0.629253, 0.571419, -0.489116)
Size: (0.169769, 0.0657726, 0.236148)

Position: (1.12956, 1.22518, -0.650011)
Size: (0.293492, 0.109473, 0.19951)

Position: (-0.854953, 0.376884, -0.411337)
Size: (0.0169574, 0.268971, 0.0850472)

Position: (0.179532, -0.200155, 0.586907)
Size: (0.134778, 0.185021, 0.149816)

Position: (-0.140779, -0.362706, 0.0478729)
Size: (0.215272, 0.0471181, 0.134084)

Position: (1.0657, 1.22644, 0.266143)
Size: (0.0557737, 0.250623, 0.0473029)

Position: (-0.525283, -1.14266, -0.183535)
Size: (0.0173313, 0.0810204, 0.226118)

Position: (0.0303924, 1.27848, 1.36152)
Size: (0.128566, 0.277133, 0.0153685)

Position: (1.47247, 1.25217, -0.662862)
Size: (0.112855, 0.0843525, 0.156752)

Position: (-1.03246, 1.26277, 0.0311507)
Size: (0.114192, 0.0716778, 0.0854997)

Position: (-1.15266, -1.40977, -1.16957)
Size: (0.272642, 0.258742, 0.173804)

Position: (-0.318496, -0.792099, 1.32277)
Size: (0.215432, 0.268575, 0.121417)

Position: (0.862464, 0.725868, 1.16434)
Size: (0.0573182, 0.159557, 0.0992663)

Position: (0.792396, -0.274413, -0.770094)
Size: (0.156677, 0.220293, 0.0152531)

Position: (0.740144, 0.417433, 1.38141)
Size: (0.110231, 0.214648, 0.169448)

Position: (0.467969, -0.574025, 0.812494)
Size: (0.275694, 0.168651, 0.267502)

Position: (-0.375228, -0.485287, 0.168911)
Size: (0.0840764, 0.174082, 0.0451898)

Position: (0.750418, 0.928406, -0.863938)
Size: (0.128241, 0.0966862, 0.205219)

Position: (-1.07036, -0.38207, -0.99472)
Size: (0.205285, 0.13585, 0.178149)

Position: (0.925772, 1.32948, 0.73189)
Size: (0.254823, 0.217878, 0.0363393)

Position: (0.0631445, -1.18033, 1.04517)
Size: (0.264607, 0.153375, 0.105151)

Position: (1.01465, -1.12002, 0.894537)
Size: (0.128929, 0.25769, 0.0777229)

Position: (-1.28605, -0.0130667, 0.634742)
Size: (0.193248, 0.111898, 0.283873)

