Position: (-0.727254, -0.261582, 1.15945)
Size: (0.100546, 0.120602, 0.0794612)

Position: (1.36569, 0.521175, -0.695939)
Size: (0.27263, 0.270706, 0.165468)

Position: (-0.117368, -0.331559, -0.46762)
Size: (0.0445731, 0.230222, 0.0937482)

Position: (-1.1222, 0.309159, 0.771638)
Size: (0.131939, 0.0340737, 0.126508)

Position: (-0.829516, -0.121838, -0.471506)
Size: (0.0149552, 0.213799, 0.0526155)

Position: (0.395299, 0.310256, -0.697369)
Size: (0.290196, 0.0509146, 0.227685)

Position: (-0.929825, 0.00175683, 0.780365)
Size: (0.134487, 0.216675, 0.165681)

Position: (-0.266881, -0.299601, 0.464543)
Size: (0.244648, 0.233924, 0.134591)

Position: (-0.763226, -1.35236, 0.998573)
Size: (0.113955, 0.283836, 0.298159)

Position: (1.34013, 1.21126, 0.165949)
Size: (0.233877, 0.0425043, 0.231876)

Position: (-0.162695, 1.02568, 0.324149)
Size: (0.230724, 0.0263597, 0.196949)

Position: (0.107739, 1.20923, 0.201109)
Size: (0.191946, 0.0135163, 0.136156)

Position: (0.678233, 1.43438, -0.416211)
Size: (0.268622, 0.292271, 0.00712686)

Position: (1.48598, 1.21006, -1.3218)
Size: (0.227424, 0.231914, 0.201937)

Position: (-0.202616, -0.133768, -1.08044)
Size: (0.0961354, 0.0353566, 0.185206)

Position: (-0.993586, 1.01919, -1.41488)
Size: (0.0592651, 0.207061, 0.0358809)

Position: (0.229082, -0.260188, 1.24814)
Size: (0.0130143, 0.115802, 0.0426007)

Position: (-0.714246, -0.490943, -0.759974)
Size: (0.266946, 0.224563, 0.182085)

Position: (1.31517, 1.33533, 1.38156)
Size: (0.243988, 0.086645, 0.0220552)

Position: (-0.338028, 0.31128, -0.993999)
Size: (0.115152, 0.160878, 0.201881)

Position: (-0.309086, 1.05232, 0.0775326)
Size: (0.294778, 0.0729835, 0.164537)

Position: (0.620657, 0.33855, -0.828641)
Size: (0.0740059, 0.00599505, 0.029473)

Position: (-1.00704, -0.109956, -0.591323)
Size: (0.290896, 0.272908, 0.0498319)

Position: (1.31377, 0.00780259, -0.665168)
Size: (0.0688354, 0.248718, 0.162346)

Position: (-0.0681799, -0.843288, 0.799423)
Size: (0.131104, 0.0586672, 0.225194)

Position: (0.270188, 0.390292, -0.168413)
Size: (0.117461, 0.0949476, 0.10311)

Position: (-0.795515, 0.499143, 0.771739)
Size: (0.27756, 0.211889, 0.142034)

Position: (-0.461358, -0.0772445, 0.804371)
Size: (0.225976, 0.1219, 0.240475)

Position: (0.191042, 0.181663, -0.0759278)
Size: (0.200807, 0.0419751, 0.128055)

Position: (1.29053, 0.492622, 0.58178)
Size: (0.138652, 0.0247536, 0.258786)

Position: (1.15999, 0.958084, 0.242267)
Size: (0.0732602, 0.0616785, 0.111438)

Position: (0.855457, -0.204353, -0.199589)
Size: (0.18439, 0.162927, 0.0385874)

Position: (0.334883, 0.237497, 0.410501)
Size: (0.29517, 0.170041, 0.21129)

Position: (0.706914, -0.781229, -1.12045)
Size: (0.290103, 0.229612, 0.213989)

Position: (0.807002, 0.594714, -0.56306)
Size: (0.0046553, 0.0827485, 0.217361)

Position: (-0.236264, -0.68921, 0.975282)
Size: (0.133789, 0.226897, 0.192742)

Position: (0.39332, 1.4981, 1.21975)
Size: (0.0907317, 0.182048, 0.239313)

Position: (0.9106, 1.17292, -0.421511)
Size: (0.235031, 0.175131, 0.283754)

Position: (-1.14006, -0.876561, -0.149961)
Size: (0.244018, 0.0399511, 0.297435)

Position: (1.07858, -0.374437, -0.0782831)
Size: (0.0581238, 0.12265, 0.25021)

Position: (-1.17175, 1.18407, -0.839632)
Size: (0.03945, 0.133969, 0.226404)

Position: (-0.955978, 0.0519096, -0.332632)
Size: (0.271314, 0.0306571, 0.0625428)

Position: (1.08657, 0.703674, -0.352178)
Size: (0.0801249, 0.27573, 0.0588739)

Position: (-0.44945, 0.000904466, 0.822599)
Size: (0.234461, 0.000871215, 0.0714935)

Position: (1.24513, 1.18238, 0.991768)
Size: (0.125329, 0.0281302, 0.147114)

Position: (0.161004, -0.260359, -0.815035)
Size: (0.0109172, 0.219691, 0.00402502)

Position: (-0.513824, -1.41441, -0.847197)
Size: (0.166843, 0.211864, 0.0204364)

Position: (1.36194, 0.702672, 0.407469)
Size: (0.167609, 0.127792, 0.233038)

