Position: (-0.207344, -0.136346, -0.470168)
Size: (0.289563, 0.0518951, 0.266158)

Position: (0.200079, 1.43026, -1.10562)
Size: (0.148913, 0.0236443, 0.266181)

Position: (1.02299, -0.636627, 0.764495)
Size: (0.031464, 0.0903823, 0.101761)

Position: (0.121245, -0.0984287, -1.35147)
Size: (0.012167, 0.0367665, 0.0846612)

Position: (1.43735, -0.313558, 0.128887)
Size: (0.299025, 0.0328143, 0.158942)

Position: (1.1625, 1.35736, -0.334263)
Size: (0.114098, 0.00777181, 0.0121445)

Position: (0.188673, -0.34062, -1.19065)
Size: (0.184767, 0.127608, 0.0162243)

Position: (0.872625, -0.302432, 0.690661)
Size: (0.0292279, 0.140364, 0.125359)

Position: (0.765918, -0.0533681, 0.923778)
Size: (0.0568948, 0.168622, 0.237779)

Position: (-0.197199, -0.529739, -1.43608)
Size: (0.284229, 0.190032, 0.0468126)

Position: (0.577261, 0.05726, 1.28417)
Size: (0.0981474, 0.260137, 0.253908)

Position: (1.35698, -0.327514, 0.331886)
Size: (0.25202, 0.0116515, 0.0823867)

Position: (1.05249, 0.145463, -0.718054)
Size: (0.130471, 0.210472, 0.124159)

Position: (-0.244646, 0.621007, 1.29123)
Size: (0.0183335, 0.103384, 0.00519289)

Position: (-0.611504, 1.14593, -1.41753)
Size: (0.209577, 0.168205, 0.281757)

Position: (-1.45936, 0.294361, 1.48282)
Size: (0.122009, 0.0988609, 0.239918)

Position: (0.975695, 1.27516, 0.656578)
Size: (0.227809, 0.000129744, 0.110926)

Position: (0.429483, 0.467653, 0.20521)
Size: (0.188567, 0.112088, 0.198493)

Position: (-0.400459, 0.636149, -0.463288)
Size: (0.0773288, 0.0855732, 0.00924945)

Position: (0.0194495, 1.47701, -1.11645)
Size: (0.0608638, 0.0340479, 0.11961)

Position: (-0.483002, -1.49359, -0.42462)
Size: (0.0491243, 0.0168262, 0.223203)

Position: (0.901665, 0.0274633, -0.0191759)
Size: (0.114688, 0.270406, 0.0141436)

Position: (1.01483, 1.16933, -0.58096)
Size: (0.162231, 0.102516, 0.180103)

Position: (1.291, -0.517432, -0.988271)
Size: (0.132694, 0.241839, 0.058635)

Position: (-1.28545, 1.05017, 1.10879)
Size: (0.127399, 0.0307528, 0.218773)

Position: (0.613348, -0.824805, 0.895962)
Size: (0.109177, 0.268899, 0.248256)

Position: (-0.185092, 0.511891, -0.106673)
Size: (0.0692989, 0.039281, 0.209575)

Position: (-0.54907, -1.35237, -1.27368)
Size: (0.16617, 0.280494, 0.275627)

Position: (-0.164095, -1.37215, 0.445939)
Size: (0.166966, 0.0999841, 0.239721)

Position: (0.926063, -1.30578, -1.06761)
Size: (0.240817, 0.12969, 0.121628)

Position: (-0.112652, 0.0523999, -0.0855752)
Size: (0.050203, 0.0876819, 0.032002)

Position: (-1.39209, -0.436469, 1.27887)
Size: (0.262406, 0.204607, 0.270717)

Position: (0.26974, 1.0755, 0.574948)
Size: (0.0267083, 0.067417, 0.2991)

Position: (-0.979372, 0.388844, 0.910673)
Size: (0.22422, 0.287432, 0.137942)

Position: (1.45717, -0.0620778, -1.15912)
Size: (0.234281, 0.149037, 0.250399)

Position: (0.174536, -1.39322, -0.0993478)
Size: (0.051636, 0.20422, 0.0302823)

Position: (1.09558, 0.158173, 1.30032)
Size: (0.0145301, 0.0482951, 0.261855)

Position: (1.20262, 1.22905, -1.13817)
Size: (0.137058, 0.0234562, 0.1726)

Position: (0.828384, 1.26632, -0.900524)
Size: (0.0416375, 0.126116, 0.282683)

Position: (0.807706, -0.537617, -0.219945)
Size: (0.168102, 0.182812, 0.174645)

Position: (-0.24294, -0.510471, -0.0718843)
Size: (0.069656, 0.285964, 0.257091)

Position: (-0.669803, -0.610368, -1.47115)
Size: (0.0817426, 0.191516, 0.19116)

Position: (-0.940392, 0.737301, -1.1146)
Size: (0.156396, 0.239774, 0.16033)

Position: (-1.04104, -0.233855, -0.418431)
Size: (0.0497284, 0.0852654, 0.149618)

Position: (-0.92673, -0.295183, 1.40416)
Size: (0.191389, 0.0175704, 0.0418803)

Position: (-0.663817, 1.38847, 0.238464)
Size: (0.199583, 0.200313, 0.107367)

Position: (1.05225, 0.671474, 0.917018)
Size: (0.194085, 0.276023, 0.247158)

Position: (-0.246064, 1.30682, 0.645445)
Size: (0.192068, 0.0165731, 0.272495)

