Position: (1.38371, -0.766168, -1.08123)
Size: (0.274305, 0.127057, 0.0465153)

Position: (-0.407012, -1.32808, -1.11276)
Size: (0.216052, 0.29029, 0.104776)

Position: (-0.351322, 0.588201, 0.470267)
Size: (0.1088, 0.0497629, 0.13874)

Position: (-0.251783, 0.0675996, -1.31456)
Size: (0.150279, 0.232597, 0.241918)

Position: (-0.791363, 0.0618957, 0.28009)
Size: (0.158263, 0.0424183, 0.0537296)

Position: (-0.677463, -0.865571, -1.39379)
Size: (0.090895, 0.182138, 0.185677)

Position: (0.615437, -1.41945, -0.0904942)
Size: (0.198636, 0.296477, 0.0801747)

Position: (0.561142, -0.808628, 0.559621)
Size: (0.148452, 0.298947, 0.279547)

Position: (-1.10482, 0.507291, -0.414099)
Size: (0.08951, 0.283779, 0.238335)

Position: (-1.2621, -1.07402, 0.0577848)
Size: (0.269068, 0.116206, 0.236112)

Position: (0.169786, -0.929443, 1.31608)
Size: (0.137895, 0.253933, 0.0435699)

Position: (0.0432958, 0.275832, -0.368396)
Size: (0.148615, 0.29215, 0.0464728)

Position: (0.769066, -1.37489, 1.20896)
Size: (0.116181, 0.172636, 0.225572)

Position: (-0.740923, -0.808179, -1.35795)
Size: (0.0632314, 0.25389, 0.241478)

Position: (1.48395, 0.103298, -0.433266)
Size: (0.0980066, 0.169654, 0.0727324)

Position: (1.40964, -0.231341, -0.0775947)
Size: (0.270415, 0.0231022, 0.082939)

Position: (-1.31509, -0.497024, -1.36645)
Size: (0.0861315, 0.158385, 0.140766)

Position: (-1.02541, 0.289411, 0.900727)
Size: (0.117948, 0.191089, 0.128406)

Position: (0.626424, -0.957744, -0.609293)
Size: (0.145916, 0.031758, 0.238026)

Position: (-0.802093, 0.658482, -0.574123)
Size: (0.141443, 0.154254, 0.23021)

Position: (1.19263, -1.33303, -1.04522)
Size: (0.139261, 0.0962404, 0.220265)

Position: (0.391295, 0.46978, -1.28989)
Size: (0.245721, 0.0889265, 0.115296)

Position: (1.11654, 1.39654, 0.991307)
Size: (0.0829943, 0.0482567, 0.0451182)

Position: (-0.629582, 0.326293, 1.15025)
Size: (0.241304, 0.188992, 0.222279)

Position: (0.942746, 0.251195, -0.710961)
Size: (0.258651, 0.130662, 0.0791836)

Position: (-0.660548, 0.545528, -0.597964)
Size: (0.275332, 0.233275, 0.228551)

Position: (-1.48153, -0.213669, -1.27472)
Size: (0.0900835, 0.207001, 0.0438397)

Position: (0.79845, -1.24874, 1.1305)
Size: (0.062657, 0.00296944, 0.27634)

Position: (-0.508158, 1.1095, 1.36316)
Size: (0.0379524, 0.0113549, 0.240931)

Position: (-0.541945, 1.25027, -0.513021)
Size: (0.146213, 0.0203412, 0.108554)

Position: (1.39638, -0.799716, 0.762474)
Size: (0.0614063, 0.29087, 0.11481)

Position: (-0.833456, -0.182767, 0.818182)
Size: (0.0437852, 0.10569, 0.26785)

Position: (-0.132072, -1.12202, -0.0811028)
Size: (0.0586101, 0.258676, 0.0298015)

Position: (-0.244133, 1.13501, 0.945385)
Size: (0.263907, 0.0103961, 0.250368)

Position: (-1.24594, -0.204184, -1.11315)
Size: (0.289285, 0.148672, 0.0388419)

Position: (-0.208108, 0.0973699, -0.978852)
Size: (0.0985291, 0.0976688, 0.043604)

Position: (-0.0562599, -0.880802, -0.516368)
Size: (0.0514054, 0.00771564, 0.186884)

Position: (-0.288996, 0.819174, 1.4023)
Size: (0.11369, 0.01348, 0.12113)

Position: (1.21628, 0.967801, 0.377717)
Size: (0.139622, 0.215835, 0.00477012)

Position: (1.12454, 0.947191, -0.140128)
Size: (0.280963, 0.198012, 0.204292)

Position: (0.729543, -0.440017, -0.558983)
Size: (0.241799, 0.160496, 0.1072)

Position: (1.37551, 0.504003, 1.02314)
Size: (0.119124, 0.120758, 0.289749)

Position: (0.467824, -0.961168, 0.957931)
Size: (0.0749162, 0.020715, 0.0638471)

Position: (-1.17975, -0.532126, -1.1899)
Size: (0.0511403, 0.000249681, 0.212805)

Position: (-0.518814, -1.0475, -0.723565)
Size: (0.282473, 0.121049, 0.194103)

Position: (-0.238184, 0.696478, 0.322175)
Size: (0.132686, 0.0372428, 0.258113)

Position: (0.327771, 1.43923, -1.4568)
Size: (0.179518, 0.0188033, 0.0602886)

Position: (1.27014, -0.0308199, -0.422127)
Size: (0.0857431, 0.107866, 0.0502243)

