Position: (0.72834, 1.42832, -0.614795)
Size: (0.0492497, 0.00561634, 0.0357815)

Position: (0.302116, -0.106234, -1.29536)
Size: (0.20211, 0.187259, 0.12791)

Position: (-0.565312, 1.31172, 1.4558)
Size: (0.196483, 0.199748, 0.11445)

Position: (-0.306325, 0.75178, -0.662591)
Size: (0.0801655, 0.150622, 0.240243)

Position: (0.0482368, 1.07724, 0.229796)
Size: (0.215674, 0.0554268, 0.0767555)

Position: (1.42635, 0.0961238, -1.19703)
Size: (0.281845, 0.198181, 0.131953)

Position: (0.642127, -0.823795, -1.15888)
Size: (0.145539, 0.221865, 0.188527)

Position: (0.151209, 0.444463, -0.600629)
Size: (0.167958, 0.24962, 0.0897576)

Position: (-0.152293, -1.35458, 1.1143)
Size: (0.220568, 0.168306, 0.18997)

Position: (0.498882, -0.32457, 0.964298)
Size: (0.239097, 0.260969, 0.258654)

Position: (-0.979384, -1.08975, 0.162065)
Size: (0.214171, 0.15887, 0.0924279)

Position: (-1.4697, 0.993634, 1.20606)
Size: (0.00674521, 0.174143, 0.164424)

Position: (0.731273, 0.622917, -0.449705)
Size: (0.0803092, 0.0858749, 0.275895)

Position: (-0.220887, -0.527406, -0.719237)
Size: (0.261822, 0.242079, 0.135132)

Position: (-0.473071, -0.0562678, 0.441666)
Size: (0.229654, 0.150355, 0.131518)

Position: (0.182855, -0.840031, 1.4799)
Size: (0.0222786, 0.236969, 0.184683)

Position: (1.00618, 1.17823, -1.22427)
Size: (0.229419, 0.00414923, 0.214583)

Position: (-0.754116, -1.04664, -0.285574)
Size: (0.0693904, 0.104795, 0.247946)

Position: (0.969373, 0.196532, 0.0298928)
Size: (0.294282, 0.199064, 0.235973)

Position: (-0.881657, 0.0833092, -0.965402)
Size: (0.0459479, 0.160251, 0.0955378)

Position: (-0.19443, 1.20761, 0.989422)
Size: (0.210394, 0.128, 0.192243)

Position: (-0.0274623, 1.05884, 0.570652)
Size: (0.0690341, 0.0193482, 0.198336)

Position: (0.735158, 0.752405, -0.209492)
Size: (0.288946, 0.159077, 0.112653)

Position: (0.471962, -0.719633, 1.13113)
Size: (0.276189, 0.149888, 0.0984892)

Position: (0.30073, -0.370084, 1.4566)
Size: (0.177209, 0.191602, 0.0815445)

Position: (-1.44808, 0.253039, 0.65287)
Size: (0.0805144, 0.149728, 0.218603)

Position: (-0.815111, 1.18462, 1.47381)
Size: (0.186875, 0.0358495, 0.101126)

Position: (-0.269867, 0.3257, 1.24215)
Size: (0.00410741, 0.259184, 0.177047)

Position: (1.43496, 1.26361, -0.753494)
Size: (0.131008, 0.290678, 0.166338)

Position: (-0.737656, 0.736374, 1.33504)
Size: (0.144574, 0.210008, 0.210419)

Position: (-0.87078, 1.06949, -1.3046)
Size: (0.0708214, 0.0506949, 0.238708)

Position: (0.711116, -1.43656, 1.33858)
Size: (0.261813, 0.0210407, 0.266023)

Position: (-0.553801, 0.597225, 0.745452)
Size: (0.229485, 0.0533239, 0.114701)

Position: (0.927235, 0.0613587, 0.424542)
Size: (0.273923, 0.063806, 0.262995)

Position: (-1.35857, -1.32545, 0.426586)
Size: (0.222076, 0.200829, 0.217234)

Position: (0.230564, -0.879661, 1.14579)
Size: (0.211607, 0.146034, 0.201275)

Position: (0.200442, -0.350765, 1.05784)
Size: (0.113357, 0.261323, 0.161427)

Position: (-1.00078, -0.873546, 0.448541)
Size: (0.0965266, 0.142646, 0.273018)

Position: (1.25809, 0.763243, 0.680771)
Size: (0.140456, 0.218849, 0.253191)

Position: (-0.103312, -0.583589, 0.00934508)
Size: (0.082563, 0.142093, 0.048326)

Position: (-0.786121, -1.1905, -0.745172)
Size: (0.266263, 0.0786179, 0.150477)

Position: (1.3546, 0.714723, 0.733737)
Size: (0.139982, 0.241551, 0.233652)

Position: (-1.18669, 0.817295, -0.424995)
Size: (0.26198, 0.257439, 0.212899)

Position: (1.35356, -0.470245, 1.21735)
Size: (0.23585, 0.013482, 0.297646)

Position: (-0.591232, 0.423301, -0.540482)
Size: (0.132641, 0.0883114, 0.0856895)

Position: (1.08129, -0.716392, -1.41094)
Size: (0.166229, 0.217964, 0.273103)

Position: (-0.0770427, 0.415527, -0.19735)
Size: (0.00662378, 0.219393, 0.158805)

Position: (0.318463, 0.822872, -0.611542)
Size: (0.0241239, 0.198256, 0.250705)

