Position: (0.549707, -0.717799, -0.383263)
Size: (0.274462, 0.254418, 0.027961)

Position: (1.37677, -1.41281, -0.478629)
Size: (0.12755, 0.0757511, 0.128305)

Position: (0.0811825, -0.0850178, -0.24586)
Size: (0.263718, 0.161293, 0.115353)

Position: (-1.09261, 1.19411, -1.28588)
Size: (0.0357106, 0.18326, 0.0143542)

Position: (1.06086, 0.622553, 1.13001)
Size: (0.189916, 0.0833462, 0.200191)

Position: (1.45477, -0.132705, -0.941729)
Size: (0.17309, 0.0757907, 0.214202)

Position: (-1.30673, 1.12808, -0.583506)
Size: (0.146674, 0.0877483, 0.0108306)

Position: (-0.85926, -0.943674, -0.66902)
Size: (0.0339388, 0.0850727, 0.171963)

Position: (0.850824, 1.1767, 1.02262)
Size: (0.0725394, 0.0559964, 0.248351)

Position: (0.71221, -1.20182, -1.20296)
Size: (0.0322038, 0.250314, 0.207309)

Position: (-0.243179, 1.47237, 0.39956)
Size: (0.121621, 0.229971, 0.0357308)

Position: (-0.682315, -0.270358, 0.916053)
Size: (0.269682, 0.167071, 0.0136763)

Position: (-0.917884, -1.09664, -0.502944)
Size: (0.0821727, 0.12113, 0.290391)

Position: (0.609342, -0.421462, 0.822369)
Size: (0.153962, 0.252738, 0.175374)

Position: (-0.688179, 1.38302, -1.2192)
Size: (0.229998, 0.275201, 0.212298)

Position: (0.443813, -0.189361, -0.236824)
Size: (0.188636, 0.0576607, 0.0486776)

Position: (-1.15456, -0.259975, 0.254088)
Size: (0.0046937, 0.101414, 0.0954386)

Position: (-1.49657, -0.259511, -1.39388)
Size: (0.100024, 0.0210124, 0.0973691)

Position: (0.17186, 1.3161, -1.09178)
Size: (0.0630363, 0.282565, 0.00802361)

Position: (0.803592, -1.49126, 0.0418017)
Size: (0.0830213, 0.103871, 0.1155)

Position: (1.18033, -0.942423, -0.811713)
Size: (0.0741249, 0.125366, 0.215581)

Position: (-1.09116, 1.02418, -0.297143)
Size: (0.0400349, 0.257495, 0.00246815)

Position: (0.317874, 0.586197, -1.16468)
Size: (0.0968499, 0.250028, 0.285577)

Position: (-0.0956341, -1.43786, 0.925218)
Size: (0.0817522, 0.0722198, 0.151153)

Position: (-0.742558, 1.42155, -1.14042)
Size: (0.158609, 0.028, 0.006004)

Position: (-0.85463, -0.668684, -0.245132)
Size: (0.23669, 0.0791488, 0.18195)

Position: (0.405036, -0.552499, -0.358527)
Size: (0.269187, 0.104345, 0.198285)

Position: (0.58298, -0.431382, 1.01323)
Size: (0.105031, 0.0227918, 0.0853527)

Position: (-0.321576, 1.43462, -1.48113)
Size: (0.0513702, 0.110178, 0.0604549)

Position: (-1.26888, 0.844126, -0.641574)
Size: (0.155555, 0.114612, 0.147331)

Position: (0.452962, -0.979202, -0.984702)
Size: (0.028095, 0.0514194, 0.0567045)

Position: (-0.215003, 1.1701, -0.965021)
Size: (0.0690755, 0.280508, 0.0489883)

Position: (1.41304, 1.34793, 0.40231)
Size: (0.165168, 0.144657, 0.140538)

Position: (-0.854877, -0.419653, -0.277604)
Size: (0.287263, 0.0799059, 0.290626)

Position: (0.286399, 0.88731, -0.268634)
Size: (0.21078, 0.0123995, 0.299365)

Position: (0.252733, -0.966837, -0.260653)
Size: (0.0397787, 0.21449, 0.179417)

Position: (0.0067645, -0.671074, -1.0815)
Size: (0.138215, 0.298942, 0.199532)

Position: (1.49569, 0.785024, -1.21224)
Size: (0.0251515, 0.0478053, 0.0136296)

Position: (0.834797, 0.228027, 0.311354)
Size: (0.207436, 0.291007, 0.176444)

Position: (0.472364, 0.207402, 0.204518)
Size: (0.158252, 0.173869, 0.223788)

Position: (0.44113, 0.588255, -1.04959)
Size: (0.137436, 0.230094, 0.185838)

Position: (-0.394422, 1.40441, -0.223108)
Size: (0.14388, 0.0408827, 0.174303)

Position: (1.09233, 0.992043, -0.631318)
Size: (0.100048, 0.191945, 0.103989)

Position: (-0.0632744, -1.06995, -1.06192)
Size: (0.0422122, 0.133932, 0.190295)

Position: (0.650278, 0.397646, 0.0434007)
Size: (0.040006, 0.0611936, 0.0899842)

Position: (-0.642563, 0.674091, 0.919258)
Size: (0.181615, 0.218068, 0.128761)

Position: (0.560667, -0.257087, -1.07354)
Size: (0.0755551, 0.0967161, 0.201845)

Position: (-1.49288, 0.836803, 0.0632948)
Size: (0.10843, 0.122373, 0.0131192)

