Position: (1.00182, -1.31187, -0.877105)
Size: (0.0798681, 0.0390024, 0.170157)

Position: (-0.219943, -1.20733, 1.43015)
Size: (0.251039, 0.145076, 0.10336)

Position: (0.471978, -0.832077, 0.0814853)
Size: (0.198961, 0.0284026, 0.196117)

Position: (-0.153165, -0.0215581, 0.571287)
Size: (0.151714, 0.176955, 0.0345284)

Position: (-0.104676, -1.31972, -0.390609)
Size: (0.0169568, 0.0679256, 0.190626)

Position: (-0.275807, 0.38234, -0.978261)
Size: (0.23596, 0.281585, 0.205853)

Position: (0.847689, -0.83374, 0.324235)
Size: (0.178328, 0.165697, 0.133715)

Position: (-0.189329, -0.275877, 0.703691)
Size: (0.0634488, 0.0357903, 0.203773)

Position: (0.655978, 0.886836, 0.175952)
Size: (0.0323457, 0.250493, 0.172094)

Position: (-0.0955534, 0.772255, -1.04884)
Size: (0.0831755, 0.136571, 0.296719)

Position: (-0.68451, -0.120026, 0.744725)
Size: (0.117857, 0.153916, 0.150575)

Position: (-1.18437, -1.42033, -0.531374)
Size: (0.195055, 0.0233885, 0.0611927)

Position: (0.61817, 0.0145165, -1.38185)
Size: (0.263714, 0.144632, 0.15721)

Position: (0.367143, 1.10784, -1.433)
Size: (0.133139, 0.253051, 0.0213701)

Position: (0.453886, 0.713123, -1.23264)
Size: (0.00755182, 0.283243, 0.149917)

Position: (1.16985, 0.692619, 1.21568)
Size: (0.048929, 0.251397, 0.245355)

Position: (0.853337, 0.743365, -1.36648)
Size: (0.0370846, 0.193799, 0.0926945)

Position: (-1.38971, -1.37243, 0.280284)
Size: (0.204925, 0.223009, 0.0237888)

Position: (0.402124, -0.493448, 0.0729739)
Size: (0.297077, 0.076136, 0.242813)

Position: (0.891422, -1.3527, -0.808548)
Size: (0.00629075, 0.062169, 0.268768)

Position: (-0.576678, -0.0418929, 0.026085)
Size: (0.112622, 0.237581, 0.209368)

Position: (-0.648178, -0.469688, 0.31861)
Size: (0.157537, 0.143773, 0.189856)

Position: (-0.477406, -0.503715, -1.15951)
Size: (0.240657, 0.145729, 0.253894)

Position: (-0.392857, 0.562632, 0.326022)
Size: (0.143586, 0.194147, 0.13528)

Position: (0.274901, -1.10787, -0.753409)
Size: (0.181022, 0.0609551, 0.0162366)

Position: (1.34043, -1.17384, -1.38875)
Size: (0.108511, 0.230032, 0.289738)

Position: (1.19513, -1.26494, 1.40108)
Size: (0.0906018, 0.259225, 0.117981)

Position: (-1.27443, 1.19939, 0.963066)
Size: (0.136561, 0.0455214, 0.227066)

Position: (0.719249, -1.40164, -0.477473)
Size: (0.24547, 0.0503167, 0.268004)

Position: (0.187094, 1.0845, 0.0349066)
Size: (0.152443, 0.0338981, 0.0587143)

Position: (0.994376, -0.605249, 0.375336)
Size: (0.227015, 0.0847743, 0.175271)

Position: (-0.97931, 0.217647, 1.39552)
Size: (0.190122, 0.246447, 0.28445)

Position: (1.11896, 1.1531, 0.230562)
Size: (0.203109, 0.247039, 0.18051)

Position: (-0.326619, 0.567115, -0.164815)
Size: (0.269631, 0.173855, 0.0212701)

Position: (0.0278036, -0.0135357, 0.752691)
Size: (0.214879, 0.0872048, 0.0501621)

Position: (0.246608, -0.0875207, -0.507303)
Size: (0.124886, 0.246207, 0.263022)

Position: (-0.945842, 0.968539, -0.281887)
Size: (0.0319946, 0.116578, 0.0455832)

Position: (-0.180851, -0.961544, -0.78877)
Size: (0.215417, 0.193226, 0.0301673)

Position: (-1.0068, 1.38066, 0.557326)
Size: (0.277564, 0.25877, 0.0473493)

Position: (1.13105, 0.477254, 0.624968)
Size: (0.227926, 0.0940207, 0.0732129)

Position: (0.952663, 0.946336, -0.457985)
Size: (0.166658, 0.289708, 0.0406986)

Position: (0.00546041, 1.29675, 0.431456)
Size: (0.0034058, 0.0569508, 0.128732)

Position: (1.25365, -1.28114, -0.320378)
Size: (0.247658, 0.271125, 0.205558)

Position: (-0.550473, -0.577923, 0.995622)
Size: (0.0181173, 0.189622, 0.0685005)

Position: (-1.01591, 0.786244, -1.36188)
Size: (0.00457979, 0.280354, 0.192817)

Position: (1.49885, 0.228106, 1.38803)
Size: (0.134439, 0.100744, 0.0803865)

Position: (-1.47558, 1.48983, 1.39436)
Size: (0.000396311, 0.168345, 0.153116)

Position: (-0.627771, -0.481204, -1.16085)
Size: (0.247052, 0.264493, 0.285239)

