Position: (0.480156, -0.94795, -0.42079)
Size: (0.0882404, 0.184027, 0.17255)

Position: (1.21067, 0.667349, -1.29533)
Size: (0.267952, 0.239038, 0.0957755)

Position: (0.238285, -0.970321, -0.4382)
Size: (0.101799, 0.0790903, 0.204602)

Position: (0.814965, -1.29687, -0.450516)
Size: (0.297297, 0.0184419, 0.224363)

Position: (1.31503, -0.342317, 1.02806)
Size: (0.200569, 0.126763, 0.271219)

Position: (-0.770116, -0.824232, 1.37309)
Size: (0.0418052, 0.0173574, 0.232899)

Position: (-0.0588442, 1.09347, 0.240782)
Size: (0.211884, 0.00140016, 0.0236548)

Position: (0.879879, 1.03128, 1.13984)
Size: (0.191524, 0.225649, 0.223756)

Position: (-0.885474, 0.00523926, 1.4783)
Size: (0.104862, 0.13147, 0.0505087)

Position: (-1.31606, 1.03293, -1.03368)
Size: (0.278248, 0.111879, 0.289771)

Position: (0.153252, -0.120116, 0.0693091)
Size: (0.0305136, 0.123795, 0.0421007)

Position: (1.14011, -1.4286, 1.03246)
Size: (0.121486, 0.168653, 0.0301875)

Position: (-0.863193, 0.838737, -1.01799)
Size: (0.261467, 0.0972395, 0.132303)

Position: (-0.820036, 0.955669, 0.677194)
Size: (0.255228, 0.116294, 0.159471)

Position: (-1.22198, -0.500421, 0.902052)
Size: (0.0401561, 0.234651, 0.200344)

Position: (0.995802, 0.404488, 0.622693)
Size: (0.26946, 0.236303, 0.133043)

Position: (-0.442126, 0.801189, -0.978604)
Size: (0.160989, 0.114633, 0.254634)

Position: (0.255645, -0.465557, -0.635407)
Size: (0.0259299, 0.191066, 0.129912)

Position: (0.338094, 0.0522822, 0.674291)
Size: (0.152887, 0.234994, 0.183593)

Position: (-1.45129, -0.35997, -0.298672)
Size: (0.103396, 0.257703, 0.298591)

Position: (-1.12006, -0.739977, -1.17319)
Size: (0.169493, 0.105605, 0.0212157)

Position: (0.841074, 0.0413505, 0.996646)
Size: (0.164963, 0.13411, 0.278237)

Position: (-1.35441, 0.889544, 0.259435)
Size: (0.0818073, 0.128486, 0.245782)

Position: (-0.817515, -0.00695655, -0.574302)
Size: (0.134286, 0.193723, 0.167316)

Position: (1.23036, -0.213086, 1.27854)
Size: (0.0691817, 0.223772, 0.243788)

Position: (1.31652, 0.165787, -1.1761)
Size: (0.118048, 0.201642, 0.116432)

Position: (-0.721361, 1.37457, 1.44681)
Size: (0.0558156, 0.178585, 0.0302935)

Position: (-1.2543, -0.697099, 1.17079)
Size: (0.193156, 0.0406386, 0.0139668)

Position: (-1.46808, -0.278378, 0.321589)
Size: (0.145133, 0.24484, 0.00290777)

Position: (0.298142, 0.883433, -0.243066)
Size: (0.210222, 0.0198705, 0.284737)

Position: (1.02031, -0.82097, 0.0429457)
Size: (0.0316572, 0.13047, 0.0700987)

Position: (-1.09596, -0.701367, 0.968162)
Size: (0.248268, 0.0448341, 0.0790106)

Position: (-0.646767, -0.236357, 1.09909)
Size: (0.0753119, 0.051743, 0.0252756)

Position: (0.154875, -1.2857, 0.870639)
Size: (0.105414, 0.295341, 0.219928)

Position: (-1.49087, -0.453649, -1.23336)
Size: (0.0392184, 0.243207, 0.0603066)

Position: (-0.122847, 0.348015, 0.411462)
Size: (0.177779, 0.211512, 0.0205966)

Position: (-0.613858, 0.744338, -0.983766)
Size: (0.280768, 0.00931187, 0.0720492)

Position: (1.19139, -0.383797, 0.429338)
Size: (0.237314, 0.0600433, 0.0686991)

Position: (0.855417, -1.2759, 0.476616)
Size: (0.20434, 0.0194847, 0.0482129)

Position: (0.665862, 1.07506, -0.738319)
Size: (0.165734, 0.198633, 0.268969)

Position: (-0.830949, -0.189277, -1.4468)
Size: (0.0154949, 0.042179, 0.0838737)

Position: (-1.3001, 1.20149, 0.179007)
Size: (0.00869255, 0.180445, 0.00827924)

Position: (0.617897, -0.349228, 0.628887)
Size: (0.0205319, 0.100268, 0.295601)

Position: (0.365544, 0.245824, -0.413575)
Size: (0.24644, 0.0861679, 0.280004)

Position: (0.729354, -1.25973, -1.47782)
Size: (0.237108, 0.0266951, 0.20283)

Position: (0.794914, -0.422719, -0.109783)
Size: (0.0121547, 0.152417, 0.120327)

Position: (-1.02815, -0.907301, 0.28132)
Size: (0.220612, 0.105184, 0.186202)

Position: (1.11202, -0.519813, -0.270325)
Size: (0.246654, 0.253782, 0.105988)

