Position: (-1.32275, 0.366803, -0.249686)
Size: (0.130356, 0.145148, 0.101429)

Position: (-0.741031, -1.06468, -0.144943)
Size: (0.13726, 0.199095, 0.230332)

Position: (-0.686874, 0.481852, -1.24009)
Size: (0.290782, 0.163896, 0.239181)

Position: (0.139957, -0.636466, 1.02848)
Size: (0.298407, 0.210893, 0.191684)

Position: (0.136203, 1.06955, -0.377508)
Size: (0.165953, 0.0597059, 0.170935)

Position: (-0.854369, -0.745081, 0.609807)
Size: (0.273659, 0.0661402, 0.0228528)

Position: (0.943118, 0.241184, 0.206051)
Size: (0.057808, 0.279106, 0.160453)

Position: (-0.203705, -0.869196, -0.551785)
Size: (0.0608504, 0.0548402, 0.273453)

Position: (0.0932236, 1.17741, -0.41455)
Size: (0.213775, 0.0137082, 0.268983)

Position: (0.972491, 0.835788, -1.02627)
Size: (0.0148556, 0.0169416, 0.14605)

Position: (1.03624, 0.14106, -1.2528)
Size: (0.117394, 0.0687057, 0.212158)

Position: (-0.0593114, -0.192497, -1.3994)
Size: (0.061729, 0.0528238, 0.179427)

Position: (0.457433, -0.393466, 0.699187)
Size: (0.154006, 0.298463, 0.117686)

Position: (-0.850742, 0.153398, 1.31701)
Size: (0.205447, 0.037995, 0.194076)

Position: (0.308396, 1.30034, 0.262379)
Size: (0.118839, 0.162223, 0.102863)

Position: (-0.947026, 0.329978, 0.793018)
Size: (0.00913529, 0.0132337, 0.248445)

Position: (-1.4376, -1.09428, 0.71901)
Size: (0.171915, 0.156128, 0.294464)

Position: (0.786526, -0.228642, 0.359087)
Size: (0.187962, 0.152563, 0.273153)

Position: (-0.076292, 1.24391, 1.47719)
Size: (0.144085, 0.087477, 0.190572)

Position: (1.38847, 0.674369, 0.103597)
Size: (0.227196, 0.273443, 0.130493)

Position: (0.499725, 1.28493, 0.109872)
Size: (0.0280449, 0.000290545, 0.113938)

Position: (-0.0607203, -1.14227, -0.473099)
Size: (0.175694, 0.0703376, 0.135251)

Position: (-1.02561, -1.08745, -0.529319)
Size: (0.280946, 0.234231, 0.0394167)

Position: (0.0524548, 1.43097, -1.49781)
Size: (0.0387157, 0.279529, 0.193297)

Position: (-1.10381, -1.32898, 0.947002)
Size: (0.0777367, 0.297694, 0.0541235)

Position: (-0.944339, -0.208326, -0.273072)
Size: (0.037719, 0.103968, 0.292259)

Position: (0.852128, 0.548411, -0.689691)
Size: (0.23423, 0.140513, 0.268088)

Position: (-0.213529, 1.18471, -1.35993)
Size: (0.134827, 0.024534, 0.0617797)

Position: (-0.376218, -1.00537, -0.922234)
Size: (0.277967, 0.0185681, 0.289673)

Position: (0.231053, 0.305465, 0.306672)
Size: (0.150126, 0.22468, 0.210433)

Position: (-0.823392, 1.3209, 0.0178172)
Size: (0.134806, 0.239814, 0.0530704)

Position: (-0.745161, 1.20625, -1.07393)
Size: (0.138122, 0.136803, 0.241143)

Position: (1.05539, -1.07769, 1.25395)
Size: (0.160935, 0.235882, 0.0267885)

Position: (0.00374227, 0.801389, -0.220062)
Size: (0.205819, 0.0467364, 0.134443)

Position: (-0.804329, 1.03707, 0.889917)
Size: (0.24892, 0.0485485, 0.271668)

Position: (-1.2149, -0.770148, -0.823008)
Size: (0.277425, 0.286526, 0.04615)

Position: (1.30541, 1.48473, 0.937178)
Size: (0.084874, 0.233533, 0.186558)

Position: (1.49005, 1.25363, -0.686801)
Size: (0.0223346, 0.230175, 0.199532)

Position: (-0.766374, 0.320663, -1.34802)
Size: (0.295552, 0.0787916, 0.188745)

Position: (0.629924, 0.0807787, -1.2185)
Size: (0.213214, 0.0523192, 0.0505895)

Position: (-0.816969, 0.392559, 0.744666)
Size: (0.271586, 0.233347, 0.0673085)

Position: (1.37391, 1.43226, -0.840624)
Size: (0.238014, 0.181692, 0.162441)

Position: (0.220442, 0.186466, -1.11562)
Size: (0.168267, 0.10394, 0.0353405)

Position: (0.682736, 0.273215, 1.36531)
Size: (0.259302, 0.113048, 0.245955)

Position: (-0.0695436, 0.447545, -1.34445)
Size: (0.226015, 0.260015, 0.0245994)

Position: (0.65792, -0.703571, 1.0087)
Size: (0.272279, 0.155767, 0.152462)

Position: (1.14541, -1.10039, 0.222039)
Size: (0.264773, 0.045328, 0.0446866)

Position: (-0.348483, -0.35752, 0.0151019)
Size: (0.233469, 0.181154, 0.0228357)

