Position: (1.41728, -1.16331, 1.49555)
Size: (0.231603, 0.0598645, 0.218992)

Position: (1.33673, 0.0131585, 1.1126)
Size: (0.296461, 0.154841, 0.186646)

Position: (1.48689, -0.0814918, -0.534142)
Size: (0.247373, 0.147282, 0.102557)

Position: (-0.70009, -0.739859, -0.0871182)
Size: (0.113929, 0.0666317, 0.299178)

Position: (0.0273793, 1.28129, 0.387168)
Size: (0.187965, 0.0613919, 0.193839)

Position: (-0.556128, -0.740558, -0.96982)
Size: (0.255381, 0.0333407, 0.170794)

Position: (0.282652, 0.296786, 0.986944)
Size: (0.0804803, 0.206147, 0.00260195)

Position: (1.42172, -0.653191, -1.32622)
Size: (0.039853, 0.169503, 0.123212)

Position: (-0.994753, 0.0716973, -0.461826)
Size: (0.267546, 0.0574171, 0.0317317)

Position: (1.22139, 0.518618, 0.14198)
Size: (0.211558, 0.00573147, 0.179158)

Position: (0.433627, 1.30539, -1.15569)
Size: (0.0339417, 0.0571608, 0.130309)

Position: (0.0551718, -0.706952, 1.07129)
Size: (0.0336838, 0.15766, 0.0601475)

Position: (-0.147217, -0.899054, 0.130797)
Size: (0.261097, 0.04178, 0.292617)

Position: (0.343631, -0.477671, -0.0295078)
Size: (0.289111, 0.198373, 0.218831)

Position: (-0.0405986, -1.09469, 0.0742838)
Size: (0.162588, 0.253508, 0.0725041)

Position: (-0.773691, -0.442299, 1.40462)
Size: (0.196792, 0.290055, 0.234993)

Position: (-0.0625416, -1.45725, 1.0823)
Size: (0.259747, 0.116241, 0.299529)

Position: (0.422811, 0.818998, 1.21857)
Size: (0.121988, 0.237734, 0.151587)

Position: (1.1624, 0.199501, 1.263)
Size: (0.103626, 0.108732, 0.145395)

Position: (-0.605723, 1.29983, -1.24211)
Size: (0.283334, 0.17347, 0.1875)

Position: (0.898314, -0.324783, 0.898798)
Size: (0.120931, 0.246176, 0.216506)

Position: (0.774515, -1.38667, 0.663563)
Size: (0.166158, 0.0933985, 0.158853)

Position: (-0.0784241, -0.482224, 0.00770521)
Size: (0.105547, 0.160602, 0.206134)

Position: (-0.683664, -1.03751, -1.06595)
Size: (0.117266, 0.0395108, 0.213968)

Position: (-1.27912, 1.26664, -0.455752)
Size: (0.0307946, 0.0635078, 0.0551457)

Position: (0.272469, -0.127638, 0.78237)
Size: (0.189859, 0.237057, 0.131844)

Position: (-0.885914, -0.173189, 0.545513)
Size: (0.0309304, 0.178637, 0.250739)

Position: (-0.599116, 0.28261, -0.462329)
Size: (0.038373, 0.0473454, 0.042365)

Position: (-1.07859, -0.276451, 0.858211)
Size: (0.0487323, 0.284518, 0.29103)

Position: (-0.893235, -0.42757, -0.62417)
Size: (0.217419, 0.0894714, 0.245402)

Position: (1.22915, 0.405371, 1.3977)
Size: (0.234574, 0.033017, 0.13779)

Position: (1.04983, 0.433617, 0.335371)
Size: (0.171963, 0.259195, 0.0936632)

Position: (-0.403808, -0.381377, -1.17631)
Size: (0.0941201, 0.297051, 0.0376456)

Position: (-1.45871, 0.67555, -1.10086)
Size: (0.0854976, 0.219536, 0.165316)

Position: (-0.119988, 0.695912, -0.555514)
Size: (0.00801057, 0.192469, 0.231916)

Position: (-1.17873, 0.687915, -0.217931)
Size: (0.246245, 0.111876, 0.165535)

Position: (-1.00877, -0.740241, -1.48007)
Size: (0.11727, 0.251425, 0.15371)

Position: (-1.39867, 1.27562, -1.37476)
Size: (0.0249394, 0.11503, 0.271039)

Position: (1.10624, -0.679307, 1.14352)
Size: (0.144122, 0.00112866, 0.280597)

Position: (0.922404, 0.628216, 0.55657)
Size: (0.130748, 0.135045, 0.187177)

Position: (1.07623, -1.16469, 1.00384)
Size: (0.0108076, 0.216123, 0.0339534)

Position: (-0.903373, -0.302391, 1.09697)
Size: (0.241225, 0.16662, 0.158126)

Position: (0.451277, -0.0531924, -0.29006)
Size: (0.149935, 0.113754, 0.272273)

Position: (-0.380732, -1.04127, 0.914799)
Size: (0.119937, 0.16578, 0.196154)

Position: (0.750173, 0.00304723, -0.0492092)
Size: (0.198273, 0.247035, 0.0227651)

Position: (1.4897, 1.04898, 0.116475)
Size: (0.10829, 0.183003, 0.124915)

Position: (1.44914, 0.159713, -0.924096)
Size: (0.267179, 0.104289, 0.0741081)

Position: (-0.766706, -1.26068, 0.615802)
Size: (0.114822, 0.079069, 0.0163152)

