Position: (-0.817992, -0.0351534, -0.0319395)
Size: (0.25734, 0.296686, 0.138434)

Position: (-1.15564, -0.539984, 0.0321131)
Size: (0.270978, 0.295934, 0.123442)

Position: (-1.49035, -0.468074, -0.0755354)
Size: (0.263853, 0.184106, 0.239979)

Position: (0.840598, 0.872117, -1.43895)
Size: (0.250885, 0.0286282, 0.135506)

Position: (-0.538855, -1.21467, 0.584197)
Size: (0.0272161, 0.200744, 0.219072)

Position: (-0.171729, 0.720748, -0.228551)
Size: (0.00615756, 0.26553, 0.212669)

Position: (-1.19849, -0.626743, 1.09346)
Size: (0.0915897, 0.296017, 0.0665983)

Position: (-0.549016, -0.568015, -0.540897)
Size: (0.11695, 0.00644922, 0.219541)

Position: (0.877601, 0.548889, 1.44707)
Size: (0.155798, 0.0344189, 0.128927)

Position: (0.695776, -0.101248, 0.667458)
Size: (0.192701, 0.264504, 0.00143731)

Position: (-1.04153, -0.324047, 0.22065)
Size: (0.287482, 0.121707, 0.0203197)

Position: (-0.52524, -0.608403, -0.822231)
Size: (0.245268, 0.186064, 0.191952)

Position: (1.49686, -0.726265, 0.402616)
Size: (0.0713484, 0.0500975, 0.0293208)

Position: (0.0525544, 0.712965, 1.06613)
Size: (0.0716617, 0.206582, 0.120283)

Position: (0.47741, 0.807212, -1.21099)
Size: (0.254122, 0.27334, 0.00737728)

Position: (-0.157674, 0.384507, 0.258233)
Size: (0.166569, 0.0838012, 0.0671326)

Position: (0.690933, 0.683786, -1.49679)
Size: (0.177875, 0.299506, 0.295194)

Position: (-0.997225, -1.16106, 0.0851656)
Size: (0.125002, 0.27825, 0.223604)

Position: (0.495964, 0.236714, -1.04406)
Size: (0.0205499, 0.203556, 0.130226)

Position: (0.306327, -0.797306, 0.426204)
Size: (0.213786, 0.278352, 0.00969812)

Position: (0.535513, 0.850115, 1.2145)
Size: (0.0706735, 0.00242019, 0.272483)

Position: (-1.45561, 1.23582, 1.00071)
Size: (0.136343, 0.0945281, 0.108423)

Position: (1.04097, -0.615978, -0.642476)
Size: (0.128742, 0.0183712, 0.00365057)

Position: (-0.736018, 1.2664, -0.517249)
Size: (0.0457219, 0.00734094, 0.110065)

Position: (0.583582, 0.566722, -1.47102)
Size: (0.206508, 0.0656276, 0.235715)

Position: (0.969506, -0.396717, -0.609846)
Size: (0.293607, 0.141901, 0.0913556)

Position: (-0.904925, 0.45941, 0.995753)
Size: (0.0961382, 0.110758, 0.263634)

Position: (-1.19395, -0.132135, -0.493498)
Size: (0.193717, 0.23869, 0.0660523)

Position: (-1.00869, -0.505515, -0.809043)
Size: (0.103193, 0.237462, 0.294964)

Position: (-0.710252, 0.0528645, -1.33472)
Size: (0.23155, 0.251688, 0.254108)

Position: (-0.0931658, 1.30452, 0.460605)
Size: (0.0242956, 0.172375, 0.0471349)

Position: (1.47338, -0.470601, 1.04005)
Size: (0.15083, 0.198232, 0.133053)

Position: (0.727373, -1.45126, -1.47333)
Size: (0.0647937, 0.227975, 0.0640971)

Position: (1.49813, 0.173897, 1.41478)
Size: (0.176762, 0.273972, 0.290526)

Position: (1.34808, -1.04946, 0.609725)
Size: (0.0594275, 0.0360947, 0.0414823)

Position: (-0.622365, -1.32456, -0.3546)
Size: (0.0517596, 0.138531, 0.021944)

Position: (0.848712, -1.31138, -1.37879)
Size: (0.0137784, 0.206965, 0.0470887)

Position: (0.718554, -0.769488, -1.11356)
Size: (0.041505, 0.121526, 0.2112)

Position: (0.0750065, 0.0076088, 0.112374)
Size: (0.290176, 0.125313, 0.0433604)

Position: (-0.866825, -0.261359, 0.277172)
Size: (0.10591, 0.14959, 0.0939387)

Position: (0.956545, -1.22184, 1.29948)
Size: (0.239704, 0.227745, 0.22822)

Position: (0.998123, -0.442439, -0.224073)
Size: (0.0656132, 0.0841486, 0.0734254)

Position: (1.44315, 0.958893, 0.297737)
Size: (0.142307, 0.0290689, 0.0220158)

Position: (-0.865885, 1.3679, -1.32484)
Size: (0.16571, 0.287307, 0.0223311)

Position: (-1.38497, 0.295671, 0.0246913)
Size: (0.117552, 0.193591, 0.273478)

Position: (0.26594, 1.04853, 0.692641)
Size: (0.274633, 0.290287, 0.137341)

Position: (0.747835, -1.4668, 0.10258)
Size: (0.0069571, 0.278431, 0.291743)

Position: (1.35632, 0.479129, -1.27641)
Size: (0.171046, 0.213814, 0.195011)

