Position: (-1.45748, -0.389413, -0.796708)
Size: (0.217488, 0.000772972, 0.147786)

Position: (-0.445777, 1.31971, 0.939477)
Size: (0.254568, 0.176661, 0.0858318)

Position: (-0.425622, -0.766913, 1.03344)
Size: (0.0585764, 0.179672, 0.0949749)

Position: (0.442751, 0.254584, -0.460655)
Size: (0.0354178, 0.227954, 0.205549)

Position: (0.917867, -1.27667, -0.986758)
Size: (0.0996205, 0.10561, 0.164972)

Position: (0.384642, -0.215869, -0.90171)
Size: (0.0148898, 0.206928, 0.202294)

Position: (-0.22896, -1.4316, 1.41424)
Size: (0.237976, 0.07931, 0.249142)

Position: (-1.4024, -0.127377, 0.116636)
Size: (0.00102193, 0.0159719, 0.0680648)

Position: (1.21778, -1.40433, -1.15367)
Size: (0.279347, 0.0678351, 0.157218)

Position: (0.631243, -1.33579, -1.13542)
Size: (0.0672679, 0.152756, 0.147704)

Position: (1.43748, -1.27219, 0.749402)
Size: (0.127719, 0.136255, 0.00941007)

Position: (-1.08863, 0.972845, 0.791162)
Size: (0.153606, 0.0680335, 0.176956)

Position: (-1.45199, -1.30405, -0.26405)
Size: (0.158568, 0.0689763, 0.124107)

Position: (-0.43383, 0.353896, 1.28346)
Size: (0.270984, 0.269395, 0.0364558)

Position: (-0.876763, 1.22152, -1.22045)
Size: (0.185244, 0.136055, 0.157177)

Position: (1.36153, 0.626621, -0.443058)
Size: (0.0801849, 0.199248, 0.0324459)

Position: (0.346385, 0.013102, -0.876753)
Size: (0.159271, 0.141745, 0.0508758)

Position: (0.00183796, 1.37814, -0.684722)
Size: (0.239925, 0.142943, 0.0321576)

Position: (-0.25595, 0.645388, -0.928959)
Size: (0.117087, 0.0758845, 0.15983)

Position: (-1.3959, 0.950417, 1.04393)
Size: (0.140187, 0.139559, 0.0411985)

Position: (-0.474836, -1.30196, -0.55239)
Size: (0.0891813, 0.0607797, 0.203992)

Position: (-0.596635, -0.551756, 1.18086)
Size: (0.0706718, 0.154671, 0.120759)

Position: (-0.0753612, 0.702351, 0.901827)
Size: (0.140548, 0.0520122, 0.0693354)

Position: (-1.12229, 0.41007, 0.647127)
Size: (0.02619, 0.271112, 0.178435)

Position: (1.06206, -1.1279, 0.208476)
Size: (0.143246, 0.293972, 0.293097)

Position: (0.192586, -0.152016, 0.991842)
Size: (0.0609655, 0.2407, 0.252004)

Position: (-0.804125, 0.21264, -1.09535)
Size: (0.166992, 0.114355, 0.163902)

Position: (0.945269, 0.0574154, 0.311356)
Size: (0.289662, 0.270072, 0.294367)

Position: (1.21655, -0.511928, 0.547101)
Size: (0.100065, 0.167428, 0.110678)

Position: (-1.34925, 1.22984, 1.14455)
Size: (0.190298, 0.245544, 0.185507)

Position: (-0.0558745, -0.603467, -1.26502)
Size: (0.000212996, 0.136094, 0.072048)

Position: (0.794633, -0.366475, 0.79581)
Size: (0.275078, 0.143298, 0.0845727)

Position: (0.373752, -0.395159, 1.28199)
Size: (0.294663, 0.120561, 0.144746)

Position: (-0.427438, -0.0507931, 0.217422)
Size: (0.0688824, 0.176819, 0.264038)

Position: (-0.108951, 1.07825, -0.530685)
Size: (0.290601, 0.0747713, 0.0847688)

Position: (-0.387818, -0.142975, -0.542925)
Size: (0.156423, 0.247242, 0.249265)

Position: (-0.268127, -0.60626, 0.362974)
Size: (0.263863, 0.00496976, 0.12636)

Position: (0.620697, -0.271944, 0.228301)
Size: (0.115783, 0.185078, 0.292999)

Position: (0.347811, 0.617555, -0.294615)
Size: (0.135746, 0.0336956, 0.171854)

Position: (-0.564858, 0.861426, -0.886063)
Size: (0.271453, 0.299511, 0.0319318)

Position: (-0.628445, -0.233252, -1.44364)
Size: (0.293445, 0.10526, 0.180076)

Position: (0.585509, 0.34623, -1.3628)
Size: (0.215148, 0.0646003, 0.275196)

Position: (0.335283, 0.496607, -0.288816)
Size: (0.225393, 0.0954262, 0.0117417)

Position: (0.707223, 0.112636, 1.28689)
Size: (0.205639, 0.0859687, 0.00348025)

Position: (-1.35367, 0.148166, -0.758405)
Size: (0.25441, 0.253397, 0.243553)

Position: (-1.01231, 0.183948, 0.904144)
Size: (0.276563, 0.103433, 0.152445)

Position: (-0.554754, 1.48125, 1.17967)
Size: (0.0695715, 0.152203, 0.119622)

Position: (0.128096, 0.0743691, -0.200318)
Size: (0.0385325, 0.188594, 0.265261)

