Position: (0.913796, -0.176718, 0.779339)
Size: (0.0987646, 0.0799792, 0.254169)

Position: (1.30644, -0.863392, 0.133755)
Size: (0.21485, 0.0276864, 0.266227)

Position: (-1.12673, 1.4117, 1.46851)
Size: (0.187151, 0.206317, 0.0632539)

Position: (1.47415, -1.2824, -0.330879)
Size: (0.159327, 0.202506, 0.00398572)

Position: (-0.247051, 1.36559, -0.685606)
Size: (0.203112, 0.192688, 0.0710327)

Position: (0.8939, -0.942703, -0.660265)
Size: (0.138699, 0.105382, 0.0196806)

Position: (0.998917, -1.47936, -0.147019)
Size: (0.0936238, 0.273283, 0.00526756)

Position: (-0.274883, -1.11764, 1.38079)
Size: (0.136795, 0.0164583, 0.264162)

Position: (-0.695258, 0.746963, 0.311038)
Size: (0.0536569, 0.0102842, 0.078942)

Position: (-0.413002, -1.02342, -0.106226)
Size: (0.111097, 0.101601, 0.196044)

Position: (-1.44657, -0.161987, -1.45666)
Size: (0.183771, 0.0718042, 0.00887397)

Position: (1.36887, 0.00296172, 0.930382)
Size: (0.201789, 0.260799, 0.210212)

Position: (0.707295, -0.760341, 0.0410066)
Size: (0.141589, 0.11701, 0.0375898)

Position: (-0.491614, -0.493002, -0.721941)
Size: (0.0789375, 0.132329, 0.285356)

Position: (-1.01222, -0.989693, -0.189394)
Size: (0.190616, 0.281383, 0.0400405)

Position: (0.0678208, 0.883674, 0.934878)
Size: (0.252298, 0.141249, 0.244414)

Position: (1.14174, -0.856054, -0.732608)
Size: (0.0877847, 0.129142, 0.181967)

Position: (-0.560891, 0.325351, -1.28682)
Size: (0.234431, 0.0800147, 0.198229)

Position: (-0.912346, 1.4971, 0.176813)
Size: (0.223189, 0.163815, 0.147178)

Position: (-0.0368163, -1.16216, -1.43328)
Size: (0.217458, 0.0050314, 0.0292098)

Position: (-1.21169, 0.363522, 0.275548)
Size: (0.0254887, 0.14706, 0.262349)

Position: (0.864049, -0.291885, -0.416954)
Size: (0.110529, 0.288108, 0.142603)

Position: (-0.820795, 0.498057, -1.24511)
Size: (0.214169, 0.18002, 0.00720709)

Position: (0.536673, -0.151604, 0.444863)
Size: (0.279415, 0.0554576, 0.114373)

Position: (-0.378759, -1.04567, -1.14196)
Size: (0.160007, 0.267486, 0.153693)

Position: (0.64505, -0.31067, 0.512909)
Size: (0.00943799, 0.0177999, 0.0143225)

Position: (1.32471, 1.10459, -0.268118)
Size: (0.28128, 0.132751, 0.19043)

Position: (-1.37923, -1.23107, -1.42008)
Size: (0.102633, 0.279863, 0.202637)

Position: (-0.38024, 0.56374, -0.179405)
Size: (0.204141, 0.111537, 0.176508)

Position: (0.668823, -1.11265, -0.0957662)
Size: (0.013023, 0.066512, 0.143344)

Position: (0.548295, 1.34435, 0.0176924)
Size: (0.178652, 0.219039, 0.0795682)

Position: (1.07764, -1.19247, 0.650762)
Size: (0.138149, 0.264322, 0.0556191)

Position: (-1.44687, 0.825694, 1.42751)
Size: (0.187706, 0.0734464, 0.291686)

Position: (-0.246627, 0.711813, 1.48394)
Size: (0.0517424, 0.150083, 0.188529)

Position: (0.873616, -0.200306, 1.39974)
Size: (0.0988279, 0.132205, 0.174066)

Position: (0.662375, 0.508102, -0.616359)
Size: (0.0983165, 0.040979, 0.203581)

Position: (-1.00874, -1.31301, -0.780541)
Size: (0.130684, 0.188374, 0.293025)

Position: (0.842565, -1.23751, -1.18532)
Size: (0.298607, 0.0615133, 0.0310397)

Position: (1.32961, -1.09894, -0.387366)
Size: (0.0332633, 0.178792, 0.161111)

Position: (0.410163, 1.01555, 1.23587)
Size: (0.222283, 0.0588681, 0.255635)

Position: (0.31289, -1.09544, -0.614607)
Size: (0.0421637, 0.0213678, 0.0376303)

Position: (0.0343925, 1.42955, -0.839729)
Size: (0.24947, 0.222875, 0.204495)

Position: (-1.29741, -0.331058, -0.785561)
Size: (0.00215927, 0.0662375, 0.00530947)

Position: (1.183, -0.142431, 1.07102)
Size: (0.040183, 0.282373, 0.160895)

Position: (-0.958938, 1.37632, 0.546067)
Size: (0.175035, 0.271295, 0.148487)

Position: (1.46604, -0.942669, -0.465276)
Size: (0.135767, 0.0547421, 0.0895033)

Position: (-1.22817, -0.0532505, 1.19402)
Size: (0.141698, 0.126883, 0.221461)

Position: (-1.0944, 0.235776, 0.317199)
Size: (0.177111, 0.125111, 0.133509)

