Position: (1.07268, -1.31522, 0.337421)
Size: (0.0427261, 0.0353809, 0.10776)

Position: (-0.553645, -0.085848, 1.45598)
Size: (0.23197, 0.255013, 0.0464131)

Position: (-0.574697, 0.539508, -1.1951)
Size: (0.288486, 0.286575, 0.231495)

Position: (0.549114, -0.88108, -0.0938984)
Size: (0.0402096, 0.0855842, 0.0170716)

Position: (-0.826999, 0.577616, 1.33937)
Size: (0.0286232, 0.00656483, 0.177652)

Position: (1.25327, 0.176194, -1.31889)
Size: (0.21331, 0.233416, 0.226001)

Position: (0.729715, 0.357081, 0.434736)
Size: (0.166859, 0.296604, 0.0898578)

Position: (-0.357691, 1.32894, -0.972152)
Size: (0.218878, 0.166753, 0.169341)

Position: (1.10755, 0.753715, -0.345643)
Size: (0.127999, 0.287507, 0.233947)

Position: (-0.112278, -0.0717993, -0.116176)
Size: (0.211908, 0.0888469, 0.245445)

Position: (-0.466404, -1.34708, -1.00717)
Size: (0.171644, 0.127513, 0.142585)

Position: (0.969977, 1.40556, 0.704853)
Size: (0.225799, 0.251408, 0.122395)

Position: (-1.26458, 1.36012, 0.19949)
Size: (0.183622, 0.180213, 0.138542)

Position: (0.893539, 1.00005, 1.11942)
Size: (0.254431, 0.20987, 0.210106)

Position: (1.25799, 0.504079, -0.570881)
Size: (0.0205171, 0.136847, 0.0958555)

Position: (-1.41041, 0.140157, -1.29567)
Size: (0.238292, 0.18484, 0.218846)

Position: (1.07495, -0.543173, 0.623652)
Size: (0.238181, 0.0829176, 0.162166)

Position: (0.14025, 0.677994, 1.04178)
Size: (0.20483, 0.0893835, 0.100492)

Position: (1.27024, -0.571868, 1.47807)
Size: (0.0686663, 0.205465, 0.287402)

Position: (0.599717, 0.264928, -0.0977169)
Size: (0.0178564, 0.277902, 0.148227)

Position: (-0.995382, -1.17847, -0.685317)
Size: (0.160445, 0.110075, 0.267512)

Position: (1.07537, 0.653802, 0.852695)
Size: (0.162492, 0.121359, 0.0450188)

Position: (1.01637, 0.581321, -0.299057)
Size: (0.105609, 0.0908263, 0.22546)

Position: (-0.595395, 1.23972, -1.15118)
Size: (0.0640654, 0.281469, 0.0221186)

Position: (-1.40628, -0.929284, -1.02681)
Size: (0.0217191, 0.294086, 0.0771378)

Position: (-0.755151, 1.25439, 0.643651)
Size: (0.00181388, 0.0715519, 0.0410754)

Position: (1.13931, -1.48177, -1.25514)
Size: (0.0888895, 0.280105, 0.0913083)

Position: (-0.140386, -1.38798, -1.12474)
Size: (0.166652, 0.248198, 0.107048)

Position: (-0.678217, -0.657472, -1.48767)
Size: (0.227466, 0.247252, 0.113904)

Position: (0.397607, -1.27362, 1.43218)
Size: (0.0789584, 0.27355, 0.28105)

Position: (-1.43732, 1.07378, 0.944146)
Size: (0.138691, 0.142346, 0.0228741)

Position: (-0.0735121, 0.526288, -1.45602)
Size: (0.141787, 0.00242759, 0.184542)

Position: (-1.06623, -0.38255, -1.05832)
Size: (0.0788683, 0.118696, 0.16935)

Position: (0.582542, -1.26132, -0.351089)
Size: (0.135177, 0.0410781, 0.0242599)

Position: (-0.38017, 0.409614, 0.41698)
Size: (0.151159, 0.159737, 0.196696)

Position: (0.0458465, -0.0328838, -0.708831)
Size: (0.267095, 0.0279126, 0.0516992)

Position: (0.776297, 0.849242, 0.988197)
Size: (0.0388719, 0.111882, 0.149035)

Position: (0.281352, 0.0748288, 0.433346)
Size: (0.0259541, 0.111521, 0.0175218)

Position: (0.609301, -1.38279, -0.0234612)
Size: (0.0401679, 0.102311, 0.104573)

Position: (1.28446, -1.09175, -1.32781)
Size: (0.182318, 0.242432, 0.0676519)

Position: (0.932449, -0.367901, 1.07092)
Size: (0.219901, 0.164731, 0.190104)

Position: (-0.434955, 0.742463, -0.538885)
Size: (0.188025, 0.220472, 0.0249637)

Position: (0.895558, -0.65916, 0.825835)
Size: (0.273919, 0.0418332, 0.12498)

Position: (1.14218, 1.01808, -0.986228)
Size: (0.245524, 0.0802625, 0.126229)

Position: (0.123674, 0.546807, -0.460898)
Size: (0.171992, 0.239718, 0.183035)

Position: (-1.09967, 1.29494, -0.837854)
Size: (0.0352372, 0.0419111, 0.0853475)

Position: (0.279749, 0.0733618, -0.979017)
Size: (0.291204, 0.0480654, 0.0324084)

Position: (1.35565, 0.813622, -1.22625)
Size: (0.154498, 0.206153, 0.276389)

