Position: (1.04336, -1.06936, -0.0793465)
Size: (0.138917, 0.25255, 0.193584)

Position: (-1.3806, -0.77543, 0.529815)
Size: (0.129489, 0.0193612, 0.233439)

Position: (0.331168, -0.00314885, -0.828238)
Size: (0.0805776, 0.0579329, 0.0595718)

Position: (0.974131, 0.987621, 1.48718)
Size: (0.274752, 0.272917, 0.226322)

Position: (-0.545743, 0.650778, 0.713324)
Size: (0.098052, 0.117555, 0.146008)

Position: (-0.910958, 0.959493, -0.223286)
Size: (0.119694, 0.259576, 0.101555)

Position: (1.3236, -0.960437, 1.23263)
Size: (0.116707, 0.272358, 0.143208)

Position: (-1.2879, 0.83701, 0.56244)
Size: (0.0695094, 0.151656, 0.137779)

Position: (0.364465, -1.33269, -0.962459)
Size: (0.24038, 0.2562, 0.254859)

Position: (1.37101, -0.776919, -0.181962)
Size: (0.260903, 0.16047, 0.23806)

Position: (-1.22984, 0.849529, 0.337377)
Size: (0.2671, 0.117436, 0.192849)

Position: (1.12432, -0.419615, -0.939026)
Size: (0.276303, 0.284718, 0.294583)

Position: (-1.09943, 1.38494, 0.715724)
Size: (0.168412, 0.236559, 0.0126075)

Position: (-0.598057, 0.259358, 0.19033)
Size: (0.245757, 0.0043618, 0.0773764)

Position: (0.861736, -0.383625, 0.665034)
Size: (0.0130776, 0.164834, 0.0167578)

Position: (-0.0986274, -0.236536, 0.101238)
Size: (0.0351491, 0.111, 0.280493)

Position: (-1.07184, 0.855312, 1.10921)
Size: (0.256292, 0.29014, 0.156908)

Position: (1.35952, -0.152137, -0.943278)
Size: (0.269921, 0.130903, 0.000371417)

Position: (0.360411, -1.1302, -0.474526)
Size: (0.0419833, 0.201891, 0.201977)

Position: (-1.26988, 1.21951, 0.0705807)
Size: (0.0885232, 0.0317701, 0.141321)

Position: (0.166595, -0.181695, 1.27102)
Size: (0.173223, 0.00754303, 0.286363)

Position: (0.526508, 0.398019, -0.677176)
Size: (0.121627, 0.199094, 0.172404)

Position: (-0.122245, 0.397177, 0.217101)
Size: (0.170526, 0.0579698, 0.0585134)

Position: (-0.873431, -0.827919, -1.11365)
Size: (0.101672, 0.0748278, 0.0919974)

Position: (-0.94964, 0.315626, 1.32985)
Size: (0.217132, 0.272684, 0.20438)

Position: (-0.709, -0.0813748, -0.0664765)
Size: (0.1029, 0.00859219, 0.108389)

Position: (0.200053, -0.322324, -1.24613)
Size: (0.0817965, 0.14303, 0.132017)

Position: (0.891548, 0.607008, -1.49989)
Size: (0.242531, 0.214873, 0.115494)

Position: (1.21312, -1.45056, 1.03696)
Size: (0.194067, 0.207234, 0.287775)

Position: (0.763063, 0.260926, -0.321028)
Size: (0.200639, 0.111167, 0.173875)

Position: (0.0844111, -0.4788, 0.642369)
Size: (0.0533954, 0.205721, 0.214658)

Position: (0.446668, -0.428166, -0.281566)
Size: (0.0444086, 0.14671, 0.0838245)

Position: (0.424815, -1.32416, -1.07428)
Size: (0.295775, 0.282438, 0.251526)

Position: (1.29744, -1.3675, -1.4507)
Size: (0.221601, 0.0541693, 0.244088)

Position: (-0.840803, 0.332599, 0.799903)
Size: (0.0296723, 0.170718, 0.0357751)

Position: (1.37394, 1.37045, -0.0198071)
Size: (0.138268, 0.192972, 0.0141696)

Position: (-0.174102, -0.161006, -1.24311)
Size: (0.154822, 0.238307, 0.188301)

Position: (0.479782, 1.25411, 0.401117)
Size: (0.189257, 0.251295, 0.192419)

Position: (-1.27729, 0.461932, -1.41027)
Size: (0.113402, 0.115231, 0.226431)

Position: (1.1621, -0.749771, 1.28307)
Size: (0.155485, 0.0953252, 0.133629)

Position: (0.189534, 1.48637, 0.499172)
Size: (0.0713352, 0.164679, 0.0250179)

Position: (-0.825452, 1.36546, 0.578854)
Size: (0.257904, 0.0912906, 0.000963843)

Position: (-0.0983566, 1.24107, 0.660135)
Size: (0.107346, 0.285904, 0.232454)

Position: (0.933849, 0.927392, 0.0884132)
Size: (0.0826649, 0.262594, 0.0604682)

Position: (-1.17573, -0.451218, -0.770862)
Size: (0.0051799, 0.0320524, 0.0186307)

Position: (1.25252, 0.650814, 0.376528)
Size: (0.216869, 0.0346077, 0.27976)

Position: (1.25629, -0.0319742, -1.03618)
Size: (0.060844, 0.161015, 0.266971)

Position: (1.03218, -1.02596, -0.903633)
Size: (0.118357, 0.0537586, 0.0281149)

