Position: (-1.46655, 1.20004, -0.215913)
Size: (0.0158426, 0.113697, 0.0137835)

Position: (0.10455, 0.742409, -0.850418)
Size: (0.217612, 0.181719, 0.265124)

Position: (-0.00762484, 0.845962, 1.37673)
Size: (0.160186, 0.144694, 0.209467)

Position: (0.349086, -1.20893, 0.132872)
Size: (0.214912, 0.248547, 0.0331563)

Position: (-0.997371, 0.81375, -0.941651)
Size: (0.202891, 0.0563262, 0.298725)

Position: (-1.42696, 1.37973, -0.671161)
Size: (0.0214954, 0.227934, 0.12006)

Position: (-0.14293, -0.629764, 0.768053)
Size: (0.17645, 0.0594785, 0.0762332)

Position: (-1.24698, 0.0820508, -1.43738)
Size: (0.0767669, 0.116461, 0.0138069)

Position: (-0.960746, 0.174193, 1.02151)
Size: (0.174401, 0.163539, 0.0285082)

Position: (1.0195, -0.57291, -0.759418)
Size: (0.0507532, 0.268849, 0.160416)

Position: (0.249464, -1.39736, -1.3897)
Size: (0.0747895, 0.011654, 0.267335)

Position: (-1.19899, -0.433025, -1.41231)
Size: (0.0656681, 0.0922604, 0.183721)

Position: (0.548438, -1.18146, 1.35106)
Size: (0.044261, 0.268903, 0.131899)

Position: (0.927277, -0.0859741, -1.02708)
Size: (0.171378, 0.0753214, 0.156592)

Position: (0.328593, 0.349211, -1.1708)
Size: (0.00657075, 0.229721, 0.12697)

Position: (0.526409, -0.279153, 0.998908)
Size: (0.231446, 0.126701, 0.095439)

Position: (0.351516, -1.23705, 1.44612)
Size: (0.138173, 0.0773087, 0.0275675)

Position: (-0.635067, 1.43993, -0.134024)
Size: (0.167125, 0.158994, 0.196401)

Position: (1.39877, 0.649258, -0.0838302)
Size: (0.121028, 0.183323, 0.200795)

Position: (0.494542, -0.568503, 0.584508)
Size: (0.0545615, 0.0789273, 0.00390861)

Position: (-0.898065, -0.0188226, -1.14339)
Size: (0.0973434, 0.189155, 0.13703)

Position: (0.803231, 1.19556, 0.342593)
Size: (0.0547277, 0.0716397, 0.235907)

Position: (-0.16681, 1.17215, -0.159457)
Size: (0.258689, 0.143916, 0.0916421)

Position: (-1.10141, 0.0489703, 0.832849)
Size: (0.260617, 0.168975, 0.224678)

Position: (1.07324, -0.0947416, 0.796282)
Size: (0.258544, 0.111705, 0.0988158)

Position: (1.33365, -1.40101, -0.894602)
Size: (0.219043, 0.287016, 0.0553006)

Position: (0.317957, 0.635736, -1.44894)
Size: (0.297648, 0.183713, 0.249625)

Position: (0.253903, -0.377643, 0.00464841)
Size: (0.0810514, 0.0157758, 0.224113)

Position: (0.404129, 0.207347, 0.401304)
Size: (0.183857, 0.1872, 0.255599)

Position: (0.362645, 1.33142, -0.864281)
Size: (0.0977954, 0.0396267, 0.109198)

Position: (-0.65662, 0.663869, -0.766941)
Size: (0.125039, 0.188923, 0.131091)

Position: (0.0656835, 0.152369, -0.937534)
Size: (0.0943721, 0.0675065, 0.100676)

Position: (-1.28247, -0.0429691, -0.321893)
Size: (0.102373, 0.10051, 0.227553)

Position: (0.204754, -1.01319, 1.33656)
Size: (0.0692311, 0.234021, 0.0300585)

Position: (-0.923888, 0.753514, 0.811958)
Size: (0.145761, 0.0722895, 0.217958)

Position: (-0.954374, 0.66994, 0.286665)
Size: (0.147626, 0.140022, 0.104021)

Position: (0.155835, 0.553344, -0.964732)
Size: (0.193179, 0.0253111, 0.152272)

Position: (-0.925022, 1.36569, 1.02341)
Size: (0.0954634, 0.258306, 0.252097)

Position: (-1.37667, 0.340741, 1.23921)
Size: (0.129431, 0.26667, 0.075124)

Position: (0.886231, -1.4206, 0.809404)
Size: (0.177773, 0.224048, 0.0237189)

Position: (0.393157, 1.02356, 0.502646)
Size: (0.103713, 0.162761, 0.231386)

Position: (-0.52515, 0.0473048, 0.0559436)
Size: (0.288477, 0.191126, 0.0273392)

Position: (1.22696, -0.527821, 0.206838)
Size: (0.217159, 0.139813, 0.186737)

Position: (-1.27568, -1.25836, 1.38427)
Size: (0.0168416, 0.088057, 0.0242655)

Position: (0.422794, -1.37688, 0.989519)
Size: (0.211862, 0.127475, 0.1112)

Position: (1.46954, -1.3238, 0.825656)
Size: (0.174141, 0.0234662, 0.0177215)

Position: (1.38783, 0.409792, -0.0680023)
Size: (0.0754778, 0.0656592, 0.104567)

Position: (-0.34124, -1.36606, -1.47449)
Size: (0.223493, 0.0710949, 0.030745)

