Position: (1.19738, 0.225037, -1.41216)
Size: (0.238149, 0.0698474, 0.143356)

Position: (-0.192203, 1.08187, 1.26795)
Size: (0.0956985, 0.183671, 0.271631)

Position: (1.03133, -1.20228, -0.682069)
Size: (0.242438, 0.260154, 0.297447)

Position: (-0.624203, 0.195137, -0.400454)
Size: (0.169647, 0.121821, 0.15365)

Position: (-1.31634, 1.16277, -0.375164)
Size: (0.240499, 0.194685, 0.292992)

Position: (0.642053, 0.556884, -0.752627)
Size: (0.0274776, 0.249791, 0.163367)

Position: (1.14102, 0.817237, 0.823254)
Size: (0.0541866, 0.155393, 0.0463219)

Position: (-0.638039, 0.421506, -0.940608)
Size: (0.227515, 0.221733, 0.204533)

Position: (-0.184379, -1.34609, 0.732476)
Size: (0.1942, 0.29815, 0.0670426)

Position: (-0.573426, -1.28398, 0.750642)
Size: (0.0944054, 0.190368, 0.208413)

Position: (0.793525, -1.41507, 0.923479)
Size: (0.0401236, 0.245579, 0.033781)

Position: (-0.105801, 0.608848, -0.197256)
Size: (0.170392, 0.271661, 0.0390451)

Position: (0.338243, 0.870233, -1.49934)
Size: (0.0445191, 0.0045516, 0.167572)

Position: (1.19997, 0.0847615, 0.0293995)
Size: (0.129715, 0.189543, 0.0397376)

Position: (-0.680161, 0.251269, 0.958786)
Size: (0.0160971, 0.104845, 0.115631)

Position: (-0.0325978, 0.328654, -0.166406)
Size: (0.284989, 0.179355, 0.187598)

Position: (-0.133166, 0.391611, 0.934609)
Size: (0.204761, 0.0232981, 0.0347771)

Position: (-0.242275, 1.12914, 0.496305)
Size: (0.152634, 0.0936886, 0.253562)

Position: (-0.863266, -1.09304, 0.165845)
Size: (0.20203, 0.124707, 0.104376)

Position: (-0.976791, 0.570671, -0.431653)
Size: (0.047679, 0.235699, 0.0621553)

Position: (0.402989, 0.448578, 0.565035)
Size: (0.270812, 0.0648243, 0.078481)

Position: (0.292713, -0.0556084, 0.575106)
Size: (0.253573, 0.158536, 0.03789)

Position: (0.136429, 0.972813, 1.11333)
Size: (0.0265684, 0.0218393, 0.268237)

Position: (1.47531, -1.39903, -1.43943)
Size: (0.295597, 0.0182429, 0.287756)

Position: (0.290448, -0.844726, 0.751189)
Size: (0.102125, 0.017825, 0.103813)

Position: (-0.586266, -0.715639, 1.48948)
Size: (0.125344, 0.0437364, 0.0412033)

Position: (1.27198, -0.11423, 1.45153)
Size: (0.280518, 0.0575055, 0.215924)

Position: (1.47511, 0.0959528, 0.272282)
Size: (0.120078, 0.209054, 0.0841709)

Position: (1.40815, 0.164684, -0.00913497)
Size: (0.0670186, 0.279985, 0.296256)

Position: (1.27579, 0.84468, 0.814533)
Size: (0.121219, 0.104072, 0.196787)

Position: (-0.286343, -1.03975, 1.44993)
Size: (0.213384, 0.0579642, 0.0569681)

Position: (0.665747, -0.539154, 0.00350543)
Size: (0.0357332, 0.0681169, 0.166941)

Position: (-0.529045, -0.805684, 0.317397)
Size: (0.292779, 0.00504829, 0.020448)

Position: (0.0354018, -1.38836, -0.95797)
Size: (0.0704047, 0.237549, 0.0837169)

Position: (-0.15666, 0.800365, 0.440583)
Size: (0.00400853, 0.123414, 0.232248)

Position: (-1.34388, -0.478046, -0.441397)
Size: (0.00716639, 0.109365, 0.174168)

Position: (-0.0774313, 1.13307, -1.1232)
Size: (0.19741, 0.0822716, 0.286533)

Position: (-0.798274, -0.375731, 0.86569)
Size: (0.241339, 0.0909805, 0.218152)

Position: (-1.1048, -1.49251, -0.856077)
Size: (0.0599911, 0.221992, 0.132625)

Position: (0.22324, -0.341034, -0.892083)
Size: (0.189085, 0.0728964, 0.25421)

Position: (0.55152, -0.143281, 1.41663)
Size: (0.144589, 0.0152649, 0.211534)

Position: (-0.896652, 0.664096, 0.315115)
Size: (0.254359, 0.135077, 0.161043)

Position: (-0.471845, 0.42058, -1.45059)
Size: (0.078555, 0.28807, 0.252303)

Position: (-1.28289, 1.27773, -1.28345)
Size: (0.0615378, 0.247743, 0.0849092)

Position: (1.00286, 0.335201, -0.439433)
Size: (0.279505, 0.285112, 0.0851037)

Position: (0.714445, 0.47132, -1.45005)
Size: (0.0716899, 0.191099, 0.248233)

Position: (-0.798098, -0.689436, 0.345514)
Size: (0.194923, 0.263285, 0.174662)

Position: (0.18883, 0.872174, 1.10318)
Size: (0.254251, 0.145557, 0.170567)

