Position: (-1.3825, -0.741974, -0.707573)
Size: (0.248758, 0.164906, 0.0385943)

Position: (-1.35427, 0.273695, 1.39773)
Size: (0.0475199, 0.102545, 0.131468)

Position: (0.38963, -0.543135, -0.484693)
Size: (0.252348, 0.116558, 0.248833)

Position: (0.553976, -1.26806, 0.859248)
Size: (0.225595, 0.134887, 0.2731)

Position: (-0.538531, -0.978254, -0.825902)
Size: (0.0464462, 0.282863, 0.107393)

Position: (-0.995792, 1.21478, 0.461504)
Size: (0.0152829, 0.0209851, 0.0456229)

Position: (0.0561623, 0.763229, 1.05665)
Size: (0.251102, 0.234982, 0.146513)

Position: (-1.2007, -0.688131, -0.366033)
Size: (0.0163885, 0.119927, 0.24747)

Position: (1.3743, -0.748007, -0.64824)
Size: (0.255846, 0.0504781, 0.127839)

Position: (1.43412, 1.0054, 0.530202)
Size: (0.191447, 0.198116, 0.256274)

Position: (0.555317, -1.44664, 1.37878)
Size: (0.267136, 0.235851, 0.233473)

Position: (-0.640366, -0.219157, 1.28305)
Size: (0.250885, 0.00375638, 0.279161)

Position: (-0.621319, -1.12925, 1.39992)
Size: (0.0998937, 0.281792, 0.266844)

Position: (-1.34679, -0.0621778, -1.39244)
Size: (0.201795, 0.0357512, 0.267907)

Position: (0.0286216, -0.61385, 0.348305)
Size: (0.281872, 0.0090572, 0.168858)

Position: (-1.20573, 1.39901, 0.0166834)
Size: (0.242276, 0.045137, 0.235321)

Position: (0.60729, -0.965153, 0.725729)
Size: (0.0183754, 0.205399, 0.254044)

Position: (-0.0920214, -1.03562, 0.647895)
Size: (0.0249, 0.0528033, 0.23405)

Position: (0.572632, 1.45823, -0.434011)
Size: (0.0574407, 0.291818, 0.0866387)

Position: (-0.548266, 0.64403, 0.786915)
Size: (0.0127793, 0.0726774, 0.0551258)

Position: (1.38584, 0.289613, 0.986933)
Size: (0.131183, 0.0984767, 0.159288)

Position: (-0.348424, -0.906522, -1.12011)
Size: (0.141897, 0.195975, 0.0128374)

Position: (-0.560488, 0.340768, -1.19011)
Size: (0.137387, 0.0884455, 0.290277)

Position: (-1.37689, 1.01733, -0.764697)
Size: (0.0713126, 0.178949, 0.10304)

Position: (-1.00314, -0.530414, 0.190991)
Size: (0.183848, 0.0783018, 0.237398)

Position: (0.171588, 0.0703857, 1.19384)
Size: (0.0896185, 0.0658209, 0.147163)

Position: (1.07451, 0.528606, 0.35209)
Size: (0.158241, 0.253361, 0.236028)

Position: (-0.610548, 0.903052, 0.900395)
Size: (0.127084, 0.0457397, 0.154091)

Position: (1.36656, -0.867755, -0.345975)
Size: (0.213074, 0.168602, 0.292249)

Position: (1.18053, 0.152908, -1.11464)
Size: (0.182325, 0.100221, 0.14595)

Position: (-1.37362, 0.446332, 0.991644)
Size: (0.0921845, 0.271234, 0.235213)

Position: (-0.139036, -0.951022, -0.283339)
Size: (0.151027, 0.25286, 0.204842)

Position: (0.174222, -0.462607, 1.07992)
Size: (0.0734884, 0.113924, 0.119712)

Position: (-0.0464073, -0.833107, 0.247096)
Size: (0.223165, 0.107041, 0.280246)

Position: (0.859126, -0.520389, -1.33057)
Size: (0.134786, 0.134468, 0.122488)

Position: (0.154452, 0.734659, 0.465101)
Size: (0.00411977, 0.132427, 0.156153)

Position: (0.877673, -0.655365, 0.089844)
Size: (0.000911852, 0.165897, 0.183828)

Position: (-0.327355, -0.73149, 0.376336)
Size: (0.0114927, 0.175615, 0.0198727)

Position: (0.798761, -1.18884, 1.11862)
Size: (0.273664, 0.0787326, 0.28223)

Position: (0.885939, 0.0917993, 0.621808)
Size: (0.0627341, 0.294204, 0.0525697)

Position: (0.665839, -1.10161, -0.853284)
Size: (0.153225, 0.0871667, 0.106204)

Position: (-0.107544, 0.0946741, 0.167991)
Size: (0.0151349, 0.0128947, 0.0507575)

Position: (1.23015, 1.49905, 0.969051)
Size: (0.1514, 0.10734, 0.00303349)

Position: (-1.35851, 1.11797, -0.249752)
Size: (0.227082, 0.164861, 0.250637)

Position: (-1.29083, -0.109747, 1.36038)
Size: (0.278644, 0.172083, 0.0132418)

Position: (-0.111674, -0.231703, 1.39211)
Size: (0.128655, 0.114879, 0.0497946)

Position: (0.503449, -0.708271, -0.774342)
Size: (0.174881, 0.298375, 0.0767722)

Position: (0.794427, 0.746867, 0.745316)
Size: (0.109871, 0.0523314, 0.146295)

