Position: (0.814967, 1.32242, -0.915327)
Size: (0.127263, 0.251333, 0.0328663)

Position: (-0.385832, 0.534083, 1.13054)
Size: (0.0421265, 0.243291, 0.16514)

Position: (-0.372222, 1.28586, 1.04121)
Size: (0.171959, 0.010101, 0.29125)

Position: (1.0853, 0.248893, 0.909154)
Size: (0.226552, 0.167749, 0.25147)

Position: (0.487768, 0.556697, -0.918708)
Size: (0.0174636, 0.115602, 0.133363)

Position: (-1.27946, 1.36296, -1.1161)
Size: (0.103491, 0.122408, 0.043819)

Position: (-0.613568, 0.61028, 0.963868)
Size: (0.23584, 0.1338, 0.238375)

Position: (0.325122, 0.553053, -1.38693)
Size: (0.1951, 0.278362, 0.0097824)

Position: (1.37938, -0.597836, -0.622421)
Size: (0.163629, 0.256291, 0.292693)

Position: (0.365306, 0.660396, -0.642547)
Size: (0.132781, 0.0237396, 0.0201425)

Position: (-1.17165, -0.784305, -1.10545)
Size: (0.0823721, 0.167569, 0.236146)

Position: (1.05642, -1.23289, -0.277392)
Size: (0.115641, 0.268254, 0.166397)

Position: (-1.38474, 1.21808, 1.41981)
Size: (0.0450052, 0.195258, 0.137846)

Position: (1.36843, -0.459131, -0.329006)
Size: (0.159585, 0.0744421, 0.233521)

Position: (-0.659773, 0.937428, 0.295468)
Size: (0.268626, 0.098344, 0.298912)

Position: (-1.28687, -0.826377, 1.44065)
Size: (0.175792, 0.283044, 0.232477)

Position: (0.514699, -0.779557, -0.635151)
Size: (0.160803, 0.238394, 0.0492168)

Position: (0.31343, 0.839707, 0.0989454)
Size: (0.142082, 0.163576, 0.202206)

Position: (0.9322, 1.09927, -0.836293)
Size: (0.0507256, 0.232031, 0.27306)

Position: (-0.437933, 0.410695, 1.12719)
Size: (0.198031, 0.191258, 0.256729)

Position: (1.4542, -0.436176, -1.17222)
Size: (0.288105, 0.106989, 0.075172)

Position: (0.644141, -0.340287, -1.44934)
Size: (0.179459, 0.167913, 0.0331062)

Position: (-0.926195, 0.638872, 1.0575)
Size: (0.276151, 0.0262387, 0.136609)

Position: (1.26986, 0.0898449, -1.37328)
Size: (0.0269702, 0.138898, 0.0676373)

Position: (0.397862, 0.183707, -0.526918)
Size: (0.212119, 0.0889577, 0.195725)

Position: (0.793803, -1.43495, 1.24568)
Size: (0.121169, 0.140189, 0.17769)

Position: (1.25633, -1.11497, 0.544811)
Size: (0.093509, 0.29062, 0.0638196)

Position: (-0.861826, -1.33975, 0.933612)
Size: (0.213484, 0.206234, 0.192733)

Position: (-1.29586, 1.25448, 0.273916)
Size: (0.187547, 0.265041, 0.0906869)

Position: (-0.143728, 0.888336, -0.980751)
Size: (0.145979, 0.0763597, 0.221316)

Position: (-1.01495, -1.23394, 0.831229)
Size: (0.210526, 0.0810142, 0.236722)

Position: (-1.11693, -1.08764, -1.31167)
Size: (0.234849, 0.172367, 0.0933304)

Position: (-0.707319, -0.864188, -0.382609)
Size: (0.0647252, 0.232119, 0.213951)

Position: (0.64716, -0.171549, 0.876015)
Size: (0.292142, 0.154437, 0.234555)

Position: (0.58454, -0.844892, 1.13835)
Size: (0.204003, 0.134964, 0.159629)

Position: (0.718712, -0.362557, -0.942372)
Size: (0.295981, 0.12028, 0.220744)

Position: (1.1676, 1.19684, 0.086514)
Size: (0.00142371, 0.00794541, 0.262431)

Position: (-1.24512, -1.42731, 0.95825)
Size: (0.14451, 0.290735, 0.214268)

Position: (-1.24963, 0.666713, -0.0952878)
Size: (0.0430773, 0.087316, 0.102895)

Position: (-0.582863, 0.238947, 1.38226)
Size: (0.115409, 0.0566551, 0.237855)

Position: (-0.406972, 0.241465, -0.787987)
Size: (0.00841877, 0.0517591, 0.136232)

Position: (0.0862701, -0.855616, -1.34061)
Size: (0.0343165, 0.249315, 0.218454)

Position: (-0.492522, 0.578154, 1.06446)
Size: (0.247153, 0.032451, 0.059211)

Position: (1.17596, -0.565591, 0.300824)
Size: (0.215517, 0.204949, 0.278731)

Position: (-1.22665, -1.4202, 0.432982)
Size: (0.168968, 0.0482349, 0.274258)

Position: (0.86568, 0.994444, 0.479816)
Size: (0.196511, 0.29134, 0.103178)

Position: (0.187074, 0.325453, 1.29636)
Size: (0.0917997, 0.269285, 0.270454)

Position: (0.0298816, 1.45558, -0.0476332)
Size: (0.143517, 0.241019, 0.15306)

