Position: (-1.47711, -0.638814, -0.633778)
Size: (0.100836, 0.0520074, 0.215993)

Position: (1.27159, 0.614441, -0.0410642)
Size: (0.126452, 0.175265, 0.216939)

Position: (-1.27046, 1.29123, 1.29476)
Size: (0.0731899, 0.078139, 0.279371)

Position: (1.42471, 0.25224, 1.11164)
Size: (0.130994, 0.0968645, 0.211931)

Position: (1.15795, -0.152226, -0.426904)
Size: (0.126489, 0.0910143, 0.256399)

Position: (1.27662, 0.187595, -0.0742312)
Size: (0.0483379, 0.125808, 0.0872808)

Position: (-0.673008, 1.2793, 1.3961)
Size: (0.231102, 0.226646, 0.279153)

Position: (0.345855, 0.360641, -0.723788)
Size: (0.136569, 0.134712, 0.0224099)

Position: (-0.866504, 1.44138, -0.764478)
Size: (0.261278, 0.210344, 0.10329)

Position: (1.07751, 0.970922, 0.385109)
Size: (0.204054, 0.102486, 0.0189449)

Position: (0.384186, -0.282782, 1.43179)
Size: (0.18794, 0.135095, 0.23733)

Position: (0.667531, -1.43968, 0.391007)
Size: (0.0607622, 0.187936, 0.0919726)

Position: (-0.978456, 0.812795, 0.699613)
Size: (0.053326, 0.146573, 0.110728)

Position: (1.27927, -1.26819, -0.0834762)
Size: (0.121141, 0.235915, 0.105137)

Position: (0.610645, -0.314536, -1.30043)
Size: (0.00453719, 0.0587343, 0.219762)

Position: (0.678466, -0.774305, -0.878837)
Size: (0.0538003, 0.0725249, 0.103303)

Position: (0.451143, -0.948615, 1.26942)
Size: (0.0482173, 0.123709, 0.202294)

Position: (0.189796, 0.709017, 0.652441)
Size: (0.170194, 0.230845, 0.266952)

Position: (0.13618, 0.666103, 1.13959)
Size: (0.0846245, 0.0836108, 0.0628988)

Position: (-1.00248, 0.938243, -1.16117)
Size: (0.064621, 0.168982, 0.0981631)

Position: (-1.3559, -1.05568, -0.289127)
Size: (0.025626, 0.092083, 0.0566791)

Position: (0.704165, 1.35629, -1.26492)
Size: (0.227755, 0.109416, 0.162492)

Position: (-0.637676, 0.800068, -0.270626)
Size: (0.0763412, 0.177141, 0.157539)

Position: (-1.30792, -1.06234, 1.06659)
Size: (0.0306023, 0.276888, 0.248481)

Position: (0.967347, 0.41513, -0.82193)
Size: (0.122789, 0.049662, 0.0437685)

Position: (1.31855, 1.43585, -1.45418)
Size: (0.0484037, 0.0634123, 0.102852)

Position: (0.0935704, 0.820841, 0.774954)
Size: (0.266899, 0.257989, 0.19272)

Position: (0.206361, 1.12658, 0.317732)
Size: (0.174533, 0.0547867, 0.0539589)

Position: (1.28868, -1.36744, -0.247839)
Size: (0.291568, 0.147699, 0.197657)

Position: (0.80789, 0.890825, 0.907163)
Size: (0.050041, 0.187705, 0.196727)

Position: (-0.855204, -0.135963, 0.303516)
Size: (0.0231284, 0.18317, 0.0678935)

Position: (0.460329, -1.41109, -1.13443)
Size: (0.150617, 0.00452106, 0.151028)

Position: (0.94519, 1.33999, 0.378817)
Size: (0.26253, 0.297107, 0.136141)

Position: (0.97801, -0.218803, -0.712608)
Size: (0.10701, 0.290216, 0.289215)

Position: (0.91461, 1.12304, 1.01898)
Size: (0.0193999, 0.105359, 0.0503236)

Position: (0.665687, -0.68135, -0.955959)
Size: (0.0487737, 0.264728, 0.0553807)

Position: (1.36665, 0.297428, -0.532519)
Size: (0.241156, 0.00896182, 0.178287)

Position: (1.17998, -0.87783, 0.697265)
Size: (0.180447, 0.214784, 0.262968)

Position: (0.0766881, -0.442035, 1.19654)
Size: (0.0958743, 0.241152, 0.151288)

Position: (0.412134, 0.0823662, -0.999701)
Size: (0.0345861, 0.0744828, 0.247008)

Position: (-0.791037, 0.616636, 1.15561)
Size: (0.0274655, 0.26926, 0.0851436)

Position: (0.362407, 0.206032, -0.287897)
Size: (0.244382, 0.116269, 0.0320911)

Position: (-0.407697, 0.451611, -0.702838)
Size: (0.00379509, 0.0449602, 0.119905)

Position: (-0.34877, 1.10439, 0.894438)
Size: (0.273365, 0.0600658, 0.18216)

Position: (1.12741, 1.4817, 0.257588)
Size: (0.29565, 0.0977936, 0.133408)

Position: (-0.433192, 0.942761, 0.17351)
Size: (0.159348, 0.159198, 0.237986)

Position: (-0.897668, -0.0887634, -1.44528)
Size: (0.0790402, 0.281995, 0.165498)

Position: (-1.32312, -0.430956, 0.0728478)
Size: (0.0662293, 0.0385127, 0.27611)

