Position: (0.317175, 1.15222, -0.286587)
Size: (0.111175, 0.188195, 0.273678)

Position: (-1.40897, 1.10184, 0.711389)
Size: (0.136149, 0.141626, 0.219957)

Position: (1.0692, -0.323609, 1.39908)
Size: (0.00115229, 0.0703998, 0.0588071)

Position: (1.26938, -0.359173, 0.199244)
Size: (0.125336, 0.217952, 0.103512)

Position: (-0.563252, 0.00475377, 1.31025)
Size: (0.0179076, 0.150499, 0.122605)

Position: (-1.02051, 1.36185, -1.27777)
Size: (0.00105993, 0.240803, 0.257653)

Position: (0.595662, -0.34947, 0.588523)
Size: (0.297795, 0.1485, 0.141868)

Position: (1.43813, -1.17754, 0.789803)
Size: (0.00690568, 0.291414, 0.299591)

Position: (-0.227255, 0.414818, 0.0622704)
Size: (0.159193, 0.197731, 0.0554293)

Position: (-0.11967, 1.47514, 0.965375)
Size: (0.293267, 0.214698, 0.245269)

Position: (-0.872122, -1.48603, 1.27866)
Size: (0.294133, 0.176722, 0.0772954)

Position: (-0.703708, -1.3055, -0.959403)
Size: (0.0224509, 0.0817087, 0.0425949)

Position: (0.401201, 1.07032, -0.257208)
Size: (0.0734477, 0.110765, 0.234405)

Position: (-1.09368, -1.19721, -0.284354)
Size: (0.0697846, 0.0478318, 0.290009)

Position: (-0.135828, -0.0627458, -0.0429304)
Size: (0.164083, 0.141234, 0.150491)

Position: (0.0444491, 0.350787, -0.696508)
Size: (0.234123, 0.138402, 0.259471)

Position: (1.41322, -0.631081, 1.48561)
Size: (0.21083, 0.0360712, 0.144432)

Position: (-0.99029, 0.498415, 1.22667)
Size: (0.0365215, 0.0129083, 0.227999)

Position: (0.85005, -0.899125, -1.39081)
Size: (0.126213, 0.0610453, 0.279349)

Position: (0.135055, -0.579105, 0.141969)
Size: (0.252957, 0.227197, 0.19798)

Position: (0.0943284, 0.781824, 0.761979)
Size: (0.0574239, 0.103088, 0.295459)

Position: (0.957802, 0.422918, 1.35145)
Size: (0.0957697, 0.15652, 0.258686)

Position: (0.790202, 1.31965, -0.534949)
Size: (0.000486507, 0.197618, 0.132552)

Position: (1.01287, 1.28081, -1.42063)
Size: (0.197709, 0.0370186, 0.10175)

Position: (1.06924, 0.812699, 0.593451)
Size: (0.210697, 0.162351, 0.0602709)

Position: (0.291518, -0.959267, -0.363079)
Size: (0.19113, 0.0359074, 0.244026)

Position: (-0.0561602, 1.46723, -0.919501)
Size: (0.0771842, 0.0557307, 0.0987531)

Position: (-0.500456, -0.162511, 1.43754)
Size: (0.293208, 0.0401336, 0.0455643)

Position: (0.0970772, 0.818597, 0.887725)
Size: (0.010079, 0.156298, 0.299805)

Position: (0.839402, 0.673878, -1.24098)
Size: (0.0157121, 0.0325038, 0.0308022)

Position: (-0.116406, 0.534825, -1.22664)
Size: (0.213009, 0.182514, 0.0462794)

Position: (-0.820913, 1.12463, 0.103379)
Size: (0.193176, 0.044614, 0.0266539)

Position: (0.906718, 0.936497, -0.414808)
Size: (0.238259, 0.063157, 0.299117)

Position: (0.370652, -0.212134, 0.195751)
Size: (0.123914, 0.136376, 0.0995692)

Position: (0.68347, 0.867483, -0.471839)
Size: (0.112851, 0.223182, 0.150233)

Position: (-0.174048, 0.00532928, -0.10752)
Size: (0.15099, 0.162056, 0.205611)

Position: (1.46044, -0.444465, 1.33134)
Size: (0.0808628, 0.280415, 0.137028)

Position: (0.532173, 1.00303, 0.946534)
Size: (0.000771518, 0.298396, 0.174008)

Position: (-1.06661, 0.131669, 0.160745)
Size: (0.119176, 0.139886, 0.109501)

Position: (-1.15873, -1.23895, -0.234325)
Size: (0.125288, 0.149841, 0.180906)

Position: (0.444443, 0.116085, 0.58623)
Size: (0.192886, 0.0224882, 0.0691059)

Position: (-0.467745, -0.389799, -0.888669)
Size: (0.0797444, 0.100909, 0.0374366)

Position: (-0.81637, 1.2523, -0.620679)
Size: (0.152964, 0.283546, 0.262527)

Position: (-1.30936, -0.687924, 0.985192)
Size: (0.29103, 0.262766, 0.246996)

Position: (0.675931, 0.43044, 0.438003)
Size: (0.148895, 0.224522, 0.168704)

Position: (-0.236961, 1.12785, -0.883782)
Size: (0.182008, 0.125993, 0.128579)

Position: (0.384095, 0.424141, -0.551997)
Size: (0.0422128, 0.0417641, 0.120329)

Position: (-0.930137, 0.304779, -0.796299)
Size: (0.0427735, 0.220647, 0.066847)

