Position: (-0.863238, 0.202623, -0.352452)
Size: (0.25038, 0.157225, 0.00558131)

Position: (-0.298779, -0.371864, 1.48496)
Size: (0.136537, 0.112591, 0.220068)

Position: (-0.501007, -0.465241, -0.00145347)
Size: (0.0972994, 0.0392094, 0.186376)

Position: (-0.584389, -0.227245, 0.931307)
Size: (0.0552182, 0.205171, 0.138558)

Position: (-0.305641, -0.800195, -0.153544)
Size: (0.11248, 0.251331, 0.0143714)

Position: (-0.0154808, 1.16848, -1.14357)
Size: (0.15074, 0.10016, 0.078619)

Position: (-1.04173, 0.454514, 0.459353)
Size: (0.17121, 0.129407, 0.226068)

Position: (0.548933, 0.625473, 0.195374)
Size: (0.0420492, 0.112206, 0.266844)

Position: (0.118711, -0.583758, 1.14525)
Size: (0.177303, 0.22715, 0.168823)

Position: (-0.974047, -0.545457, 0.243517)
Size: (0.175893, 0.0518701, 0.16227)

Position: (-1.38747, 0.258672, -1.01257)
Size: (0.187025, 0.268722, 0.204293)

Position: (0.763367, -0.646751, -0.286442)
Size: (0.187329, 0.220221, 0.226297)

Position: (1.49492, -0.367584, -1.33101)
Size: (0.220379, 0.0762242, 0.0699098)

Position: (1.09612, 1.25787, 0.208451)
Size: (0.243531, 0.162173, 0.108699)

Position: (-1.09165, -1.20607, -1.17826)
Size: (0.259553, 0.2556, 0.0353374)

Position: (-1.06247, -0.279216, -1.48006)
Size: (0.0708467, 0.0564823, 0.198378)

Position: (0.311598, 0.728076, -1.44517)
Size: (0.266337, 0.264339, 0.203722)

Position: (-0.155066, 0.650639, 0.416088)
Size: (0.0959407, 0.126196, 0.0681135)

Position: (-1.19852, -1.018, -0.428289)
Size: (0.266193, 0.000471245, 0.0837613)

Position: (0.977748, -0.741424, -1.36109)
Size: (0.211926, 0.00829009, 0.233598)

Position: (0.679694, 1.23517, -0.850238)
Size: (0.102513, 0.024304, 0.197067)

Position: (0.183825, 0.819119, -1.43091)
Size: (0.0293577, 0.225151, 0.175538)

Position: (-1.33447, -0.838948, -0.133467)
Size: (0.106278, 0.152086, 0.110463)

Position: (0.61975, 1.09179, -1.44896)
Size: (0.085152, 0.183272, 0.0217682)

Position: (1.22653, 1.12992, -1.32363)
Size: (0.188367, 0.210184, 0.255783)

Position: (1.11094, 0.189406, 0.282075)
Size: (0.0883283, 0.0496521, 0.0515121)

Position: (0.170473, 0.560939, 0.653221)
Size: (0.228445, 0.282436, 0.0670788)

Position: (0.917844, 0.113559, -0.708549)
Size: (0.0213786, 0.213265, 0.215133)

Position: (-0.47841, -0.8493, 0.692951)
Size: (0.043945, 0.273033, 0.11952)

Position: (1.15415, 1.39957, 0.444575)
Size: (0.262635, 0.22959, 0.120799)

Position: (0.694836, 0.238085, 0.559305)
Size: (0.276148, 0.146509, 0.162124)

Position: (-1.16658, -1.19036, 0.196771)
Size: (0.0682946, 0.157033, 0.0877299)

Position: (1.11542, -0.140834, 1.40351)
Size: (0.208454, 0.156026, 0.266406)

Position: (0.260541, -0.104977, 1.25316)
Size: (0.112446, 0.27424, 0.0473108)

Position: (-0.746546, 0.72536, -0.677581)
Size: (0.142363, 0.0342316, 0.190179)

Position: (-0.0951717, 0.536573, 0.60829)
Size: (0.0318545, 0.0274296, 0.235174)

Position: (-0.72428, 0.624733, 1.29495)
Size: (0.157693, 0.241281, 0.096849)

Position: (0.190976, -0.793362, -0.852761)
Size: (0.0604351, 0.191193, 0.249063)

Position: (-0.0101617, 0.196612, 0.729232)
Size: (0.113438, 0.167113, 0.0217487)

Position: (-0.949925, 1.244, -0.933833)
Size: (0.0894616, 0.0492326, 0.0699013)

Position: (-0.0201261, 1.1383, 1.26167)
Size: (0.106898, 0.262921, 0.0765376)

Position: (0.179096, 1.34436, -0.361177)
Size: (0.147754, 0.0774088, 0.0166008)

Position: (1.07956, 1.13868, -0.293658)
Size: (0.229846, 0.203641, 0.211985)

Position: (-1.02938, -1.06599, -0.410918)
Size: (0.299226, 0.0175193, 0.275985)

Position: (0.617273, 0.172542, -1.21013)
Size: (0.119155, 0.118491, 0.00339064)

Position: (-0.312335, 0.980908, 0.413547)
Size: (0.0131622, 0.0539423, 0.182547)

Position: (-1.2162, 0.476502, 1.20934)
Size: (0.299375, 0.188807, 0.0831003)

Position: (0.508863, -1.38834, -0.969565)
Size: (0.155993, 0.121121, 0.266779)

