Position: (-1.00233, -0.36704, -0.273806)
Size: (0.100757, 0.255092, 0.214535)

Position: (0.116596, -0.405414, 0.579692)
Size: (0.0734273, 0.0950298, 0.292393)

Position: (0.0875401, -1.47628, -0.0149089)
Size: (0.135185, 0.281515, 0.0798239)

Position: (0.254777, 0.498154, -0.495365)
Size: (0.296928, 0.0810952, 0.0730297)

Position: (0.611601, -0.733944, -0.859558)
Size: (0.050147, 0.139305, 0.113014)

Position: (-0.089291, 1.05311, 0.145104)
Size: (0.281058, 0.245125, 0.151473)

Position: (1.26533, -0.998949, -0.0918109)
Size: (0.054414, 0.125864, 0.0954891)

Position: (1.11745, -0.723598, 0.0378401)
Size: (0.115493, 0.00382217, 0.0706016)

Position: (0.953608, -1.28161, 0.72944)
Size: (0.251708, 0.0989521, 0.021042)

Position: (1.31553, -1.10438, 1.48023)
Size: (0.00213602, 0.0124932, 0.0468514)

Position: (-1.36291, 0.225673, -0.705945)
Size: (0.215946, 0.0276023, 0.151053)

Position: (0.989579, -1.07066, 1.30229)
Size: (0.269007, 0.156152, 0.071398)

Position: (1.03857, -1.28994, -0.340908)
Size: (0.231556, 0.252881, 0.0420626)

Position: (-0.0632455, -0.653959, 1.46496)
Size: (0.222405, 0.0024252, 0.261819)

Position: (-0.0990894, -1.11428, 0.804807)
Size: (0.277601, 0.00503993, 0.113788)

Position: (-0.513934, -0.865176, -1.44096)
Size: (0.0808263, 0.133876, 0.0952975)

Position: (0.3111, 0.59819, 0.347654)
Size: (0.116669, 0.0483433, 0.0954612)

Position: (0.484301, -0.200991, 0.0408555)
Size: (0.0984614, 0.152796, 0.153898)

Position: (0.863108, -1.05956, -1.20871)
Size: (0.0555082, 0.149352, 0.203448)

Position: (-0.728376, -1.26014, -1.36338)
Size: (0.191654, 0.271777, 0.0497625)

Position: (0.661606, 0.394854, -1.38858)
Size: (0.0238537, 0.297435, 0.0620279)

Position: (0.456579, 1.4056, -0.31988)
Size: (0.0327286, 0.0291063, 0.0416854)

Position: (0.848631, 0.136771, 1.01812)
Size: (0.115838, 0.24436, 0.219428)

Position: (-0.169266, 0.875367, 0.0480753)
Size: (0.260603, 0.249854, 0.235658)

Position: (0.695552, 0.259913, 0.62949)
Size: (0.117528, 0.155805, 0.23317)

Position: (0.035841, -0.168023, 1.24223)
Size: (0.13583, 0.0149972, 0.0131531)

Position: (-1.45658, -0.721426, 0.255949)
Size: (0.0382279, 0.242387, 0.225643)

Position: (0.105668, 1.13459, -0.128104)
Size: (0.268937, 0.220017, 0.144533)

Position: (0.642826, -1.451, 0.556779)
Size: (0.0238927, 0.048355, 0.211287)

Position: (-0.473037, -0.66839, -0.12542)
Size: (0.15231, 0.0631137, 0.0900987)

Position: (0.33028, -0.505936, -0.103953)
Size: (0.0959022, 0.132521, 0.206508)

Position: (0.0739699, -0.0251021, 1.03972)
Size: (0.106368, 0.275036, 0.265677)

Position: (-0.880338, 0.221122, -0.171805)
Size: (0.182508, 0.194653, 0.0276341)

Position: (-0.304139, 0.852212, 1.00594)
Size: (0.287884, 0.130087, 0.176334)

Position: (-0.284995, 0.599081, -1.01261)
Size: (0.0562917, 0.290795, 0.238549)

Position: (0.783264, -0.926809, -1.12871)
Size: (0.258059, 0.151538, 0.217266)

Position: (-0.399751, 0.863707, 1.15586)
Size: (0.296959, 0.125964, 0.290293)

Position: (-0.244979, -1.11075, 0.530307)
Size: (0.135932, 0.174971, 0.0154514)

Position: (-0.0712306, 1.18197, -1.08208)
Size: (0.154363, 0.194183, 0.0264198)

Position: (-1.07563, -0.214154, 0.229213)
Size: (0.206514, 0.212079, 0.137864)

Position: (-1.46163, -1.01939, -0.0583237)
Size: (0.271394, 0.141568, 0.199567)

Position: (0.956512, 0.693248, -0.781121)
Size: (0.134422, 0.199667, 0.0803008)

Position: (-1.03142, 0.182551, 0.414267)
Size: (0.197915, 0.0725141, 0.168783)

Position: (-0.667809, -0.931626, 0.849097)
Size: (0.238843, 0.267196, 0.0846301)

Position: (-0.511568, -0.393905, -1.18483)
Size: (0.298802, 0.0690388, 0.038449)

Position: (0.503136, -1.26185, -0.335678)
Size: (0.119221, 0.0502934, 0.0275699)

Position: (0.664441, -0.349812, -0.415768)
Size: (0.0486761, 0.103154, 0.221824)

Position: (-1.05239, 0.662807, -1.09217)
Size: (0.258362, 0.248398, 0.195601)

