Position: (1.26101, -0.508274, 1.39939)
Size: (0.108479, 0.087088, 0.120038)

Position: (0.693305, 0.657932, 0.156614)
Size: (0.0172552, 0.16047, 0.210549)

Position: (-0.169071, -0.610771, -1.21267)
Size: (0.242104, 0.00560373, 0.244736)

Position: (0.0548292, 0.363751, -0.774058)
Size: (0.28209, 0.188131, 0.250327)

Position: (-1.47283, 0.468843, 0.517936)
Size: (0.1062, 0.051113, 0.276288)

Position: (0.0223738, -1.28323, -1.15168)
Size: (0.17675, 0.270498, 0.148247)

Position: (-0.521664, 0.569573, 0.133102)
Size: (0.186199, 0.0247365, 0.0277398)

Position: (-0.0719926, 0.362623, -0.610719)
Size: (0.135069, 0.045011, 0.177861)

Position: (1.03078, 0.518848, 1.20721)
Size: (0.118738, 0.215613, 0.0204735)

Position: (0.199896, 0.771942, 0.688078)
Size: (0.214336, 0.0904198, 0.159562)

Position: (-0.442223, 1.38914, -0.64577)
Size: (0.276017, 0.00241158, 0.295109)

Position: (0.433966, -1.06605, 1.01392)
Size: (0.256533, 0.282567, 0.039719)

Position: (0.602305, 0.394646, -1.13115)
Size: (0.0194438, 0.297091, 0.0994327)

Position: (-0.465904, 0.202802, 0.837598)
Size: (0.276748, 0.0390046, 0.128489)

Position: (-1.44736, 0.279501, 0.240445)
Size: (0.0765617, 0.0366426, 0.240155)

Position: (0.0721746, 1.46718, -0.472035)
Size: (0.189446, 0.0270519, 0.166318)

Position: (-0.78975, 0.916487, -0.562711)
Size: (0.203568, 0.0443712, 0.0418106)

Position: (1.05483, 0.808025, -1.15613)
Size: (0.0974907, 0.224211, 0.0786542)

Position: (1.47077, 1.03358, 0.183292)
Size: (0.0355655, 0.138812, 0.0884525)

Position: (1.15035, 0.234718, -1.44808)
Size: (0.218421, 0.0892716, 0.264753)

Position: (1.20423, -0.31867, -0.539763)
Size: (0.272321, 0.277796, 0.167333)

Position: (-0.768681, 0.869522, 0.650667)
Size: (0.0636704, 0.129063, 0.0640659)

Position: (-1.08789, 0.750881, -0.923124)
Size: (0.177237, 0.0494889, 0.275506)

Position: (0.728028, -0.931024, -0.74692)
Size: (0.205285, 0.0189291, 0.291087)

Position: (-1.3355, 0.813236, 0.853603)
Size: (0.18871, 0.0931345, 0.103531)

Position: (-0.32732, -1.30248, 0.297748)
Size: (0.210086, 0.0742686, 0.0630147)

Position: (-0.514064, 0.576505, -0.720722)
Size: (0.239483, 0.0131866, 0.19584)

Position: (1.33281, -0.285786, -1.11747)
Size: (0.150031, 0.0782165, 0.15704)

Position: (1.15112, -0.132328, -0.48178)
Size: (0.29805, 0.0487035, 0.263861)

Position: (-0.828149, 1.08596, 0.648352)
Size: (0.181865, 0.11958, 0.261436)

Position: (-1.36652, 0.398309, -0.514343)
Size: (0.277468, 0.264944, 0.135684)

Position: (-1.46209, 1.13605, -0.373694)
Size: (0.110506, 0.140269, 0.213756)

Position: (0.0270969, 1.17863, -0.807648)
Size: (0.186074, 0.0382414, 0.134491)

Position: (-1.18835, 0.812653, 0.508294)
Size: (0.290486, 0.0130494, 0.193632)

Position: (1.04592, -1.36026, -0.766118)
Size: (0.0446849, 0.120184, 0.142375)

Position: (-1.4519, 0.418465, -1.21269)
Size: (0.270109, 0.000905953, 0.289552)

Position: (1.20902, 0.953962, -0.586193)
Size: (0.215127, 0.245677, 0.289626)

Position: (-0.603534, -1.49374, 0.819318)
Size: (0.202452, 0.0461263, 0.28633)

Position: (1.21122, -1.26686, -0.431259)
Size: (0.144243, 0.256661, 0.200796)

Position: (0.890338, -0.543376, -1.15269)
Size: (0.0774848, 0.0835254, 0.0595508)

Position: (1.1872, -0.0959233, 0.971034)
Size: (0.148469, 0.258993, 0.260546)

Position: (1.06814, -0.547011, 0.205737)
Size: (0.0926268, 0.208171, 0.191867)

Position: (-0.0897868, 0.878239, 0.800216)
Size: (0.119983, 0.204473, 0.105197)

Position: (1.38652, 0.443926, -0.130026)
Size: (0.203634, 0.0860245, 0.0160281)

Position: (-0.279514, -1.48813, 1.13699)
Size: (0.232755, 0.07028, 0.114862)

Position: (-1.24419, 1.49161, 1.41186)
Size: (0.000136516, 0.112352, 0.173899)

Position: (-0.0706515, 0.648981, -1.25643)
Size: (0.297774, 0.230706, 0.0693781)

Position: (-1.17103, -0.365206, -1.03029)
Size: (0.222119, 0.299435, 0.136939)

