Position: (-0.753297, 0.195555, -0.392369)
Size: (0.081526, 0.119677, 0.229355)

Position: (0.852246, 0.121159, 0.257424)
Size: (0.0406325, 0.203338, 0.0711135)

Position: (-0.849151, 0.745214, -0.548822)
Size: (0.212599, 0.214339, 0.228427)

Position: (-0.661664, -0.687809, -1.31849)
Size: (0.062217, 0.0621844, 0.273985)

Position: (0.0860158, -0.261774, -0.900227)
Size: (0.0727574, 0.153443, 0.0156433)

Position: (1.28443, -0.00646666, 1.48382)
Size: (0.277658, 0.0537093, 0.151826)

Position: (-1.21595, 1.34756, -1.33257)
Size: (0.282777, 0.113972, 0.0730838)

Position: (0.013857, 1.47415, -0.556986)
Size: (0.176218, 0.26991, 0.286684)

Position: (-0.227376, -0.0194279, -0.543307)
Size: (0.287364, 0.247253, 0.0736641)

Position: (1.29791, 0.491437, -1.44816)
Size: (0.198344, 0.100488, 0.267259)

Position: (-0.216179, -0.804105, -1.17995)
Size: (0.297369, 0.188378, 0.0740589)

Position: (0.807233, -0.358174, 0.736263)
Size: (0.172474, 0.230057, 0.294183)

Position: (-1.30733, 1.38833, 0.62701)
Size: (0.161373, 0.0575598, 0.111177)

Position: (-0.260097, 0.357263, -0.496727)
Size: (0.0642507, 0.0687718, 0.284413)

Position: (-0.762116, 0.488953, -0.63607)
Size: (0.194617, 0.0108875, 0.19384)

Position: (-0.188535, -1.33988, -0.365751)
Size: (0.10505, 0.0997791, 0.0754545)

Position: (1.07261, 0.0747217, -0.0560653)
Size: (0.00706781, 0.264493, 0.131239)

Position: (1.22484, 1.10163, 0.0786944)
Size: (0.191924, 0.0777458, 0.0737694)

Position: (-1.29234, 1.49451, 0.982483)
Size: (0.133796, 0.00175448, 0.0583025)

Position: (0.734662, -1.18242, 0.700811)
Size: (0.212168, 0.152871, 0.00199372)

Position: (0.290182, 0.402696, -0.637756)
Size: (0.11272, 0.168467, 0.0883382)

Position: (0.957647, 1.2307, -0.0464472)
Size: (0.0295008, 0.240321, 0.019149)

Position: (-0.361931, 0.427143, 1.19612)
Size: (0.246927, 0.134833, 0.00338528)

Position: (-0.773678, -0.802435, 0.722068)
Size: (0.158224, 0.0472324, 0.285847)

Position: (-1.03586, -0.437943, 0.737096)
Size: (0.190678, 0.0346105, 0.0950503)

Position: (-0.260087, 1.24294, 0.37592)
Size: (0.00595024, 0.113402, 0.0986143)

Position: (-0.72654, 0.700346, -1.4814)
Size: (0.180979, 0.273815, 0.0164626)

Position: (0.510207, 1.10456, -0.0353978)
Size: (0.294014, 0.0327257, 0.0556165)

Position: (1.44411, 1.394, -0.458775)
Size: (0.289347, 0.156477, 0.24179)

Position: (0.699745, -0.952009, 0.920499)
Size: (0.083156, 0.0352667, 0.159817)

Position: (1.13702, 0.332818, -0.936169)
Size: (0.264778, 0.115751, 0.0128187)

Position: (-0.467047, -0.944819, -1.40748)
Size: (0.139846, 0.0247044, 0.298752)

Position: (-0.332997, -1.40716, 0.325909)
Size: (0.263607, 0.0431357, 0.247638)

Position: (1.20185, -0.955452, 0.183755)
Size: (0.0726804, 0.172514, 0.0479866)

Position: (1.45753, 0.378334, -0.697827)
Size: (0.242185, 0.148122, 0.0282243)

Position: (-1.19219, 0.229404, 1.47733)
Size: (0.0388416, 0.126048, 0.00695191)

Position: (-0.633247, 0.330559, -1.29857)
Size: (0.0167017, 0.222881, 0.145219)

Position: (-1.48379, 0.471905, -0.647576)
Size: (0.110802, 0.0594682, 0.25662)

Position: (0.212027, 0.0450044, -0.190007)
Size: (0.0456883, 0.0548569, 0.146667)

Position: (-1.36209, -0.547578, -1.49744)
Size: (0.062263, 0.181471, 0.1075)

Position: (0.175327, -0.00299787, -1.15566)
Size: (0.0242346, 0.0598704, 0.0115315)

Position: (-0.654354, -1.38704, 1.26797)
Size: (0.136619, 0.27242, 0.113708)

Position: (0.993683, 0.326006, -1.11061)
Size: (0.12454, 0.101562, 0.225269)

Position: (1.40845, -0.796793, 1.49244)
Size: (0.207243, 0.273421, 0.045324)

Position: (-0.991363, 0.311614, 0.232929)
Size: (0.132846, 0.0991284, 0.157644)

Position: (0.313847, -0.812628, 1.06001)
Size: (0.176588, 0.212521, 0.204431)

Position: (1.30194, -0.880568, 0.0339104)
Size: (0.101077, 0.0725721, 0.24485)

Position: (-1.35868, 0.781074, -1.02045)
Size: (0.176414, 0.0698139, 0.265508)

