Position: (0.625922, -1.15682, 0.213658)
Size: (0.250073, 0.281066, 0.297098)

Position: (0.293967, -1.23855, -0.322361)
Size: (0.237784, 0.0101071, 0.00968712)

Position: (-0.92956, -0.517386, -0.884168)
Size: (0.19342, 0.129683, 0.122761)

Position: (0.834618, -0.0794714, 1.47868)
Size: (0.0338517, 0.129695, 0.189082)

Position: (-1.1377, -0.00980104, 0.966346)
Size: (0.0912526, 0.189372, 0.100091)

Position: (-0.9101, -0.278641, -1.41222)
Size: (0.198231, 0.153494, 0.254838)

Position: (-1.43573, 0.555304, 0.558567)
Size: (0.276448, 0.257455, 0.0262027)

Position: (0.201335, -0.661338, 0.625345)
Size: (0.217772, 0.124505, 0.236176)

Position: (1.02136, -1.33547, -0.811077)
Size: (0.234464, 0.0630265, 0.134366)

Position: (0.509744, 0.140118, -0.142878)
Size: (0.17473, 0.267297, 0.177827)

Position: (0.778102, 0.801908, 0.331785)
Size: (0.185595, 0.235037, 0.0167999)

Position: (1.03433, -0.454774, 0.00749294)
Size: (0.184924, 0.177539, 0.1379)

Position: (-1.27067, -0.476063, 0.151117)
Size: (0.276529, 0.00652749, 0.297875)

Position: (1.21877, -1.3024, -1.31541)
Size: (0.00782984, 0.269902, 0.189529)

Position: (0.0790961, -0.576011, -0.718271)
Size: (0.204674, 0.0947862, 0.193662)

Position: (1.27563, 0.245576, -0.689478)
Size: (0.195296, 0.213245, 0.226384)

Position: (1.03205, -0.923222, -0.833602)
Size: (0.0380482, 0.0148674, 0.119343)

Position: (0.226115, 1.34502, -1.12336)
Size: (0.215137, 0.0186528, 0.0867764)

Position: (1.30274, 1.11167, -0.257056)
Size: (0.169852, 0.299071, 0.0630831)

Position: (-1.0858, -1.02765, -1.26561)
Size: (0.0216133, 0.0286037, 0.0777596)

Position: (-0.453067, 0.438733, -0.48101)
Size: (0.215138, 0.226269, 0.155641)

Position: (-0.20594, 0.876265, -0.596243)
Size: (0.0828976, 0.295501, 0.255018)

Position: (0.438328, 0.68466, -1.12424)
Size: (0.196576, 0.0978132, 0.266384)

Position: (0.8427, -1.29011, -1.49209)
Size: (0.0121003, 0.214257, 0.195277)

Position: (0.579632, -1.08957, -0.313169)
Size: (0.249574, 0.291451, 0.0891638)

Position: (-0.211573, 0.718227, 0.492339)
Size: (0.12165, 0.222583, 0.00710364)

Position: (1.36222, 0.502616, -0.853458)
Size: (0.238965, 0.228649, 0.242659)

Position: (-0.76496, -0.183498, -1.15731)
Size: (0.0924622, 0.0551397, 0.0594722)

Position: (0.1989, -0.247517, -1.04603)
Size: (0.0316977, 0.1151, 0.0888152)

Position: (0.569196, 1.4961, -1.08429)
Size: (0.21693, 0.0671609, 0.287742)

Position: (0.820112, -0.723593, -0.961196)
Size: (0.00768816, 0.172506, 0.15247)

Position: (-1.42288, 1.06549, -0.66915)
Size: (0.0384437, 0.105155, 0.122321)

Position: (-1.22517, 1.45659, 0.764681)
Size: (0.198782, 0.0329451, 0.0847313)

Position: (1.31479, -0.410846, -0.021364)
Size: (0.215329, 0.0577842, 0.102412)

Position: (-0.809054, 0.459493, -0.684148)
Size: (0.238091, 0.243987, 0.22104)

Position: (0.444398, 0.31213, 0.0812694)
Size: (0.159288, 0.234753, 0.0957487)

Position: (-0.0232545, 0.695705, -0.812549)
Size: (0.0219589, 0.235258, 0.158534)

Position: (0.686149, -0.18931, -0.386737)
Size: (0.0963873, 0.232189, 0.0861142)

Position: (-0.402779, -1.15806, -1.46113)
Size: (0.224084, 0.0712936, 0.0162151)

Position: (1.22031, 1.25232, -0.389644)
Size: (0.254974, 0.198868, 0.0295215)

Position: (1.11014, 0.740424, 0.953968)
Size: (0.220149, 0.27485, 0.0378429)

Position: (0.968765, -0.688291, -0.713234)
Size: (0.238678, 0.18535, 0.0179437)

Position: (-0.0556217, 0.051634, -0.492841)
Size: (0.0805731, 0.234248, 0.116387)

Position: (-1.16555, -0.882427, -1.04851)
Size: (0.0609426, 0.0645605, 0.2455)

Position: (1.44107, -0.0761852, -1.0772)
Size: (0.0441971, 0.221326, 0.295467)

Position: (-0.245247, -1.16581, 0.851627)
Size: (0.14333, 0.0060121, 0.0822755)

Position: (-0.452754, -1.38424, 0.029178)
Size: (0.281971, 0.0298887, 0.0462746)

Position: (0.118923, 0.141743, 0.749874)
Size: (0.0052123, 0.198776, 0.119718)

