Position: (-0.656716, 1.46019, 0.111557)
Size: (0.264441, 0.135339, 0.292759)

Position: (-1.33311, -0.991409, 0.642204)
Size: (0.272665, 0.227851, 0.207554)

Position: (1.07917, -1.12817, -0.732324)
Size: (0.0452617, 0.297782, 0.00488868)

Position: (-1.16416, -0.0287728, 0.0492793)
Size: (0.217963, 0.10473, 0.183656)

Position: (-0.878873, -1.0688, 0.126523)
Size: (0.272769, 0.292759, 0.10545)

Position: (0.617572, -0.508931, -0.758352)
Size: (0.000159651, 0.280147, 0.281633)

Position: (0.869461, 0.693921, -0.0501247)
Size: (0.216467, 0.285855, 0.0155659)

Position: (0.954535, 0.689484, -0.49674)
Size: (0.222892, 0.0643809, 0.0884807)

Position: (1.33171, -0.012753, 0.157885)
Size: (0.178573, 0.211278, 0.112251)

Position: (1.03094, 0.491674, -1.49946)
Size: (0.0185056, 0.130174, 0.242588)

Position: (-0.976124, -0.597756, 1.03819)
Size: (0.254437, 0.229422, 0.0473839)

Position: (0.99784, -1.02616, 0.439783)
Size: (0.290119, 0.223073, 0.0114525)

Position: (1.21489, 0.55374, -0.823007)
Size: (0.147069, 0.263354, 0.174576)

Position: (1.36123, -0.442392, -0.969781)
Size: (0.163958, 0.148437, 0.179017)

Position: (1.33239, 1.46862, -0.862107)
Size: (0.0742026, 0.105233, 0.119867)

Position: (-0.846294, 0.491098, -1.40436)
Size: (0.265473, 0.180337, 0.0487537)

Position: (0.827474, -1.32131, -1.46296)
Size: (0.120889, 0.142112, 0.0596197)

Position: (-0.411241, -0.0965936, 0.775477)
Size: (0.227672, 0.217974, 0.241373)

Position: (1.40932, 0.19116, -0.527628)
Size: (0.110805, 0.203121, 0.0521015)

Position: (0.176508, -0.898578, -1.10594)
Size: (0.224268, 0.29237, 0.212191)

Position: (-1.13556, 0.241288, 0.95354)
Size: (0.226697, 0.113981, 0.292263)

Position: (-0.459803, -0.84856, -0.588678)
Size: (0.298657, 0.292054, 0.203374)

Position: (0.367453, 0.823878, -0.800723)
Size: (0.28037, 0.0536262, 0.253349)

Position: (0.680966, 0.511833, -0.287785)
Size: (0.28792, 0.20669, 0.227879)

Position: (0.538422, 1.45181, -1.15837)
Size: (0.184545, 0.272199, 0.0839394)

Position: (-0.446058, 0.562631, 0.763177)
Size: (0.226067, 0.129871, 0.0593098)

Position: (-1.11822, 0.494558, -0.634556)
Size: (0.0471104, 0.287493, 0.130179)

Position: (0.817888, 0.716846, 1.47271)
Size: (0.299302, 0.163655, 0.243273)

Position: (0.23181, 0.657626, -0.670707)
Size: (0.00508319, 0.203018, 0.241735)

Position: (-1.44279, -1.1796, 0.297218)
Size: (0.140825, 0.19365, 0.209471)

Position: (-1.4026, -0.682058, 1.46914)
Size: (0.267797, 0.247059, 0.0554541)

Position: (-0.190929, -0.881157, -0.374145)
Size: (0.0826796, 0.139023, 0.0674846)

Position: (-1.29452, 1.1269, -0.452872)
Size: (0.169398, 0.175644, 0.219426)

Position: (0.895246, 0.137497, 1.43018)
Size: (0.0903608, 0.177377, 0.00336982)

Position: (0.454941, 1.03906, -0.46007)
Size: (0.0604192, 0.0433983, 0.174409)

Position: (0.0740721, -1.18502, -1.28527)
Size: (0.00394799, 0.164041, 0.152253)

Position: (-1.18161, -0.863863, 1.35385)
Size: (0.219451, 0.202235, 0.284499)

Position: (0.601977, -0.838841, 0.098337)
Size: (0.297107, 0.243847, 0.0989093)

Position: (-0.0617213, -0.786539, -0.300058)
Size: (0.114724, 0.0833134, 0.0913124)

Position: (-0.710793, 1.0495, 1.12925)
Size: (0.144217, 0.212188, 0.21216)

Position: (1.0423, 0.230409, 0.86461)
Size: (0.259134, 0.00728426, 0.211253)

Position: (-1.19889, -0.484419, -1.23533)
Size: (0.232889, 0.213665, 0.000122753)

Position: (-0.0101187, -1.49649, -1.4121)
Size: (0.153268, 0.211392, 0.125814)

Position: (0.363488, 1.35631, 1.10916)
Size: (0.108353, 0.0134177, 0.128284)

Position: (0.674416, -0.323659, 1.11335)
Size: (0.15591, 0.0773664, 0.231832)

Position: (0.842973, -0.123204, -1.16447)
Size: (0.150584, 0.278221, 0.129162)

Position: (-0.00327209, -1.16373, 0.318278)
Size: (0.0988566, 0.262997, 0.283857)

Position: (-0.189462, -0.325273, -0.806539)
Size: (0.229733, 0.175979, 0.129532)

