Position: (-0.47784, 1.38149, 0.154528)
Size: (0.253567, 0.200764, 0.160225)

Position: (-1.06363, -1.45558, 1.12654)
Size: (0.116926, 0.233952, 0.266566)

Position: (-0.612902, -0.131372, 0.371355)
Size: (0.188169, 0.162146, 0.222287)

Position: (-0.837998, 1.45937, -0.506861)
Size: (0.0810856, 0.233804, 0.170117)

Position: (0.369784, 0.557206, 1.1742)
Size: (0.225848, 0.0371174, 0.0866375)

Position: (-1.07651, -0.248493, 0.212741)
Size: (0.0751623, 0.0258022, 0.223171)

Position: (0.202507, 0.0589766, -0.385789)
Size: (0.0995959, 0.0391205, 0.0219942)

Position: (-0.688244, 1.49565, -0.571872)
Size: (0.195327, 0.036374, 0.133327)

Position: (-0.514249, -0.353436, 0.626585)
Size: (0.238802, 0.2855, 0.282777)

Position: (-0.637263, -0.912435, 1.27604)
Size: (0.0578827, 0.0754496, 0.0409562)

Position: (-0.0401743, 0.28962, 0.592777)
Size: (0.0605422, 0.0976546, 0.177704)

Position: (0.00664868, 0.383399, 0.175895)
Size: (0.105681, 0.0995151, 0.200981)

Position: (-0.384406, 1.21455, 1.27496)
Size: (0.209799, 0.203085, 0.264573)

Position: (-1.05883, -0.108381, -0.70277)
Size: (0.258536, 0.154226, 0.287798)

Position: (-0.695879, -0.829539, 0.178501)
Size: (0.267967, 0.14634, 0.115735)

Position: (-0.271463, 0.72906, 1.45987)
Size: (0.146366, 0.20561, 0.149051)

Position: (0.869302, 0.131212, -1.19029)
Size: (0.0904746, 0.207169, 0.0537904)

Position: (-1.37451, -1.35082, 1.00744)
Size: (0.286713, 0.0689622, 0.126802)

Position: (1.19752, -1.39523, -1.38122)
Size: (0.00273635, 0.090773, 0.189943)

Position: (-0.129054, 0.200146, -0.950228)
Size: (0.262063, 0.17764, 0.0151501)

Position: (0.909923, 0.71821, 0.704428)
Size: (0.274088, 0.146169, 0.0986841)

Position: (1.25292, 0.422481, 0.584222)
Size: (0.0204997, 0.18452, 0.252051)

Position: (1.39102, -1.16213, -0.609603)
Size: (0.133572, 0.294477, 0.271185)

Position: (-1.42456, 0.981851, 0.98565)
Size: (0.16383, 0.00837112, 0.264573)

Position: (-0.470508, -1.39033, 0.856668)
Size: (0.273184, 0.00135093, 0.110155)

Position: (-1.28131, 0.50927, -1.01937)
Size: (0.246448, 0.0151324, 0.226528)

Position: (-1.34276, -0.95182, -0.910164)
Size: (0.105426, 0.274314, 0.237671)

Position: (-1.34106, 0.230813, 0.95667)
Size: (0.00510699, 0.239103, 0.255243)

Position: (-0.516787, -0.826319, -0.647943)
Size: (0.216015, 0.298391, 0.178237)

Position: (-0.722015, -1.16178, 0.639537)
Size: (0.272784, 0.237146, 0.153687)

Position: (-1.06676, -0.664865, -1.46854)
Size: (0.200469, 0.15776, 0.248886)

Position: (-1.25248, -1.42254, -1.11296)
Size: (0.0669013, 0.270199, 0.0633314)

Position: (0.311217, 1.47723, 0.178571)
Size: (0.135137, 0.0728318, 0.215976)

Position: (-0.117174, 0.0595002, -1.32833)
Size: (0.211286, 0.0221767, 0.0580831)

Position: (-1.44048, 0.363672, 0.889271)
Size: (0.084346, 0.226615, 0.144041)

Position: (0.932872, -0.510399, -0.486866)
Size: (0.0674179, 0.192952, 0.123839)

Position: (-0.896892, 0.81884, -1.18576)
Size: (0.166, 0.0856264, 0.0554409)

Position: (0.00532772, 0.673184, -0.363769)
Size: (0.250573, 0.228428, 0.11971)

Position: (-0.62637, -0.54714, 0.278697)
Size: (0.195882, 0.116812, 0.161123)

Position: (-0.608894, -0.0382391, 1.29284)
Size: (0.185574, 0.287547, 0.20235)

Position: (-0.955397, 1.09433, -1.08988)
Size: (0.256733, 0.284842, 0.104185)

Position: (0.178312, -1.16741, -1.3544)
Size: (0.150062, 0.0702967, 0.185469)

Position: (-0.884571, 0.804913, 1.10136)
Size: (0.186189, 0.165614, 0.230562)

Position: (1.20107, -0.641774, -0.340214)
Size: (0.0785548, 0.00401754, 0.187019)

Position: (0.0433245, 0.0467141, 0.0466272)
Size: (0.273869, 0.165171, 0.151919)

Position: (-0.666773, 0.62325, -0.241361)
Size: (0.217974, 0.143993, 0.123258)

Position: (-0.230332, 0.741585, 1.08668)
Size: (0.0898074, 0.0960097, 0.215399)

Position: (1.48049, -1.41204, 0.575701)
Size: (0.230658, 0.0103819, 0.234438)

