Position: (0.680605, -0.258099, 1.053)
Size: (0.15352, 0.184719, 0.18052)

Position: (0.637299, -1.04883, 0.410918)
Size: (0.00878963, 0.222149, 0.00304615)

Position: (1.14648, 0.763776, 1.02416)
Size: (0.126899, 0.0227204, 0.0966388)

Position: (0.715546, 0.59776, 1.08113)
Size: (0.0168173, 0.135747, 0.0599531)

Position: (-0.233524, -0.943162, 0.11317)
Size: (0.0636029, 0.218679, 0.29093)

Position: (-1.22747, -1.16895, 1.23501)
Size: (0.0405057, 0.164523, 0.118473)

Position: (-0.983881, -0.894904, -0.0700258)
Size: (0.175115, 0.25526, 0.247641)

Position: (-0.959545, -1.32486, 1.00198)
Size: (0.165951, 0.153709, 0.138714)

Position: (0.0273089, -1.46569, -0.019664)
Size: (0.135939, 0.161427, 0.00769102)

Position: (-1.1079, 0.383116, 1.1007)
Size: (0.239267, 0.0213921, 0.113534)

Position: (-0.0869682, 1.14122, -0.554494)
Size: (0.237336, 0.11538, 0.0468899)

Position: (-0.803978, -0.569054, 0.91733)
Size: (0.136197, 0.283075, 0.260757)

Position: (1.28413, -1.00916, 0.867136)
Size: (0.114581, 0.282234, 0.208372)

Position: (0.445369, -0.70504, -1.31037)
Size: (0.172015, 0.00931334, 0.29715)

Position: (-1.2651, 1.08864, 1.25703)
Size: (0.0193701, 0.185052, 0.09605)

Position: (-0.99402, 0.83494, -0.0646678)
Size: (0.0261206, 0.106748, 0.254882)

Position: (-0.646383, -0.777064, 1.11366)
Size: (0.0851814, 0.291002, 0.0587901)

Position: (-1.24216, -0.837615, -1.34786)
Size: (0.0252525, 0.0544505, 0.212556)

Position: (1.3402, -1.24152, -1.03528)
Size: (0.0148116, 0.0748295, 0.256295)

Position: (0.826811, 0.733643, 0.605481)
Size: (0.153757, 0.047526, 0.0626509)

Position: (0.546997, -1.34262, -0.874249)
Size: (0.083225, 0.260768, 0.209614)

Position: (-0.0284784, 1.15486, -0.994906)
Size: (0.0770011, 0.175806, 0.270704)

Position: (1.41275, -0.144781, 1.12962)
Size: (0.251978, 0.0506009, 0.121257)

Position: (-0.990282, -1.0144, 0.997271)
Size: (0.298192, 0.26206, 0.0799049)

Position: (-1.18361, -1.02803, -0.389697)
Size: (0.184435, 0.139835, 0.152487)

Position: (0.66391, -0.85251, -1.03629)
Size: (0.215085, 0.0390474, 0.136869)

Position: (0.912921, 0.293536, 1.43197)
Size: (0.134096, 0.276203, 0.15642)

Position: (0.611428, -0.683374, 1.17816)
Size: (0.00169385, 0.143283, 0.0750696)

Position: (-0.355875, -0.826354, 1.29257)
Size: (0.0364039, 0.296262, 0.164378)

Position: (-0.518735, -0.928022, 0.619584)
Size: (0.257507, 0.190475, 0.154023)

Position: (-0.93306, -1.25317, -1.12943)
Size: (0.194221, 0.159662, 0.0704335)

Position: (0.781261, 1.218, 0.120428)
Size: (0.057163, 0.00227968, 0.0822225)

Position: (1.20956, -1.02464, 1.26837)
Size: (0.244268, 0.192972, 0.194676)

Position: (0.632705, -1.15537, 0.00551302)
Size: (0.100624, 0.127214, 0.0741371)

Position: (0.308337, 0.372767, -1.4817)
Size: (0.159689, 0.0220376, 0.0997296)

Position: (0.728612, 1.04008, -0.601976)
Size: (0.0271814, 0.0926324, 0.0910576)

Position: (-0.0515767, -1.26743, 0.780152)
Size: (0.013969, 0.243183, 0.202171)

Position: (0.0495927, -0.339704, -0.490922)
Size: (0.011899, 0.0250626, 0.0263888)

Position: (-0.973456, -1.06821, 0.736414)
Size: (0.0872926, 0.173207, 0.0994096)

Position: (-1.15577, 1.44966, -0.857896)
Size: (0.162936, 0.166386, 0.240376)

Position: (1.46297, 0.623402, -0.19481)
Size: (0.211277, 0.0718257, 0.204312)

Position: (-1.40073, 0.155531, -0.650979)
Size: (0.27699, 0.234629, 0.0154286)

Position: (0.303653, -0.693821, 1.31622)
Size: (0.271996, 0.263601, 0.248564)

Position: (0.00439608, 1.28178, 1.37154)
Size: (0.159504, 0.177182, 0.148394)

Position: (-0.259091, -0.52094, -0.761372)
Size: (0.00697054, 0.0560997, 0.127107)

Position: (-1.42131, 1.35418, -1.24711)
Size: (0.1389, 0.149177, 0.125591)

Position: (0.94466, 0.537937, -0.178335)
Size: (0.0854484, 0.270193, 0.191752)

Position: (-0.606052, -0.875117, -1.41997)
Size: (0.00762824, 0.22734, 0.0897609)

