Position: (-0.558586, 0.38666, 0.704015)
Size: (0.000834063, 0.0704762, 0.0279964)

Position: (0.176939, 1.14716, -0.859218)
Size: (0.143943, 0.113513, 0.218586)

Position: (-0.89352, 0.315236, -1.46904)
Size: (0.0105128, 0.0577098, 0.134536)

Position: (0.859188, -0.726719, -0.755264)
Size: (0.0294946, 0.174256, 0.168418)

Position: (0.278331, -1.0913, -1.43603)
Size: (0.163034, 0.0253805, 0.172733)

Position: (0.0562529, -0.584061, 1.11167)
Size: (0.0379696, 0.140785, 0.108595)

Position: (0.828519, 1.0197, -1.12182)
Size: (0.0535969, 0.230119, 0.179831)

Position: (0.599619, 0.966346, -0.284644)
Size: (0.24542, 0.265511, 0.20656)

Position: (1.02889, 1.00527, 1.16696)
Size: (0.0664526, 0.164897, 0.244284)

Position: (0.786315, 0.888313, 0.490591)
Size: (0.201584, 0.0745213, 0.222668)

Position: (0.455721, 1.04625, 0.553867)
Size: (0.276676, 0.134163, 0.0326164)

Position: (0.570963, -1.36917, -0.064449)
Size: (0.00229566, 0.265287, 0.0372639)

Position: (-0.106849, 1.18553, 0.457445)
Size: (0.288776, 0.177536, 0.26802)

Position: (1.39031, -0.906674, 0.957835)
Size: (0.195942, 0.10522, 0.111303)

Position: (-0.363804, -1.07116, -0.581288)
Size: (0.181432, 0.226658, 0.164619)

Position: (1.13106, 0.563355, 0.748074)
Size: (0.0299274, 0.201542, 0.144673)

Position: (0.848791, -1.07329, -0.766042)
Size: (0.0574678, 0.217645, 0.257274)

Position: (-0.781327, -0.393374, -0.616176)
Size: (0.286477, 0.0423222, 0.0847387)

Position: (-0.103679, 0.374857, -0.420544)
Size: (0.0417346, 0.105972, 0.0237248)

Position: (1.42079, -0.205915, 0.833841)
Size: (0.235972, 0.231889, 0.288753)

Position: (-0.44289, -0.134214, 1.32546)
Size: (0.0894416, 0.0230014, 0.274297)

Position: (-0.404885, -0.976375, 0.635825)
Size: (0.0154433, 0.180264, 0.0330851)

Position: (-0.647975, -1.3297, 0.735608)
Size: (0.0307216, 0.110748, 0.243007)

Position: (-0.0202322, -1.17885, 0.815248)
Size: (0.135024, 0.222892, 0.216113)

Position: (0.822704, 0.0484616, -0.772638)
Size: (0.26217, 0.212403, 0.238229)

Position: (-1.31831, -0.849251, -1.42569)
Size: (0.0886967, 0.229111, 0.151524)

Position: (0.375452, 0.99362, 0.376778)
Size: (0.249157, 0.0514916, 0.0235781)

Position: (-0.724279, -1.30647, 0.10526)
Size: (0.0478949, 0.0772688, 0.228714)

Position: (0.0263958, -0.133639, -0.567839)
Size: (0.189945, 0.109986, 0.248502)

Position: (0.271134, -0.648052, -1.10694)
Size: (0.271023, 0.250071, 0.0456038)

Position: (1.08307, 1.47083, -0.505217)
Size: (0.271964, 0.0717959, 0.0953291)

Position: (0.560382, 1.47076, -0.357914)
Size: (0.0957605, 0.13262, 0.280518)

Position: (-0.058788, -0.0353566, 0.780645)
Size: (0.269317, 0.13598, 0.266989)

Position: (-0.247483, 0.735857, -0.776702)
Size: (0.165346, 0.265199, 0.28144)

Position: (-0.171564, -0.648968, -0.237043)
Size: (0.242483, 0.2501, 0.112074)

Position: (-1.27725, 1.46806, 1.4848)
Size: (0.0235049, 0.151936, 0.0294703)

Position: (1.44847, 0.227235, -1.49179)
Size: (0.126138, 0.223213, 0.122337)

Position: (1.14273, -0.608267, 0.493268)
Size: (0.134909, 0.147345, 0.0327535)

Position: (-0.780662, -1.47259, 0.695821)
Size: (0.249612, 0.211392, 0.248142)

Position: (0.703133, -0.293195, 0.182596)
Size: (0.0305929, 0.221791, 0.152163)

Position: (-1.11589, -0.149078, 0.226819)
Size: (0.12036, 0.0558888, 0.0515665)

Position: (0.0264355, -0.849071, 1.23875)
Size: (0.00727562, 0.229731, 0.284213)

Position: (-1.43197, 1.235, 0.129077)
Size: (0.227166, 0.108068, 0.176189)

Position: (-1.40191, -0.424907, -0.601206)
Size: (0.147752, 0.113869, 0.00561961)

Position: (-0.391066, 1.27564, -0.811133)
Size: (0.101688, 0.145939, 0.164155)

Position: (0.544818, -1.21582, -0.358759)
Size: (0.27339, 0.024734, 0.161686)

Position: (-0.280291, 0.225853, -0.969955)
Size: (0.130809, 0.188523, 0.253962)

Position: (0.51651, -0.426323, 0.722859)
Size: (0.292597, 0.272791, 0.242885)

