Position: (1.28582, -0.752085, 0.943956)
Size: (0.0526106, 0.00477693, 0.14204)

Position: (0.610184, -1.03692, 1.43921)
Size: (0.024292, 0.00964772, 0.0519593)

Position: (0.0482321, -0.376707, 0.587427)
Size: (0.0697634, 0.0833691, 0.229697)

Position: (1.13765, -1.47495, -0.46176)
Size: (0.219757, 0.00238816, 0.191398)

Position: (-0.335821, -1.22456, 0.726488)
Size: (0.150169, 0.26752, 0.287176)

Position: (-0.871771, 1.28113, -1.48276)
Size: (0.230516, 0.189841, 0.206277)

Position: (1.13189, 0.921346, -0.029281)
Size: (0.161418, 0.224593, 0.172725)

Position: (0.249354, 0.184376, -0.419314)
Size: (0.194825, 0.111782, 0.160181)

Position: (-0.721915, 1.06157, 0.807514)
Size: (0.000372282, 0.141528, 0.211216)

Position: (0.105983, 0.47796, -1.03779)
Size: (0.191921, 0.218058, 0.0671463)

Position: (-0.061322, -0.621743, 0.558659)
Size: (0.137637, 0.279606, 0.0752625)

Position: (1.15998, -1.30431, 1.18836)
Size: (0.208221, 0.269368, 0.181097)

Position: (1.30794, -0.402633, -0.166778)
Size: (0.280467, 0.10656, 0.0684016)

Position: (1.35663, 1.35308, -0.598792)
Size: (0.0220318, 0.0395729, 0.108979)

Position: (-1.08899, 0.148619, 0.565212)
Size: (0.162395, 0.168096, 0.104344)

Position: (-0.741354, 0.515517, 1.08098)
Size: (0.107735, 0.222934, 0.183372)

Position: (0.876832, 0.304456, -0.78283)
Size: (0.139302, 0.299255, 0.226532)

Position: (0.496263, 0.515236, -1.38907)
Size: (0.223549, 0.273311, 0.166301)

Position: (-0.474297, 0.494977, 1.06237)
Size: (0.0857969, 0.278662, 0.0800295)

Position: (-0.216151, -0.263926, 1.18959)
Size: (0.0683451, 0.0949102, 0.262806)

Position: (-1.29464, 0.790385, 1.41463)
Size: (0.0949656, 0.150842, 0.152953)

Position: (0.88485, 1.2035, -0.815399)
Size: (0.238282, 0.293148, 0.082507)

Position: (0.553493, -0.21216, 0.858091)
Size: (0.0172853, 0.151076, 0.275152)

Position: (0.319513, 0.0867051, 0.423764)
Size: (0.0738257, 0.225485, 0.221601)

Position: (-0.531306, -0.387619, -0.333477)
Size: (0.120449, 0.0610088, 0.293707)

Position: (0.0220001, 0.287792, -1.26523)
Size: (0.0552839, 0.175816, 0.295139)

Position: (-1.24711, 0.188745, -1.43079)
Size: (0.202829, 0.221583, 0.0484079)

Position: (1.24939, 0.120728, 0.923487)
Size: (0.214018, 0.199349, 0.0218728)

Position: (0.926478, 0.60498, -0.671235)
Size: (0.248984, 0.0795982, 0.20519)

Position: (-0.780259, 1.36545, 1.44043)
Size: (0.145446, 0.21105, 0.070215)

Position: (-0.831752, -0.282588, -0.770352)
Size: (0.105544, 0.142397, 0.141733)

Position: (-0.919496, -1.33068, -0.086095)
Size: (0.013796, 0.0772793, 0.204877)

Position: (-1.01569, 1.41254, 1.38516)
Size: (0.173984, 0.0237324, 0.0445384)

Position: (-0.956872, 1.41749, -1.24094)
Size: (0.135814, 0.143789, 0.00245886)

Position: (-0.353485, -0.318064, 0.285068)
Size: (0.282632, 0.297165, 0.217665)

Position: (-0.332087, 1.01036, -0.250727)
Size: (0.221338, 0.101988, 0.170507)

Position: (-1.41316, -1.23391, -1.35915)
Size: (0.160055, 0.207908, 0.204246)

Position: (1.30061, -1.03568, 0.765597)
Size: (0.113774, 0.0271937, 0.297159)

Position: (0.968432, 0.322851, 1.18659)
Size: (0.0476274, 0.0619072, 0.263057)

Position: (0.889683, 0.141973, 1.01792)
Size: (0.271404, 0.117015, 0.26488)

Position: (0.445128, 1.29548, -0.633404)
Size: (0.0623817, 0.161075, 0.0594509)

Position: (0.637463, 0.848867, -0.345443)
Size: (0.10148, 0.169441, 0.236804)

Position: (0.895436, 0.15647, 0.549083)
Size: (0.0139613, 0.252925, 0.0135015)

Position: (-1.05967, -0.27182, -0.377022)
Size: (0.152413, 0.280454, 0.291636)

Position: (-0.404634, 0.58501, -1.40832)
Size: (0.28709, 0.178897, 0.225325)

Position: (0.950773, -0.78636, 0.195043)
Size: (0.237259, 0.235257, 0.207574)

Position: (-0.172344, -0.399295, -0.145239)
Size: (0.0797171, 0.0708497, 0.226885)

Position: (-0.108541, 1.09806, 0.0799159)
Size: (0.208811, 0.273141, 0.0475604)

