Position: (0.880729, 1.00496, -1.47696)
Size: (0.15541, 0.189653, 0.108841)

Position: (0.63702, -0.23631, -0.590432)
Size: (0.0893214, 0.102534, 0.172406)

Position: (-1.46826, 1.21318, 0.95601)
Size: (0.260609, 0.0275466, 0.137308)

Position: (-0.609468, 0.999402, 0.235949)
Size: (0.0184531, 0.213236, 0.0168751)

Position: (-0.654566, -1.1763, 1.0531)
Size: (0.092114, 0.12009, 0.0650968)

Position: (1.14391, 0.109942, 0.860964)
Size: (0.109834, 0.173117, 0.164677)

Position: (0.0958298, -1.1171, 0.644964)
Size: (0.0710209, 0.266084, 0.296281)

Position: (0.724464, 0.260162, 1.07044)
Size: (0.126711, 0.0799063, 0.226976)

Position: (0.446876, 0.642718, -1.02285)
Size: (0.111152, 0.0518881, 0.213612)

Position: (0.49831, 0.72246, -0.497314)
Size: (0.140626, 0.116076, 0.268374)

Position: (0.138144, -0.521259, 1.12515)
Size: (0.171415, 0.231248, 0.0254364)

Position: (-0.754012, 1.42769, -1.14458)
Size: (0.103308, 0.0154172, 0.0600515)

Position: (-0.318785, 0.197465, -0.138786)
Size: (0.150865, 0.152221, 0.142126)

Position: (-1.11769, 0.495723, 1.39253)
Size: (0.271885, 0.114336, 0.00882107)

Position: (-0.597154, -1.41521, 0.173462)
Size: (0.215425, 0.261507, 0.195351)

Position: (1.04603, -0.23978, -0.0846274)
Size: (0.0202473, 0.220702, 0.2718)

Position: (0.675737, -0.464131, 0.504729)
Size: (0.253499, 0.0136187, 0.105583)

Position: (-1.44921, -1.32104, 1.4816)
Size: (0.0695105, 0.263644, 0.0166411)

Position: (0.090944, -0.666691, 0.0811999)
Size: (0.0672474, 0.179235, 0.29574)

Position: (0.035873, 1.14451, -0.755891)
Size: (0.0302707, 0.290529, 0.192283)

Position: (-1.35745, 0.597793, -1.29488)
Size: (0.279309, 0.196749, 0.0781008)

Position: (-0.0160287, -0.181741, -0.925524)
Size: (0.132566, 0.0985342, 0.250544)

Position: (1.14674, 1.44818, -0.345429)
Size: (0.15489, 0.241446, 0.142367)

Position: (1.37345, 1.02426, 0.0458158)
Size: (0.287798, 0.0578817, 0.00294218)

Position: (1.09942, 0.605753, -0.568281)
Size: (0.036585, 0.125335, 0.147007)

Position: (0.167045, 0.61921, 1.38695)
Size: (0.210098, 0.269151, 0.194016)

Position: (-1.15104, 0.0606533, -0.561484)
Size: (0.200889, 0.0485412, 0.209442)

Position: (0.217513, -0.7995, -1.48576)
Size: (0.143394, 0.0629759, 0.29618)

Position: (-0.0900378, -1.16402, -0.878387)
Size: (0.0048587, 0.115737, 0.185527)

Position: (-0.101517, -1.26965, -1.32509)
Size: (0.0312764, 0.207635, 0.0285254)

Position: (0.0368184, 1.17358, 1.08598)
Size: (0.227552, 0.254394, 0.174241)

Position: (-0.799457, -1.27218, 0.170267)
Size: (0.106932, 0.232633, 0.189467)

Position: (-0.972875, -1.41717, -0.331359)
Size: (0.165428, 0.252884, 0.132969)

Position: (0.530105, -0.0138718, -0.437785)
Size: (0.299021, 0.0540384, 0.0402631)

Position: (-0.461728, -0.555669, -1.00871)
Size: (0.274416, 0.170392, 0.186959)

Position: (1.04903, -0.585701, 0.87114)
Size: (0.242916, 0.0914273, 0.106692)

Position: (-0.822507, -0.918343, 0.181691)
Size: (0.00354791, 0.171446, 0.230637)

Position: (1.05755, 0.244714, -0.228824)
Size: (0.109247, 0.147466, 0.00701061)

Position: (0.878522, -1.00895, -0.207151)
Size: (0.265278, 0.0418611, 0.0906323)

Position: (0.86781, -1.46713, 1.16557)
Size: (0.00644671, 0.273265, 0.13406)

Position: (-0.211248, -0.621866, -0.390056)
Size: (0.0307182, 0.116647, 0.0728562)

Position: (1.49667, 1.06423, -0.0242129)
Size: (0.0114504, 0.244634, 0.124455)

Position: (-1.29328, -0.0903001, 1.30386)
Size: (0.106293, 0.000268212, 0.144421)

Position: (1.2855, 1.3144, -0.287697)
Size: (0.293883, 0.231832, 0.0609698)

Position: (1.30355, 1.1227, -0.97451)
Size: (0.288692, 0.0854851, 0.178886)

Position: (0.132655, 0.78202, -0.87092)
Size: (0.294358, 0.157749, 0.0755406)

Position: (-0.989936, -1.29741, -1.30342)
Size: (0.0930195, 0.261195, 0.0240164)

Position: (0.846298, -0.311849, -0.743931)
Size: (0.00974288, 0.135856, 0.171091)

