Position: (-0.197833, 1.12237, -1.45377)
Size: (0.154152, 0.176065, 0.00355266)

Position: (-0.932449, 1.35272, -0.120074)
Size: (0.00934501, 0.110328, 0.256071)

Position: (1.15105, -1.41749, -0.723535)
Size: (0.175714, 0.184361, 0.256873)

Position: (-0.565652, -0.975954, -1.12226)
Size: (0.160865, 0.25715, 0.230724)

Position: (0.928934, 0.519803, -1.08786)
Size: (0.260396, 0.228813, 0.169748)

Position: (0.912436, -0.959992, -0.151625)
Size: (0.151571, 0.260692, 0.0506033)

Position: (1.22834, 1.43181, 1.20675)
Size: (0.101108, 0.090099, 0.0896894)

Position: (0.852082, 0.202817, 0.960262)
Size: (0.15073, 0.160187, 0.211958)

Position: (0.418946, 1.00362, 0.322163)
Size: (0.166931, 0.0155804, 0.19982)

Position: (-0.936669, 0.671656, -1.32543)
Size: (0.217639, 0.285055, 0.0128534)

Position: (-0.0958265, 0.965996, 0.152679)
Size: (0.0868452, 0.193012, 0.172718)

Position: (1.30374, -0.708635, -0.552161)
Size: (0.0728897, 0.26438, 0.227297)

Position: (1.17293, 1.11268, 1.37699)
Size: (0.170357, 0.277864, 0.0823262)

Position: (0.820785, -1.39738, -0.930424)
Size: (0.294081, 0.119122, 0.0490756)

Position: (-0.238324, 0.80527, -1.14951)
Size: (0.24071, 0.119748, 0.29536)

Position: (0.304608, -0.602647, 1.48569)
Size: (0.199012, 0.0701969, 0.286645)

Position: (-1.04121, -0.92633, 0.93494)
Size: (0.288864, 0.088057, 0.136626)

Position: (0.229645, -0.560342, 1.3911)
Size: (0.142808, 0.227952, 0.12929)

Position: (-0.705608, 0.874915, -0.771187)
Size: (0.0206095, 0.251166, 0.1595)

Position: (-0.622288, 0.836667, 1.47018)
Size: (0.155553, 0.0113701, 0.103758)

Position: (1.26145, -0.333545, 0.633122)
Size: (0.235492, 0.151816, 0.11607)

Position: (-1.41302, -0.964001, 0.716334)
Size: (0.0525729, 0.0688072, 0.182842)

Position: (-0.872618, 0.459278, -0.424375)
Size: (0.00996033, 0.146097, 0.244944)

Position: (0.7193, -0.43206, 0.430192)
Size: (0.0178996, 0.187728, 0.292308)

Position: (0.817664, -0.914455, -1.47693)
Size: (0.250954, 0.00853207, 0.174835)

Position: (0.0225171, 1.12953, 0.0719971)
Size: (0.0506608, 0.0305733, 0.26928)

Position: (-0.291019, -0.808679, -1.49789)
Size: (0.0821353, 0.141411, 0.150755)

Position: (0.162104, 0.501644, -0.776281)
Size: (0.271953, 0.0524026, 0.0437619)

Position: (-0.748673, 0.261045, -0.744548)
Size: (0.079934, 0.143465, 0.202849)

Position: (-1.45744, -0.119632, 0.598699)
Size: (0.190679, 0.194764, 0.204581)

Position: (-0.606658, -0.564905, -0.981993)
Size: (0.139554, 0.299126, 0.103139)

Position: (-0.294591, -1.01312, 1.19903)
Size: (0.1259, 0.0242466, 0.262794)

Position: (-0.483988, -0.375868, -0.130617)
Size: (0.00156815, 0.258672, 0.0315734)

Position: (-0.521716, -0.217221, -0.633899)
Size: (0.132694, 0.283798, 0.175159)

Position: (1.28432, 0.692762, -0.961548)
Size: (0.0789324, 0.281681, 0.21296)

Position: (-1.20347, 0.218426, -0.142773)
Size: (0.0305676, 0.255206, 0.23835)

Position: (-0.236222, 0.522437, 0.379833)
Size: (0.194418, 0.251438, 0.125337)

Position: (0.00736594, 1.28898, -1.179)
Size: (0.20604, 0.170688, 0.0393846)

Position: (-0.201612, 0.630662, 0.70159)
Size: (0.0626287, 0.175753, 0.0299218)

Position: (0.464518, 0.566881, -1.49028)
Size: (0.202582, 0.243387, 0.193908)

Position: (-0.182709, -1.05341, -1.12044)
Size: (0.236089, 0.218854, 0.138144)

Position: (-0.118641, -0.972533, 0.354254)
Size: (0.00780723, 0.255794, 0.161437)

Position: (0.540843, 1.06439, 0.437835)
Size: (0.221852, 0.0695024, 0.109567)

Position: (-1.1434, -0.413098, -0.0522274)
Size: (0.154049, 0.138356, 0.292009)

Position: (0.608908, -0.580418, -0.690468)
Size: (0.251329, 0.140706, 0.240758)

Position: (0.0338283, -0.198248, -0.478532)
Size: (0.187105, 0.290783, 0.0751253)

Position: (-0.389348, 1.41857, -0.134648)
Size: (0.273054, 0.232616, 0.0711127)

Position: (0.451534, -1.07495, 0.166879)
Size: (0.0497574, 0.0212554, 0.206547)

