Position: (-1.15849, 0.763073, 1.00357)
Size: (0.284791, 0.132603, 0.199919)

Position: (1.20935, 0.452292, 0.408029)
Size: (0.215831, 0.00731615, 0.0310856)

Position: (-1.353, 0.973566, -0.906497)
Size: (0.135989, 0.261932, 0.0744319)

Position: (-1.00819, 0.914301, 0.751565)
Size: (0.299645, 0.143653, 0.0467703)

Position: (-1.35873, 1.01983, 0.750053)
Size: (0.128753, 0.0186701, 0.28087)

Position: (-0.149968, 1.28769, 0.0979325)
Size: (0.0394127, 0.0519128, 0.20573)

Position: (0.244902, -0.344343, -1.2145)
Size: (0.126896, 0.177546, 0.0540101)

Position: (-0.866764, 0.00539838, -0.944591)
Size: (0.0595958, 0.152287, 0.21495)

Position: (-0.533227, 1.39458, -0.558443)
Size: (0.299693, 0.17969, 0.189558)

Position: (0.700635, -0.897968, 1.36693)
Size: (0.291346, 0.134229, 0.288143)

Position: (-0.292196, 1.24011, -0.0368563)
Size: (0.0319538, 0.044274, 0.214106)

Position: (0.32816, 1.39717, 1.41655)
Size: (0.211775, 0.28371, 0.124536)

Position: (-1.37073, -0.13255, 0.689235)
Size: (0.180956, 0.0460913, 0.111251)

Position: (0.371901, -0.763747, -0.0074703)
Size: (0.0232461, 0.115553, 0.0259696)

Position: (1.11604, 1.00233, 0.857313)
Size: (0.154114, 0.167555, 0.125927)

Position: (0.535157, 1.01658, 1.20641)
Size: (0.0746749, 0.139384, 0.115985)

Position: (0.586188, -0.412103, 1.45739)
Size: (0.206495, 0.126791, 0.281746)

Position: (0.917541, -0.986334, 0.327462)
Size: (0.117086, 0.0118069, 0.0262978)

Position: (-0.521594, -0.594711, 0.383895)
Size: (0.0465138, 0.296264, 0.0303802)

Position: (-0.717964, -0.773975, 0.236036)
Size: (0.00602035, 0.079769, 0.196042)

Position: (0.0961208, -0.481252, 1.09583)
Size: (0.183019, 0.00992417, 0.287963)

Position: (1.25846, 1.40249, 0.461667)
Size: (0.0706722, 0.105468, 0.0762446)

Position: (1.34596, -0.0595856, -0.752161)
Size: (0.157322, 0.125833, 0.20575)

Position: (0.622462, 0.667946, 0.857467)
Size: (0.193913, 0.275385, 0.0642818)

Position: (-0.115694, 0.391376, 1.4836)
Size: (0.238386, 0.130586, 0.075549)

Position: (-1.15096, 0.0716475, 0.0827163)
Size: (0.0219691, 0.0616176, 0.0988197)

Position: (1.03361, 1.4357, -1.17095)
Size: (0.215758, 0.165838, 0.0174076)

Position: (-0.112633, 0.815273, -0.121318)
Size: (0.272504, 0.147863, 0.107226)

Position: (-0.427866, 1.14417, -0.59499)
Size: (0.294052, 0.285646, 0.0320945)

Position: (-1.06761, 1.17274, 0.658956)
Size: (0.116423, 0.13823, 0.255315)

Position: (0.810137, 0.42156, -1.08972)
Size: (0.119508, 0.022222, 0.261526)

Position: (-1.41589, -0.294063, 0.983942)
Size: (0.00436439, 0.0918854, 0.138426)

Position: (-0.924234, 0.452631, 0.508045)
Size: (0.295426, 0.086046, 0.248928)

Position: (1.06801, -0.939484, 0.149563)
Size: (0.241128, 0.0214625, 0.130146)

Position: (0.365644, -0.622399, -1.07652)
Size: (0.185016, 0.0504973, 0.234118)

Position: (0.428899, -1.41033, -1.29268)
Size: (0.0117455, 0.158894, 0.178014)

Position: (-1.04672, 0.356083, 0.517041)
Size: (0.193074, 0.131065, 0.100782)

Position: (-1.36177, -0.50572, -1.22485)
Size: (0.222704, 0.220042, 0.271352)

Position: (-1.41387, -0.0572266, -1.07527)
Size: (0.152214, 0.294196, 0.198015)

Position: (1.11219, 0.0694599, -1.323)
Size: (0.188343, 0.00733998, 0.188135)

Position: (1.39985, 0.876817, 0.913333)
Size: (0.106234, 0.214442, 0.019995)

Position: (-0.85605, 0.764233, -0.646106)
Size: (0.244442, 0.238151, 0.26339)

Position: (1.36843, -1.42956, -1.36247)
Size: (0.263228, 0.281606, 0.0456465)

Position: (-1.04133, 1.22144, 0.136854)
Size: (0.198503, 0.267474, 0.0437708)

Position: (1.37223, -0.381844, 1.20033)
Size: (0.104138, 0.289959, 0.289367)

Position: (-0.0442365, -0.865908, -0.857337)
Size: (0.290222, 0.257153, 0.272371)

Position: (1.11359, 0.0460521, -1.0942)
Size: (0.079948, 0.198008, 0.262615)

Position: (0.588057, -0.0883576, -0.626798)
Size: (0.0155218, 0.233791, 0.0490432)

