Position: (-1.11347, -0.890927, -0.875392)
Size: (0.246375, 0.189368, 0.130627)

Position: (0.105447, -0.249398, 1.01154)
Size: (0.212223, 0.0805942, 0.202052)

Position: (-0.747286, -1.33662, 0.14337)
Size: (0.177275, 0.0765894, 0.0623108)

Position: (1.39452, 0.606982, 0.0739988)
Size: (0.05013, 0.200225, 0.297817)

Position: (1.17761, 0.315558, -0.475354)
Size: (0.116819, 0.119387, 0.232839)

Position: (1.27549, 0.00698083, 0.666857)
Size: (0.110378, 0.0854682, 0.0862346)

Position: (0.446807, -0.293588, -1.18804)
Size: (0.0220615, 0.100107, 0.0735101)

Position: (-0.246267, -0.322401, -1.45084)
Size: (0.107109, 0.189055, 0.257897)

Position: (-1.06013, 0.266281, 0.143549)
Size: (0.0583347, 0.0324234, 0.286196)

Position: (-0.278909, 0.585024, 0.791218)
Size: (0.137438, 0.121312, 0.288642)

Position: (-0.49965, 0.297233, 1.12163)
Size: (0.045526, 0.157845, 0.246641)

Position: (-0.589636, 1.10826, 0.00990029)
Size: (0.194321, 0.244279, 0.201076)

Position: (1.19608, 0.440046, -0.45489)
Size: (0.192272, 0.167906, 0.16547)

Position: (0.72067, -1.11979, 0.72773)
Size: (0.0730811, 0.209455, 0.285031)

Position: (0.103383, -0.326728, 1.43383)
Size: (0.160445, 0.298591, 0.261605)

Position: (-0.140076, -1.057, -0.496826)
Size: (0.039635, 0.014593, 0.0156561)

Position: (-0.21442, -0.917324, 0.381669)
Size: (0.100161, 0.0879885, 0.19462)

Position: (0.890622, -0.789977, 0.954184)
Size: (0.147582, 0.286089, 0.239271)

Position: (0.897126, 0.711328, 1.41692)
Size: (0.233638, 0.254753, 0.145217)

Position: (0.712909, 1.10625, -0.547718)
Size: (0.164674, 0.0912151, 0.25078)

Position: (1.39136, 0.639954, 0.612302)
Size: (7.85867e-05, 0.196184, 0.163869)

Position: (0.427843, -0.773333, -0.645059)
Size: (0.0938401, 0.23152, 0.16919)

Position: (-0.417358, 1.01577, -0.622309)
Size: (0.206502, 0.112603, 0.0348275)

Position: (1.0219, 0.579114, -0.81436)
Size: (0.0472909, 0.196043, 0.0209443)

Position: (-0.00503036, 0.989428, -1.00865)
Size: (0.166383, 0.196738, 0.089077)

Position: (-0.472677, -1.00843, 1.00331)
Size: (0.139321, 0.186084, 0.0535178)

Position: (0.597082, 0.165532, 1.41214)
Size: (0.120499, 0.113596, 0.141237)

Position: (0.223961, 0.78823, 1.15805)
Size: (0.0642746, 0.117933, 0.0548894)

Position: (-0.236094, 0.874641, 0.571057)
Size: (0.0433373, 0.236488, 0.0580489)

Position: (0.833317, 0.135708, 0.230646)
Size: (0.201935, 0.132462, 0.0998606)

Position: (0.609586, 0.692793, 0.629927)
Size: (0.202567, 0.260273, 0.175411)

Position: (-0.0493148, -0.922808, -0.171188)
Size: (0.238638, 0.0851133, 0.0209484)

Position: (-0.662315, 0.00212199, 0.970189)
Size: (0.188064, 0.235719, 0.171495)

Position: (-0.875728, 0.0572534, 0.627869)
Size: (0.0452197, 0.227578, 0.112407)

Position: (1.42189, 0.0888713, -0.23307)
Size: (0.0318107, 0.224851, 0.153402)

Position: (-1.31878, -0.099168, 0.125696)
Size: (0.29244, 0.297734, 0.0977497)

Position: (-0.518504, 1.0356, 1.20788)
Size: (0.133867, 0.252485, 0.19556)

Position: (-0.483523, 0.5873, 0.312144)
Size: (0.0174767, 0.0869555, 0.221365)

Position: (0.0513195, 1.28897, 0.571276)
Size: (0.0293088, 0.0362888, 0.0390408)

Position: (-0.56233, -0.602003, -0.406337)
Size: (0.134928, 0.0313916, 0.0473805)

Position: (-0.175504, -1.36953, -0.465848)
Size: (0.280183, 0.0938323, 0.123518)

Position: (-0.119525, -1.11772, -0.329364)
Size: (0.233029, 0.128139, 0.12809)

Position: (-1.16957, 1.48308, 1.25448)
Size: (0.0882729, 0.235966, 0.0707875)

Position: (0.365892, 0.675822, -0.49579)
Size: (0.141103, 0.169367, 0.00547623)

Position: (0.699274, 0.175894, 1.25601)
Size: (0.265942, 0.0206667, 0.0847621)

Position: (1.11275, -0.594494, 0.673323)
Size: (0.254175, 0.0461361, 0.211849)

Position: (0.997752, -0.0614637, -1.1504)
Size: (0.188757, 0.253757, 0.0661155)

Position: (0.877488, -0.931114, 0.250634)
Size: (0.0356839, 0.0308211, 0.102363)

