Position: (1.44915, -1.0909, -1.12393)
Size: (0.268872, 0.0400581, 0.0613598)

Position: (0.26232, -1.31046, 0.0362284)
Size: (0.194052, 0.203694, 0.227092)

Position: (-0.494063, -1.48752, -1.4987)
Size: (0.211459, 0.0666779, 0.00680105)

Position: (0.90834, -1.48082, 1.25867)
Size: (0.270263, 0.263675, 0.0242371)

Position: (1.08059, 1.13478, -0.701603)
Size: (0.282998, 0.0718298, 0.196913)

Position: (-0.340037, 0.175321, -0.019911)
Size: (0.167733, 0.0137084, 0.101309)

Position: (-0.718286, -0.107374, -0.37798)
Size: (0.263546, 0.25565, 0.213073)

Position: (-0.0382618, -0.363325, -0.467217)
Size: (0.286461, 0.138402, 0.208085)

Position: (1.34477, -0.0355739, 0.419169)
Size: (0.276986, 0.217241, 0.145151)

Position: (-1.01037, 0.408386, 1.25611)
Size: (0.284685, 0.194942, 0.107481)

Position: (0.732993, 0.0599115, -1.12049)
Size: (0.0454268, 0.0759015, 0.102013)

Position: (-0.223329, -1.07727, 1.29774)
Size: (0.221335, 0.246798, 0.0924004)

Position: (-1.42793, -0.713699, 0.0939549)
Size: (0.295505, 0.287322, 0.0686723)

Position: (1.10594, -1.07368, 1.21595)
Size: (0.158512, 0.175756, 0.0188195)

Position: (-1.05592, -1.0801, 0.505983)
Size: (0.0932251, 0.116963, 0.176423)

Position: (0.517121, -1.30315, -1.48296)
Size: (0.000838025, 0.229778, 0.165512)

Position: (-0.810527, -1.24637, -1.05996)
Size: (0.101195, 0.247517, 0.206127)

Position: (-0.324305, 1.2889, -0.289924)
Size: (0.221049, 0.057754, 0.29659)

Position: (-0.630565, 0.578109, 0.785704)
Size: (0.267363, 0.0130262, 0.167866)

Position: (-0.842897, 0.246993, -1.02515)
Size: (0.0891045, 0.0724873, 0.295682)

Position: (-1.49398, -0.809259, -0.193665)
Size: (0.0635205, 0.168679, 0.0218578)

Position: (-0.173716, 0.379375, 0.464275)
Size: (0.194664, 0.0987037, 0.239674)

Position: (-0.0621767, -0.850966, 1.36069)
Size: (0.111631, 0.205828, 0.258905)

Position: (1.27138, 0.989495, 0.244466)
Size: (0.0328053, 0.233935, 0.278542)

Position: (0.45197, 0.805964, 1.29159)
Size: (0.289753, 0.0974299, 0.223495)

Position: (-1.07083, 0.927894, 0.707856)
Size: (0.17158, 0.179414, 0.0952368)

Position: (-0.058728, 0.0337942, 0.119571)
Size: (0.00480437, 0.113615, 0.271332)

Position: (0.798795, -0.880702, 1.34782)
Size: (0.0948321, 0.196829, 0.117643)

Position: (0.176208, 0.765547, -0.986003)
Size: (0.11489, 0.0370412, 0.0616253)

Position: (1.29299, 1.40494, -0.310707)
Size: (0.174783, 0.236786, 0.226619)

Position: (-0.845687, -1.07471, -0.477439)
Size: (0.194383, 0.0950443, 0.216881)

Position: (0.733791, 0.654212, -0.827993)
Size: (0.153507, 0.12026, 0.277445)

Position: (-1.05825, -0.544959, -0.81014)
Size: (0.202221, 0.257463, 0.232275)

Position: (-0.613492, -1.06844, -0.367607)
Size: (0.219691, 0.0330496, 0.267877)

Position: (-0.129399, 0.618152, -0.853561)
Size: (0.139561, 0.078646, 0.205264)

Position: (1.36925, -0.708917, 0.880328)
Size: (0.294111, 0.10237, 0.0530106)

Position: (-0.369593, 0.347525, -0.788787)
Size: (0.203711, 0.130039, 0.101043)

Position: (1.3342, 0.843526, -0.667729)
Size: (0.224348, 0.160819, 0.155465)

Position: (-1.23322, -0.260224, -0.263165)
Size: (0.231432, 0.0936559, 0.149868)

Position: (1.44254, -0.972253, -1.38687)
Size: (0.27023, 0.00706048, 0.252235)

Position: (-0.67506, -0.485315, -0.622361)
Size: (0.215124, 0.0769231, 0.0352761)

Position: (0.773431, 1.40321, -0.995882)
Size: (0.187389, 0.258802, 0.223903)

Position: (-1.16087, -0.170894, -0.332947)
Size: (0.162362, 0.281304, 0.114908)

Position: (0.336976, 1.16225, 1.05508)
Size: (0.246123, 0.195515, 0.104272)

Position: (0.576709, -0.0670461, -0.226277)
Size: (0.0752751, 0.0303018, 0.167514)

Position: (-0.234854, 0.902014, -1.49572)
Size: (0.144151, 0.207542, 0.0267688)

Position: (0.796309, 0.631574, 1.4084)
Size: (0.196059, 0.129923, 0.199798)

Position: (-0.980469, -1.02669, -0.854207)
Size: (0.00946471, 0.179281, 0.205146)

