Position: (0.409798, 0.318663, 1.2172)
Size: (0.0559552, 0.080526, 0.171769)

Position: (0.547611, -1.40551, -1.12182)
Size: (0.23836, 0.102027, 0.0399194)

Position: (-0.545919, 0.217868, 0.293724)
Size: (0.0484133, 0.217406, 0.0344729)

Position: (1.02998, 0.567296, 0.174007)
Size: (0.0678101, 0.103667, 0.258329)

Position: (-0.818242, 1.44424, -1.40862)
Size: (0.00204094, 0.0673089, 0.178828)

Position: (0.281324, 0.383052, 0.131512)
Size: (0.0490005, 0.0185395, 0.13322)

Position: (-1.16495, -0.595927, 1.12684)
Size: (0.275874, 0.0511228, 0.0617889)

Position: (0.19342, 0.780332, -1.13365)
Size: (0.272985, 0.056724, 0.123165)

Position: (-0.506137, 0.621437, -1.1424)
Size: (0.149103, 0.253307, 0.160392)

Position: (-0.724702, 0.103086, -0.72244)
Size: (0.0358841, 0.0554568, 0.125691)

Position: (-1.0544, 0.389194, -0.432114)
Size: (0.246241, 0.0795533, 0.218354)

Position: (0.673014, 0.920279, -0.745277)
Size: (0.0502224, 0.15726, 0.20083)

Position: (-0.511764, 0.197941, -1.11924)
Size: (0.105423, 0.223752, 0.0350753)

Position: (0.984072, 0.997337, 0.303657)
Size: (0.21092, 0.0298398, 0.0857347)

Position: (-0.605137, 0.483413, 0.589283)
Size: (0.226215, 0.183226, 0.0119079)

Position: (-1.26956, 0.717693, 0.600801)
Size: (0.201447, 0.0285113, 0.146683)

Position: (0.585241, -0.44391, 1.13038)
Size: (0.278038, 0.100822, 0.0448734)

Position: (-1.28995, 0.828549, -0.66707)
Size: (0.119548, 0.269146, 0.204483)

Position: (-1.05473, -0.772022, -1.26921)
Size: (0.0122132, 0.0369016, 0.216885)

Position: (0.99562, 0.938198, -1.31116)
Size: (0.29622, 0.113577, 0.14216)

Position: (-0.509675, -0.564355, 1.18364)
Size: (0.001101, 0.225947, 0.0466947)

Position: (0.0579951, 1.04592, 0.232098)
Size: (0.0975326, 0.243744, 0.144865)

Position: (-0.45546, 0.474435, -1.18048)
Size: (0.0939149, 0.246687, 0.115455)

Position: (-0.451958, 0.384972, -0.201015)
Size: (0.271058, 0.211736, 0.0244354)

Position: (1.20003, 1.21075, -1.08489)
Size: (0.298728, 0.155956, 0.0168322)

Position: (0.85208, -0.882581, -0.947089)
Size: (0.166169, 0.0151546, 0.246505)

Position: (-1.11216, 1.45409, 1.19387)
Size: (0.153862, 0.191789, 0.224431)

Position: (0.433845, 0.681342, -0.617786)
Size: (0.0899798, 0.105562, 0.042996)

Position: (0.449643, -0.584121, -1.32908)
Size: (0.179295, 0.160293, 0.0480044)

Position: (0.555969, 0.315503, 0.736807)
Size: (0.194251, 0.166056, 0.0239595)

Position: (-1.10353, 0.580799, 0.905651)
Size: (0.0830165, 0.0302015, 0.195847)

Position: (-0.0223112, -0.0556511, 0.605254)
Size: (0.0833148, 0.00587973, 0.106458)

Position: (0.339828, -0.151443, 0.230329)
Size: (0.124668, 0.0449232, 0.298311)

Position: (1.29019, -0.409389, 0.284529)
Size: (0.208587, 0.0906938, 0.111125)

Position: (1.27713, -0.766601, -0.820332)
Size: (0.206532, 0.107442, 0.27229)

Position: (0.128129, 0.751904, -1.26452)
Size: (0.110029, 0.234644, 0.209406)

Position: (-0.337394, -1.05789, -0.513793)
Size: (0.0423908, 0.0649117, 0.0198254)

Position: (-1.35178, 1.03962, 1.32569)
Size: (0.0650869, 0.118424, 0.256184)

Position: (1.07999, -0.819546, 0.621347)
Size: (0.103644, 0.0163088, 0.129133)

Position: (-1.47791, -0.638076, 1.45677)
Size: (0.15203, 0.00126678, 0.106382)

Position: (1.04419, 0.308251, -0.665021)
Size: (0.0498785, 0.267466, 0.106604)

Position: (-1.35283, 0.43943, -0.0702202)
Size: (0.0757411, 0.00803228, 0.0652204)

Position: (1.25465, -1.39556, -0.243338)
Size: (0.202441, 0.236454, 0.00851839)

Position: (-0.766074, 1.14448, 1.276)
Size: (0.0190542, 0.0172333, 0.134219)

Position: (0.307789, 0.120255, 0.455597)
Size: (0.172193, 0.131684, 0.122517)

Position: (-0.0390413, 1.32484, 0.656695)
Size: (0.157914, 0.22041, 0.288982)

Position: (-1.35294, 1.14735, -0.180104)
Size: (0.135069, 0.2482, 0.119315)

Position: (-0.194144, 1.46491, 1.14641)
Size: (0.124402, 0.204226, 0.142042)

