Position: (0.687031, -0.561498, -0.321865)
Size: (0.286601, 0.00489453, 0.292908)

Position: (-1.14584, -0.799566, 1.3922)
Size: (0.0346422, 0.0226406, 0.0944009)

Position: (-0.599811, -0.193311, 1.34506)
Size: (0.260791, 0.0137565, 0.0111897)

Position: (0.560141, -0.398974, -0.456417)
Size: (0.124738, 0.170663, 0.120411)

Position: (0.0488661, -0.880421, -1.49638)
Size: (0.271221, 0.27017, 0.0587772)

Position: (0.521095, 0.296448, 0.370175)
Size: (0.195598, 0.206295, 0.02444)

Position: (-0.376513, -0.567455, 0.374545)
Size: (0.0479935, 0.0578645, 0.149196)

Position: (-0.263428, -1.38708, 0.362392)
Size: (0.0537189, 0.027225, 0.0295597)

Position: (0.622008, 0.580005, -0.0553555)
Size: (0.189744, 0.115169, 0.200488)

Position: (0.439438, 0.645839, 0.714571)
Size: (0.213511, 0.161474, 0.0390938)

Position: (0.695111, -1.42708, 1.20458)
Size: (0.203328, 0.132887, 0.0365708)

Position: (1.04112, -0.464992, -1.36582)
Size: (0.0905663, 0.0187178, 0.147142)

Position: (-1.12603, 0.797686, -0.957973)
Size: (0.165817, 0.0298934, 0.284257)

Position: (1.14636, 0.895525, 0.155499)
Size: (0.266574, 0.152924, 0.219677)

Position: (-1.0026, 0.931061, 0.685624)
Size: (0.240101, 0.0156218, 0.0150675)

Position: (1.08234, -1.24421, 1.35981)
Size: (0.118388, 0.18759, 0.0498922)

Position: (-0.308839, 0.158286, 0.295637)
Size: (0.141384, 0.00186039, 0.222768)

Position: (-1.10109, 0.653305, -0.348543)
Size: (0.188055, 0.251022, 0.0175409)

Position: (-1.4222, 1.14799, 0.762681)
Size: (0.160708, 0.0228349, 0.26644)

Position: (1.35844, -0.120065, -0.258825)
Size: (0.103559, 0.235802, 0.253597)

Position: (-0.633943, 0.0588395, -1.06108)
Size: (0.0964598, 0.0906443, 0.297184)

Position: (0.207831, 0.53704, -0.933025)
Size: (0.233995, 0.116231, 0.0625614)

Position: (0.696968, 1.23625, 0.285874)
Size: (0.118219, 0.0528796, 0.233498)

Position: (0.0153219, -0.522909, 1.35124)
Size: (0.284465, 0.210149, 0.146262)

Position: (-1.2759, -0.555865, -0.175553)
Size: (0.245709, 0.271895, 0.177275)

Position: (-0.347452, 0.227602, -1.06154)
Size: (0.279523, 0.208612, 0.233115)

Position: (0.602834, 1.41677, -0.018234)
Size: (0.299516, 0.266006, 0.0333069)

Position: (0.802679, 0.177916, 1.26128)
Size: (0.101141, 0.00440178, 0.0770454)

Position: (0.884803, -0.250073, -1.24923)
Size: (0.177972, 0.00764194, 0.149395)

Position: (-0.491109, -0.915994, -0.166365)
Size: (0.23407, 0.14445, 0.139972)

Position: (-1.42646, 0.760512, -1.46355)
Size: (0.0694121, 0.0761447, 0.0368326)

Position: (-0.106656, -0.952465, 1.04866)
Size: (0.123751, 0.28356, 0.181756)

Position: (0.839079, -1.1477, -0.515573)
Size: (0.193332, 0.0799901, 0.0814679)

Position: (0.54818, -0.045355, -0.353321)
Size: (0.200423, 0.0563232, 0.0540395)

Position: (0.797984, -0.751534, 0.0252205)
Size: (0.253656, 0.260265, 0.206986)

Position: (-1.41527, 1.16822, -1.30515)
Size: (0.00449942, 0.279558, 0.133445)

Position: (0.649498, 1.39223, 0.42127)
Size: (0.184335, 0.143033, 0.256356)

Position: (1.09435, -1.03664, -1.2518)
Size: (0.262737, 0.293797, 0.0896157)

Position: (-0.547711, 0.0204885, -1.39125)
Size: (0.113877, 0.0768308, 0.108597)

Position: (-1.46249, -0.189739, 0.276631)
Size: (0.1293, 0.237096, 0.257793)

Position: (1.05148, 0.466781, -0.723052)
Size: (0.155619, 0.0689299, 0.293423)

Position: (-1.08214, -1.1854, 0.939763)
Size: (0.161526, 0.149915, 0.226531)

Position: (-0.243428, -0.614079, 0.668709)
Size: (0.0441852, 0.0581643, 0.00772993)

Position: (0.00622838, 1.00357, -0.987751)
Size: (0.0392473, 0.107418, 0.144599)

Position: (0.271072, 1.36079, 1.4274)
Size: (0.117866, 0.0786534, 0.0477628)

Position: (-0.443433, 0.799452, -0.689255)
Size: (0.0147521, 0.182061, 0.020147)

Position: (0.373506, 1.02914, 0.828212)
Size: (0.237452, 0.0161881, 0.0703684)

Position: (-1.0851, 0.435531, -0.255652)
Size: (0.208961, 0.0856249, 0.114557)

