Position: (-1.35636, -1.04576, 0.749545)
Size: (0.0494827, 0.231223, 0.1651)

Position: (-0.634599, -0.216332, 0.996925)
Size: (0.173469, 0.245393, 0.288378)

Position: (-1.19192, -1.39278, -0.441935)
Size: (0.0569978, 0.138878, 0.0637412)

Position: (-0.0962338, -0.565536, -1.36871)
Size: (0.101451, 0.06174, 0.00605413)

Position: (-1.15597, 0.553648, -0.125649)
Size: (0.236816, 0.209644, 0.0387754)

Position: (-1.14801, -0.254835, -0.841375)
Size: (0.264655, 0.185889, 0.112366)

Position: (-0.279005, -0.570789, 0.973152)
Size: (0.19933, 0.0406676, 0.165896)

Position: (-0.705815, -0.323402, -0.560789)
Size: (0.182533, 0.0863795, 0.189766)

Position: (-0.0634574, -1.37312, 0.0754175)
Size: (0.206268, 0.136746, 0.124787)

Position: (-0.0267291, 0.254568, 0.917458)
Size: (0.158505, 0.0213577, 0.0162833)

Position: (-0.464195, 0.583273, 0.33483)
Size: (0.0287664, 0.151895, 0.0389757)

Position: (0.762787, 0.482536, -0.370622)
Size: (0.0351623, 0.193252, 0.230497)

Position: (0.163437, -1.26266, -0.0295881)
Size: (0.110856, 0.162318, 0.155659)

Position: (0.23161, 0.225889, -0.147273)
Size: (0.153846, 0.0101114, 0.287458)

Position: (1.06709, 0.959356, 0.760779)
Size: (0.116456, 0.277623, 0.212813)

Position: (0.128273, -0.857184, -0.465007)
Size: (0.127879, 0.0558865, 0.14803)

Position: (0.347762, 0.204019, -1.22827)
Size: (0.00862368, 0.225636, 0.204639)

Position: (1.02742, -0.584212, -0.6582)
Size: (0.225721, 0.141923, 0.0384149)

Position: (0.415286, -0.055253, -0.817638)
Size: (0.0388239, 0.0984739, 0.227623)

Position: (0.236153, -1.34443, 0.758254)
Size: (0.159538, 0.180973, 0.279322)

Position: (-0.766719, 0.628154, -1.12542)
Size: (0.0227459, 0.107826, 0.0411278)

Position: (0.409161, 0.246426, 0.880839)
Size: (0.137197, 0.121627, 0.216668)

Position: (0.0151638, -1.16588, -0.681534)
Size: (0.0120634, 0.180518, 0.0762214)

Position: (0.578502, 0.930835, 0.256293)
Size: (0.111689, 0.231872, 0.196514)

Position: (-1.08972, -0.591692, -0.109583)
Size: (0.293607, 0.0672756, 0.0844854)

Position: (0.756131, -1.47107, 1.3314)
Size: (0.0681356, 0.00525012, 0.281916)

Position: (0.215341, 1.40526, -0.931325)
Size: (0.272135, 0.252979, 0.147855)

Position: (-1.01109, 1.06613, -0.0249743)
Size: (0.211135, 0.00920197, 0.0363327)

Position: (0.984724, 0.00830563, 0.803957)
Size: (0.0362113, 0.0133414, 0.218671)

Position: (-0.379955, -1.47242, 1.4591)
Size: (0.129956, 0.174171, 0.299408)

Position: (0.965429, -1.20229, -0.274779)
Size: (0.118873, 0.0387229, 0.263971)

Position: (-1.44069, 0.656484, 0.701554)
Size: (0.183939, 0.0817005, 0.155546)

Position: (0.0921476, 1.03291, 0.623246)
Size: (0.284379, 0.120891, 0.166744)

Position: (0.79487, 0.768785, -1.3211)
Size: (0.268612, 0.2071, 0.0489839)

Position: (0.577249, -0.808372, 0.851394)
Size: (0.192614, 0.00513617, 0.27745)

Position: (0.203564, -0.671218, 1.30429)
Size: (0.0885838, 0.00183721, 0.199121)

Position: (0.678977, 0.891563, 1.27907)
Size: (0.0111053, 0.0617109, 0.282907)

Position: (-0.0147393, 0.672716, -0.886722)
Size: (0.156125, 0.191867, 0.288533)

Position: (-1.27192, -0.583743, 0.837962)
Size: (0.0845684, 0.296421, 0.249359)

Position: (1.43264, -0.681226, -1.24377)
Size: (0.139322, 0.028014, 0.103715)

Position: (0.489961, -0.599251, 1.23854)
Size: (0.16966, 0.130536, 0.188444)

Position: (-0.347503, 0.344063, 1.24869)
Size: (0.115575, 0.192869, 0.212315)

Position: (-1.04874, 0.922857, 0.600016)
Size: (0.0504143, 0.175735, 0.15241)

Position: (-0.810134, 0.369777, -1.24177)
Size: (0.0841711, 0.171395, 0.213414)

Position: (-1.13404, -0.0805038, -0.00946977)
Size: (0.0385775, 0.0789425, 0.223445)

Position: (1.07215, -0.534428, 1.07798)
Size: (0.238476, 0.211804, 0.230018)

Position: (-0.381746, -1.22518, -0.93779)
Size: (0.222726, 0.104394, 0.172703)

Position: (-0.216162, 1.45748, -1.44048)
Size: (0.0617204, 0.24112, 0.0974231)

