Position: (1.4565, -0.392868, -0.629793)
Size: (0.247436, 0.237857, 0.188395)

Position: (-1.38927, -0.436641, 0.562465)
Size: (0.284412, 0.265449, 0.0294807)

Position: (0.485315, 0.0783795, -0.0288424)
Size: (0.253911, 0.0106551, 0.123487)

Position: (0.258027, -0.751872, 1.33528)
Size: (0.174265, 0.11303, 0.0267104)

Position: (-1.18334, 1.0703, -0.71232)
Size: (0.0166572, 0.0498657, 0.0356437)

Position: (1.42054, -0.406446, 0.699063)
Size: (0.28093, 0.0871882, 0.185756)

Position: (0.22158, -0.134198, -0.104609)
Size: (0.0553712, 0.0783928, 0.200222)

Position: (1.27641, -0.56247, 0.576694)
Size: (0.0185098, 0.124295, 0.24782)

Position: (-1.399, 1.33066, -0.626302)
Size: (0.174711, 0.259619, 0.17984)

Position: (-1.38191, -1.278, -0.380762)
Size: (0.0556691, 0.269636, 0.163474)

Position: (-0.455554, 0.770219, 1.04783)
Size: (0.0640476, 0.285269, 0.0098794)

Position: (0.869747, -1.17486, -0.628069)
Size: (0.167483, 0.0953991, 0.0892271)

Position: (0.480622, -1.34133, -1.36421)
Size: (0.115585, 0.0882321, 0.122293)

Position: (-0.510066, -1.16455, 1.10166)
Size: (0.122203, 0.226697, 0.125046)

Position: (-0.233402, -1.20703, -0.234439)
Size: (0.213132, 0.0418462, 0.00332864)

Position: (-0.619428, -0.479253, -0.670168)
Size: (0.276039, 0.137157, 0.210973)

Position: (-0.562085, -0.656392, -0.630721)
Size: (0.225628, 0.105905, 0.240276)

Position: (-0.374416, 0.607904, -1.05081)
Size: (0.142708, 0.171903, 0.175074)

Position: (-0.90697, 0.657296, 0.434033)
Size: (0.0326815, 0.0069207, 0.0181852)

Position: (1.08026, 0.156327, 0.0107352)
Size: (0.292388, 0.267158, 0.07583)

Position: (-0.871306, -1.1048, 0.549083)
Size: (0.218011, 0.153148, 0.0915099)

Position: (0.388617, -0.787772, -0.791797)
Size: (0.178535, 0.180749, 0.116989)

Position: (-0.561408, -0.373463, 0.676842)
Size: (0.225221, 0.0788851, 0.0887266)

Position: (-0.351876, -0.937361, -1.34408)
Size: (0.177193, 0.175179, 0.0207601)

Position: (0.337988, -1.03024, 0.241717)
Size: (0.147375, 0.192473, 0.0987294)

Position: (1.19609, -1.1449, 0.205072)
Size: (0.0690321, 0.263526, 0.27509)

Position: (1.46385, -0.160877, 0.672056)
Size: (0.183474, 0.0479763, 0.248243)

Position: (-0.716677, 0.546711, -1.12373)
Size: (0.200415, 0.00890473, 0.194475)

Position: (-0.862076, -1.3414, -0.377441)
Size: (0.261554, 0.214084, 0.124086)

Position: (-0.882956, -8.6289e-05, 0.960395)
Size: (0.0230337, 0.15257, 0.0328977)

Position: (1.28554, -1.36405, -0.358114)
Size: (0.221348, 0.297123, 0.0861172)

Position: (1.44775, 1.4151, -0.730138)
Size: (0.268851, 0.250855, 0.00286227)

Position: (0.329775, -0.19781, -0.708635)
Size: (0.0498625, 0.0268648, 0.223329)

Position: (-0.869543, -0.312607, -1.06071)
Size: (0.217129, 0.250776, 0.291692)

Position: (0.562852, -1.21986, -1.35681)
Size: (0.183001, 0.290635, 0.0493687)

Position: (-0.359758, 1.47869, 0.226543)
Size: (0.271149, 0.0223466, 0.10419)

Position: (-1.13342, -0.300091, -1.03403)
Size: (0.0501595, 0.0235454, 0.0744992)

Position: (0.595496, -0.264596, 0.270893)
Size: (0.252332, 0.293414, 0.205188)

Position: (-0.768281, 0.449158, -0.528098)
Size: (0.107628, 0.0449076, 0.123597)

Position: (-0.322798, 0.149336, -0.274908)
Size: (0.00177505, 0.0250625, 0.115246)

Position: (-0.895792, 1.31682, 0.171106)
Size: (0.190671, 0.160477, 0.235842)

Position: (0.343735, 0.921294, -0.724711)
Size: (0.1558, 0.0778368, 0.05398)

Position: (-0.439666, -0.124608, -0.947245)
Size: (0.218245, 0.212574, 0.186069)

Position: (-1.47943, 1.4254, -0.510965)
Size: (0.233923, 0.1509, 0.254854)

Position: (-0.893431, 0.0891599, -0.143148)
Size: (0.138686, 0.0202586, 0.1883)

Position: (1.2121, 1.33326, 1.46073)
Size: (0.0525537, 0.101496, 0.144122)

Position: (0.66574, 0.604189, 1.32398)
Size: (0.101388, 0.194975, 0.132995)

Position: (0.384402, -0.45066, -0.328206)
Size: (0.274861, 0.290728, 0.254909)

