Position: (0.413924, -0.88977, -0.695707)
Size: (0.075369, 0.151736, 0.263338)

Position: (0.797973, 1.36571, -0.217481)
Size: (0.192723, 0.261302, 0.241118)

Position: (-0.0889528, 1.37654, -0.306892)
Size: (0.236962, 0.23019, 0.221281)

Position: (0.386585, -0.456525, -0.980348)
Size: (0.255171, 0.0545369, 0.132466)

Position: (-0.247537, -0.114682, 0.973029)
Size: (0.191931, 0.122481, 0.191041)

Position: (-0.645326, -0.6951, -0.156991)
Size: (0.291274, 0.0888956, 0.278592)

Position: (-0.645102, 0.321993, 1.38836)
Size: (0.116663, 0.23463, 0.165404)

Position: (0.753977, -0.0293555, 1.18463)
Size: (0.0452083, 0.23009, 0.233791)

Position: (-0.860292, 0.460038, -0.514359)
Size: (0.191526, 0.0670019, 0.23402)

Position: (-0.295642, 1.02096, 0.0108075)
Size: (0.272594, 0.0712199, 0.00812633)

Position: (-1.4895, 0.273644, 0.418122)
Size: (0.133469, 0.11735, 0.123444)

Position: (0.5389, 0.473537, 1.25962)
Size: (0.252531, 0.200298, 0.2278)

Position: (-1.38525, 1.17763, 1.28986)
Size: (0.275444, 0.105681, 0.247121)

Position: (-0.603546, -1.44348, 0.324901)
Size: (0.110891, 0.0775428, 0.220986)

Position: (0.311219, 0.558024, 0.0868332)
Size: (0.242794, 0.2979, 0.0908151)

Position: (0.547381, -1.1971, 0.178002)
Size: (0.0551086, 0.104168, 0.171452)

Position: (-1.18303, 1.05239, -0.177044)
Size: (0.263946, 0.201799, 0.000994928)

Position: (0.506834, 1.28775, -0.0363384)
Size: (0.13764, 0.227071, 0.0181202)

Position: (-0.716514, -0.867567, 0.388553)
Size: (0.0945187, 0.237824, 0.0927174)

Position: (0.367906, -0.205158, 1.1532)
Size: (0.292944, 0.191578, 0.042515)

Position: (-0.707307, -0.449403, -1.0421)
Size: (0.277348, 0.0546393, 0.0732523)

Position: (-0.408713, 0.567787, 0.286335)
Size: (0.0897325, 0.0766438, 0.219392)

Position: (-1.19715, -0.0788633, -0.363277)
Size: (0.293708, 0.224391, 0.118563)

Position: (0.0384632, -0.0011804, 0.456367)
Size: (0.00432696, 0.107896, 0.0924792)

Position: (-0.379171, 1.07502, -0.880797)
Size: (0.270085, 0.147724, 0.275501)

Position: (-0.51946, 1.44751, 0.578667)
Size: (0.214, 0.109707, 0.239622)

Position: (1.18199, -0.514842, 1.31757)
Size: (0.0984004, 0.234649, 0.142914)

Position: (-0.944163, 0.311217, -1.38441)
Size: (0.118322, 0.169034, 0.180013)

Position: (0.225286, 1.41881, -0.418799)
Size: (0.0201708, 0.139968, 0.277105)

Position: (1.37027, -1.14199, 0.791717)
Size: (0.192509, 0.162599, 0.294939)

Position: (-0.972132, 0.248728, 0.832169)
Size: (0.0734139, 0.0362591, 0.283012)

Position: (-0.422705, -0.861223, -0.382468)
Size: (0.16482, 0.193948, 0.228878)

Position: (-1.18967, -0.341067, 1.2686)
Size: (0.248438, 0.251291, 0.0535568)

Position: (-0.572012, -0.638528, 0.467211)
Size: (0.273491, 0.243906, 0.218317)

Position: (0.718916, -0.912628, -0.377897)
Size: (0.114694, 0.0246281, 0.243799)

Position: (1.31281, -0.411945, -0.936533)
Size: (0.220682, 0.117017, 0.159281)

Position: (-1.01978, -0.184613, 0.527428)
Size: (0.247321, 0.170453, 0.0258497)

Position: (-1.03086, -0.747733, 0.654829)
Size: (0.23656, 0.0180298, 0.186632)

Position: (-0.0114034, -0.416221, -1.36406)
Size: (0.129387, 0.153345, 0.18734)

Position: (-0.58772, 1.1538, 0.866957)
Size: (0.296598, 0.171411, 0.0803866)

Position: (0.318827, -1.35141, 0.650468)
Size: (0.0125842, 0.153368, 0.17465)

Position: (-0.550674, 0.181466, 0.660471)
Size: (0.0637147, 0.282682, 0.136993)

Position: (0.377882, -1.09536, 1.02065)
Size: (0.0133425, 0.225009, 0.29795)

Position: (1.24521, 0.174533, -0.582254)
Size: (0.221769, 0.232263, 0.0029928)

Position: (0.428687, 0.16625, -0.529807)
Size: (0.114967, 0.0151637, 0.144986)

Position: (0.859332, 0.399758, 1.16854)
Size: (0.272053, 0.185264, 0.258042)

Position: (-1.23232, 1.04764, -0.617198)
Size: (0.0446874, 0.278175, 0.0107405)

Position: (-1.04407, -0.976218, -1.21555)
Size: (0.12963, 0.141612, 0.0536005)

