Position: (-0.265427, 0.742198, 0.408143)
Size: (0.104093, 0.10825, 0.272705)

Position: (-1.15144, -1.17989, 1.07114)
Size: (0.0139664, 0.163432, 0.174768)

Position: (-0.924771, 0.67541, 0.34588)
Size: (0.0946071, 0.172748, 0.175168)

Position: (-0.419692, 1.41677, -1.24443)
Size: (0.132768, 0.0785976, 0.235931)

Position: (-0.557262, -0.396274, -0.837404)
Size: (0.0807932, 0.0622405, 0.116728)

Position: (0.788988, 0.74504, 0.614741)
Size: (0.278213, 0.10248, 0.0556796)

Position: (1.36631, -0.368859, -0.320387)
Size: (0.102729, 0.154053, 0.191886)

Position: (0.282908, 0.429191, 1.22553)
Size: (0.00455717, 0.229548, 0.0880043)

Position: (0.883573, -0.782529, 0.00564704)
Size: (0.0521096, 0.0635626, 0.0833795)

Position: (-0.289704, 1.45241, -0.329418)
Size: (0.298803, 0.0383036, 0.207959)

Position: (-0.561989, 0.195841, 0.420693)
Size: (0.101779, 0.00693912, 0.27622)

Position: (-1.0918, 0.121552, -0.181367)
Size: (0.260797, 0.285698, 0.102494)

Position: (1.29136, -0.375394, 1.37872)
Size: (0.226094, 0.254898, 0.0378275)

Position: (1.15822, 0.879269, -1.07537)
Size: (0.205365, 0.163508, 0.299294)

Position: (-0.920637, -1.23811, 1.42896)
Size: (0.098199, 0.215232, 0.146978)

Position: (-1.28751, 0.768516, -0.581577)
Size: (0.215197, 0.216956, 0.252481)

Position: (1.07607, -1.23299, -1.2945)
Size: (0.172241, 0.00315314, 0.141678)

Position: (1.08336, 1.46883, 0.151598)
Size: (0.0750537, 0.189478, 0.0215046)

Position: (1.23064, 0.615404, 0.4413)
Size: (0.0825132, 0.272158, 0.00911606)

Position: (-1.18296, -0.661083, 0.508162)
Size: (0.23045, 0.0401731, 0.10229)

Position: (1.08529, 0.0801292, 0.034312)
Size: (0.134534, 0.010475, 0.134405)

Position: (-1.33949, 0.583069, 1.26761)
Size: (0.123306, 0.228676, 0.0219648)

Position: (0.218174, -0.049953, -0.181166)
Size: (0.0390743, 0.29973, 0.27798)

Position: (0.320353, 0.907858, -1.41841)
Size: (0.208428, 0.169484, 0.0473867)

Position: (0.136691, -0.790731, -0.206858)
Size: (0.263056, 0.00370296, 0.101448)

Position: (-1.32416, -0.569578, -1.46777)
Size: (0.165981, 0.123544, 0.150888)

Position: (1.13405, 0.298501, 1.24114)
Size: (0.264696, 0.180536, 0.230864)

Position: (0.0186558, 1.06298, 0.868073)
Size: (0.133011, 0.145962, 0.278804)

Position: (1.09444, 0.965762, -0.928135)
Size: (0.0405223, 0.251521, 0.0571133)

Position: (1.49499, 1.41124, 0.501751)
Size: (0.189659, 0.146982, 0.18163)

Position: (0.694184, 0.965242, 1.0188)
Size: (0.25405, 0.0248345, 0.115371)

Position: (-0.965085, -0.044928, -0.523885)
Size: (0.0463925, 0.167057, 0.0218218)

Position: (-0.128044, 1.27524, -1.28508)
Size: (0.0634757, 0.0693514, 0.0133763)

Position: (-1.08956, 0.403007, -1.43477)
Size: (0.28485, 0.0648291, 0.207623)

Position: (1.10385, 0.0161401, -0.630849)
Size: (0.000571075, 0.297273, 0.143778)

Position: (0.946824, -0.97156, 0.332006)
Size: (0.12355, 0.166797, 0.218697)

Position: (-0.302381, -0.449695, -0.268496)
Size: (0.236106, 0.0546129, 0.108163)

Position: (0.00849804, -0.570507, 0.0807394)
Size: (0.105108, 0.0635437, 0.0235907)

Position: (0.206028, 0.378781, -0.0347627)
Size: (0.219418, 0.190258, 0.0621594)

Position: (-1.17268, 1.40143, -0.114358)
Size: (0.00694084, 0.1798, 0.00975262)

Position: (0.48565, 0.434366, -1.35088)
Size: (0.228122, 0.10494, 0.141657)

Position: (-0.468724, -0.296745, -1.18233)
Size: (0.271939, 0.0818366, 0.156179)

Position: (-0.838538, -0.10167, -0.66441)
Size: (0.121081, 0.00754561, 0.116751)

Position: (-1.3104, -1.40245, -0.635346)
Size: (0.0970023, 0.000366409, 0.171542)

Position: (-0.320655, -1.47709, 1.05371)
Size: (0.290596, 0.145047, 0.1311)

Position: (0.641825, -1.11952, -1.13077)
Size: (0.288722, 0.148707, 0.0901447)

Position: (0.940482, 0.434528, 0.318573)
Size: (0.266873, 0.177111, 0.0789056)

Position: (-0.378474, -0.705655, 0.274279)
Size: (0.284582, 0.079365, 0.245015)

