Position: (-0.0137491, -0.911412, -0.761591)
Size: (0.173867, 0.153003, 0.282857)

Position: (-0.90006, 0.522041, 0.950233)
Size: (0.172497, 0.270927, 0.137215)

Position: (-0.634152, -0.0436634, 0.335968)
Size: (0.126792, 0.109653, 0.191718)

Position: (0.278486, 1.49548, 0.451975)
Size: (0.0890145, 0.15185, 0.253698)

Position: (1.40226, -0.20541, 1.15238)
Size: (0.238423, 0.288154, 0.0324478)

Position: (1.35357, -0.519162, -0.804508)
Size: (0.0345495, 0.264547, 0.11419)

Position: (0.184001, -0.638571, 0.121644)
Size: (0.286188, 0.293685, 0.112305)

Position: (1.11292, 0.924231, -0.516599)
Size: (0.0449242, 0.233752, 0.1255)

Position: (0.109952, 1.03444, -0.898026)
Size: (0.283972, 0.0391497, 0.0835225)

Position: (-0.6473, -0.116461, -0.40677)
Size: (0.244691, 0.294003, 0.062782)

Position: (-0.869855, -1.07783, -1.1506)
Size: (0.058347, 0.0753305, 0.28501)

Position: (0.941115, -0.505593, -0.876944)
Size: (0.130367, 0.193438, 0.163959)

Position: (1.33843, -0.522215, 0.4686)
Size: (0.181553, 0.0419639, 0.0493061)

Position: (0.0674533, -1.04971, -1.49285)
Size: (0.216293, 0.189176, 0.124062)

Position: (0.0947477, 0.876483, -1.08684)
Size: (0.28911, 0.0244314, 0.0130341)

Position: (-0.154906, 0.426031, 0.424373)
Size: (0.13672, 0.14716, 0.0406032)

Position: (-1.20671, -0.845678, -0.0656123)
Size: (0.0174266, 0.292321, 0.0964885)

Position: (-1.26465, -0.365138, -0.445174)
Size: (0.173152, 0.266243, 0.230677)

Position: (0.896243, -0.867448, -1.30849)
Size: (0.298696, 0.266361, 0.126481)

Position: (1.3241, -1.48768, 0.122092)
Size: (0.272989, 0.280963, 0.153878)

Position: (-0.107318, -1.34966, -0.220982)
Size: (0.215057, 0.0920321, 0.17075)

Position: (0.780634, -0.305102, -0.350504)
Size: (0.249628, 0.277877, 0.125197)

Position: (0.145012, 1.36971, -0.473179)
Size: (0.279256, 0.188612, 0.0429282)

Position: (-0.516965, -0.678897, 1.28067)
Size: (0.0915583, 0.281566, 0.0294283)

Position: (-0.403157, -0.15476, -0.158895)
Size: (0.00809789, 0.27424, 0.28203)

Position: (-0.865126, 0.760523, -1.4535)
Size: (0.1299, 0.139806, 0.195835)

Position: (-0.286905, -1.44341, 1.38099)
Size: (0.0844297, 0.272123, 0.149534)

Position: (0.718552, 0.86182, 0.246401)
Size: (0.266398, 0.205664, 0.275493)

Position: (0.00750925, 0.911675, 1.41192)
Size: (0.036979, 0.248345, 0.107307)

Position: (-1.28227, 1.01868, 0.377393)
Size: (0.0790285, 0.0388793, 0.157677)

Position: (-0.149474, 0.490364, 0.325873)
Size: (0.286534, 0.209898, 0.0659607)

Position: (0.19816, -0.350934, 0.470112)
Size: (0.208028, 0.185266, 0.139235)

Position: (-0.655956, 1.4825, 0.455723)
Size: (0.16369, 0.178145, 0.0252925)

Position: (0.178248, 1.22425, -0.428901)
Size: (0.285137, 0.0783535, 0.0198245)

Position: (0.521826, 0.0267741, -0.719404)
Size: (0.160407, 0.149829, 0.117141)

Position: (-1.06715, -0.317025, -0.924159)
Size: (0.0578083, 0.215725, 0.0396335)

Position: (0.00230208, 0.435667, 1.2741)
Size: (0.217372, 0.0755839, 0.256827)

Position: (0.182065, -0.359414, -0.929145)
Size: (0.117782, 0.10303, 0.0409881)

Position: (1.27286, -1.02639, 0.0811805)
Size: (0.0876516, 0.101183, 0.0338314)

Position: (1.14032, -1.04749, -1.01017)
Size: (0.28864, 0.189523, 0.242313)

Position: (0.440364, 1.46074, -0.837301)
Size: (0.0252449, 0.0278653, 0.171637)

Position: (-0.139212, -1.33822, -0.827815)
Size: (0.102962, 0.199197, 0.0316555)

Position: (0.450132, 0.483592, 0.410684)
Size: (0.198647, 0.0489385, 0.0172036)

Position: (0.339228, 1.17185, 1.24264)
Size: (0.295161, 0.125236, 0.127115)

Position: (1.19945, 0.986218, 1.13712)
Size: (0.0432362, 0.169547, 0.0283172)

Position: (0.86056, 1.40624, -0.526449)
Size: (0.0781515, 0.137423, 0.19665)

Position: (-0.272966, 0.978011, -1.36626)
Size: (0.254448, 0.223328, 0.194817)

Position: (-1.01097, 1.11795, 1.27506)
Size: (0.209516, 0.0414429, 0.293447)

