Position: (-0.0479315, -1.14139, 0.670619)
Size: (0.119863, 0.0436435, 0.105608)

Position: (-0.60645, -0.0561914, 0.929237)
Size: (0.207837, 0.0672523, 0.1542)

Position: (0.847193, -0.375035, 1.28149)
Size: (0.193474, 0.0483724, 0.147434)

Position: (-1.28779, -0.990763, 0.976124)
Size: (0.121944, 0.0322606, 0.224805)

Position: (0.562335, 0.460034, 1.11953)
Size: (0.130971, 0.210084, 0.0878068)

Position: (0.41881, -1.406, 1.29389)
Size: (0.273298, 0.262164, 0.21407)

Position: (-1.25957, 0.602365, -0.822687)
Size: (0.222461, 0.0915274, 0.208118)

Position: (1.36821, -1.10829, -1.06834)
Size: (0.0117841, 0.181853, 0.0376155)

Position: (0.471322, -0.405212, -0.260591)
Size: (0.265317, 0.126354, 0.220965)

Position: (-0.731975, -1.05199, -0.4171)
Size: (0.207611, 0.27882, 0.109744)

Position: (0.0692271, -0.0385375, 0.502732)
Size: (0.118776, 0.0633953, 0.143501)

Position: (-0.343534, -0.775864, 1.20982)
Size: (0.145807, 0.104138, 0.147631)

Position: (0.272843, 1.35309, -1.40408)
Size: (0.0513629, 0.0997216, 0.0810725)

Position: (0.0812307, -0.352039, -1.11847)
Size: (0.120423, 0.185191, 0.0734027)

Position: (-0.787365, -0.930456, -0.163998)
Size: (0.0222415, 0.02145, 0.153425)

Position: (0.910238, -0.0217619, -0.119195)
Size: (0.147961, 0.248018, 0.202432)

Position: (0.43047, 0.1347, 0.0463182)
Size: (0.142381, 0.177822, 0.218261)

Position: (1.11493, 1.01944, 1.38114)
Size: (0.115391, 0.120213, 0.252314)

Position: (-0.520896, 0.200589, -1.11037)
Size: (0.209164, 0.197729, 0.159174)

Position: (-1.37335, -0.798453, -0.0523129)
Size: (0.200049, 0.134416, 0.0130494)

Position: (0.842351, -0.896192, 0.440736)
Size: (0.0834243, 0.0356572, 0.11206)

Position: (-0.591884, -0.291584, 0.114878)
Size: (0.0484875, 0.196314, 0.144444)

Position: (-1.1772, -0.631817, -1.13747)
Size: (0.215924, 0.248345, 0.154194)

Position: (0.778972, -1.16607, 1.36787)
Size: (0.236777, 0.0840228, 0.204301)

Position: (-1.12063, -0.933814, 0.975307)
Size: (0.0411123, 0.203635, 0.0499038)

Position: (0.495608, 0.00431549, -0.458352)
Size: (0.0396953, 0.081161, 0.0847685)

Position: (0.367704, -0.747019, 0.801512)
Size: (0.250015, 0.039177, 0.113094)

Position: (1.30547, -0.209764, 0.771271)
Size: (0.139341, 0.233483, 0.27687)

Position: (-0.797175, 1.41131, 1.49618)
Size: (0.175482, 0.297503, 0.144551)

Position: (1.22056, 1.02897, -1.39357)
Size: (0.112189, 0.141412, 0.00702182)

Position: (-0.139194, -0.0764523, 1.35012)
Size: (0.254972, 0.215999, 0.105261)

Position: (1.46871, -0.777253, -0.134675)
Size: (0.234035, 0.140496, 0.044301)

Position: (1.20024, 1.45417, -0.57051)
Size: (0.202881, 0.294392, 0.17154)

Position: (0.0244757, -0.222767, 0.605532)
Size: (0.0565744, 0.273619, 0.16698)

Position: (-1.13164, 0.858916, -1.11217)
Size: (0.0167372, 0.239761, 0.0222487)

Position: (0.777188, -0.411572, 1.02498)
Size: (0.295768, 0.229515, 0.03944)

Position: (0.51531, 0.492894, -0.606956)
Size: (0.0176433, 0.131215, 0.0575455)

Position: (-0.540913, -0.665026, -1.47761)
Size: (0.248417, 0.242884, 0.223989)

Position: (0.0247321, -1.41726, 0.0171511)
Size: (0.0543442, 0.195088, 0.0618869)

Position: (0.0678234, -0.863758, -0.622033)
Size: (0.0887371, 0.104029, 0.250294)

Position: (0.875331, 1.16063, -0.951077)
Size: (0.196645, 0.0249241, 0.12812)

Position: (0.392757, -1.35228, -1.32237)
Size: (0.245795, 0.185209, 0.12803)

Position: (-0.519475, 0.793696, -1.48898)
Size: (0.228151, 0.0561964, 0.126164)

Position: (0.342613, 0.403871, -0.496179)
Size: (0.13674, 0.172495, 0.279882)

Position: (-1.00159, 0.101912, 0.906603)
Size: (0.214385, 0.293381, 0.215568)

Position: (1.43023, -0.403703, 0.938051)
Size: (0.128329, 0.00442859, 0.162621)

Position: (0.468562, -1.48545, 1.17374)
Size: (0.267082, 0.269596, 0.0297255)

Position: (0.37124, 0.902062, -0.552112)
Size: (0.198508, 0.295513, 0.272425)

