Position: (0.0422307, 1.25463, -0.221133)
Size: (0.128936, 0.299584, 0.0740257)

Position: (0.698436, -0.914179, 0.112835)
Size: (0.122722, 0.161102, 0.259602)

Position: (-1.0117, 1.4021, -1.08008)
Size: (0.265838, 0.260807, 0.264624)

Position: (1.3729, -0.730404, 1.12522)
Size: (0.0546113, 0.167115, 0.12137)

Position: (-0.887453, -0.32238, -0.769757)
Size: (0.146114, 0.188114, 0.00992068)

Position: (1.3106, -1.20289, -0.237606)
Size: (0.119098, 0.0561803, 0.095802)

Position: (0.0619854, 0.489649, -1.35219)
Size: (0.178113, 0.0824647, 0.13817)

Position: (0.0238811, 0.540007, -0.698734)
Size: (0.190102, 0.0677115, 0.0581051)

Position: (-0.607384, -1.38392, 0.517804)
Size: (0.0344992, 0.10957, 0.143207)

Position: (-0.504499, 0.125033, 0.0758752)
Size: (0.156799, 0.152756, 0.116908)

Position: (1.33754, 0.953001, 0.378389)
Size: (0.132374, 0.217084, 0.212594)

Position: (-0.878891, 0.819967, -0.529181)
Size: (0.278537, 0.221427, 0.178546)

Position: (-1.07577, 1.43572, 0.805318)
Size: (0.246859, 0.10668, 0.25128)

Position: (1.06334, -0.0705293, 0.941717)
Size: (0.257411, 0.0629391, 0.171175)

Position: (-0.344064, 1.35131, -0.517598)
Size: (0.257386, 0.0508332, 0.219332)

Position: (1.04235, -1.40512, -0.855863)
Size: (0.0563521, 0.010064, 0.275551)

Position: (1.13246, -1.13085, 0.69121)
Size: (0.132954, 0.199389, 0.0128155)

Position: (-1.4407, 0.316816, -1.35817)
Size: (0.104314, 0.0462154, 0.223196)

Position: (-0.924106, -0.877865, -1.28814)
Size: (0.032528, 0.149113, 0.0415278)

Position: (-0.82197, -1.49758, 0.114801)
Size: (0.190241, 0.0810952, 0.0282288)

Position: (-0.382424, -1.21801, -0.0627612)
Size: (0.228523, 0.107025, 0.100207)

Position: (-1.1358, -0.438242, -0.589415)
Size: (0.290743, 0.227164, 0.058538)

Position: (-1.15361, 0.208638, 0.184803)
Size: (0.0890149, 0.187162, 0.232837)

Position: (-1.05345, -0.864273, 0.91482)
Size: (0.263939, 0.107366, 0.143165)

Position: (0.0330921, -1.32574, 0.856683)
Size: (0.0533337, 0.0886836, 0.0412974)

Position: (0.857424, -1.20015, 0.293309)
Size: (0.157083, 0.0516802, 0.0798208)

Position: (0.106121, -1.37648, 0.0669828)
Size: (0.0918403, 0.013666, 0.169473)

Position: (1.29873, 0.108031, 0.589245)
Size: (0.286607, 0.11698, 0.14284)

Position: (1.21582, -0.383177, 0.334435)
Size: (0.264491, 0.0373271, 0.0374812)

Position: (-0.890716, 0.0881325, 0.722497)
Size: (0.257742, 0.028065, 0.0108755)

Position: (-0.239572, -0.172805, 1.48923)
Size: (0.139423, 0.0647119, 0.245188)

Position: (1.04447, -1.3877, 1.1786)
Size: (0.0226413, 0.118838, 0.0754851)

Position: (-1.48319, -1.43337, -1.04062)
Size: (0.117711, 0.0452671, 0.133549)

Position: (-0.0369526, -0.132018, -1.3133)
Size: (0.13228, 0.0535985, 0.140623)

Position: (-1.11396, 0.491432, -0.675094)
Size: (0.243307, 0.105518, 0.118311)

Position: (-1.10417, 0.925002, -1.30244)
Size: (0.253581, 0.118413, 0.0505485)

Position: (-1.24038, -1.37442, -0.47963)
Size: (0.254277, 0.263217, 0.144844)

Position: (-0.325266, -0.540673, 0.996769)
Size: (0.0604244, 0.0332187, 0.178019)

Position: (0.915147, 0.589938, 0.0975561)
Size: (0.0928649, 0.246825, 0.240981)

Position: (-0.119513, 0.320532, 1.19283)
Size: (0.191531, 0.0371597, 0.166864)

Position: (-0.644743, 0.483577, -0.0917298)
Size: (0.164692, 0.111101, 0.262562)

Position: (0.849917, -0.537446, 0.489338)
Size: (0.0614579, 0.22357, 0.188583)

Position: (-1.34541, -0.482229, -0.0203716)
Size: (0.236446, 0.198821, 0.162252)

Position: (0.696453, 1.38778, 0.0214162)
Size: (0.268912, 0.179474, 0.0223213)

Position: (-0.237992, 1.44909, 0.429844)
Size: (0.117159, 0.0691405, 0.247128)

Position: (-0.0686768, 0.985686, 0.464892)
Size: (0.271158, 0.0620385, 0.0895176)

Position: (0.752429, 0.66394, 0.505416)
Size: (0.170738, 0.291815, 0.270649)

Position: (-1.4108, 0.374148, 0.344506)
Size: (0.150496, 0.075446, 0.0923181)

