Position: (-0.713179, -0.50348, 1.48883)
Size: (0.186956, 0.00998406, 0.129899)

Position: (-1.13505, -0.781658, 1.30529)
Size: (0.0519646, 0.0637472, 0.00555861)

Position: (-0.0560369, 0.38053, 1.25013)
Size: (0.24374, 0.212691, 0.194579)

Position: (-0.128796, 1.33964, 1.38759)
Size: (0.193037, 0.291874, 0.198762)

Position: (0.227145, 0.323757, 1.32247)
Size: (0.240677, 0.153482, 0.146035)

Position: (1.1789, -0.45425, 0.97432)
Size: (0.0499404, 0.128566, 0.288421)

Position: (-1.19161, -1.48114, 1.31942)
Size: (0.2169, 0.249045, 0.15089)

Position: (0.650978, 0.757079, 1.14875)
Size: (0.284211, 0.221908, 0.207821)

Position: (1.12299, -1.17578, -0.746239)
Size: (0.115908, 0.251583, 0.0431197)

Position: (1.3799, 0.926868, -0.202141)
Size: (0.242236, 0.244126, 0.292448)

Position: (0.788133, 0.318049, -1.28182)
Size: (0.279287, 0.220322, 0.156331)

Position: (0.307335, -1.17673, -0.726626)
Size: (0.0249009, 0.141177, 0.183513)

Position: (-0.995158, 0.480233, -1.38914)
Size: (0.1159, 0.138691, 0.091653)

Position: (-0.432394, -0.586878, -0.167091)
Size: (0.217137, 0.213259, 0.286284)

Position: (1.26278, -1.32336, -0.40915)
Size: (0.0300338, 0.243041, 0.0594784)

Position: (1.00662, -0.254208, -1.00463)
Size: (0.0995406, 0.105199, 0.0285427)

Position: (-0.840414, -0.760432, 0.440442)
Size: (0.272038, 0.287797, 0.0215155)

Position: (1.07844, 0.784219, 0.722364)
Size: (0.200967, 0.271792, 0.22015)

Position: (-1.02119, -0.433579, -0.328042)
Size: (0.0587642, 0.140187, 0.269715)

Position: (-0.576829, 1.27191, -1.45799)
Size: (0.0104804, 0.0722763, 0.260423)

Position: (0.906513, 0.821065, -0.254366)
Size: (0.171742, 0.260862, 0.0847019)

Position: (1.30913, -0.196306, -1.08758)
Size: (0.00630639, 0.0675711, 0.0654131)

Position: (-1.28688, 0.265035, -1.28842)
Size: (0.288007, 0.233385, 0.146893)

Position: (0.694253, -0.660121, 0.02381)
Size: (0.256833, 0.0883423, 0.178906)

Position: (-0.890648, -0.0387839, -0.351241)
Size: (0.242123, 0.0137324, 0.214733)

Position: (-0.0444857, -0.635, -0.841386)
Size: (0.138992, 0.175434, 0.104556)

Position: (-0.0496594, -1.28757, -0.269094)
Size: (0.193938, 0.171601, 0.0778627)

Position: (-0.279915, -0.619546, 1.17967)
Size: (0.0990246, 0.17459, 0.276374)

Position: (-1.35858, -0.28415, 0.194637)
Size: (0.105205, 0.00358339, 0.112477)

Position: (1.08725, 0.499361, -0.390666)
Size: (0.109033, 0.179078, 0.0121728)

Position: (1.26395, 0.255245, -0.216013)
Size: (0.163382, 0.262332, 0.0530218)

Position: (-0.183211, 1.2207, 0.215287)
Size: (0.292653, 0.228319, 0.230408)

Position: (1.48984, -0.838953, -1.45299)
Size: (0.194398, 0.101886, 0.0695436)

Position: (1.45897, 0.24429, -0.701233)
Size: (0.00427156, 0.199947, 0.261376)

Position: (1.30429, 1.10872, 0.787545)
Size: (0.0487065, 0.0994906, 0.137849)

Position: (0.176437, 0.697197, 0.0807358)
Size: (0.161553, 0.163873, 0.254861)

Position: (-0.479397, -0.583696, 0.780408)
Size: (0.0418415, 0.00126509, 0.0348201)

Position: (-1.44261, 1.04164, 0.741127)
Size: (0.206493, 0.274488, 0.257815)

Position: (0.747265, -1.27727, -0.393904)
Size: (0.155304, 0.0387422, 0.150676)

Position: (-0.719839, -1.1096, -0.430292)
Size: (0.202339, 0.0640293, 0.271385)

Position: (0.0546796, 1.22313, -0.177607)
Size: (0.219209, 0.236283, 0.0153264)

Position: (-0.401928, -1.19588, 1.42567)
Size: (0.00210213, 0.147452, 0.210257)

Position: (-0.940836, -0.872276, -0.471165)
Size: (0.151904, 0.264532, 0.114255)

Position: (0.906741, 0.728692, -0.914197)
Size: (0.053061, 0.27614, 0.148701)

Position: (-0.624447, -1.24709, 1.40842)
Size: (0.0152776, 0.187368, 0.203541)

Position: (1.2146, -1.46159, 0.537557)
Size: (0.203433, 0.0539031, 0.193318)

Position: (-0.156659, 0.894029, 0.374044)
Size: (0.0182795, 0.00965742, 0.217427)

Position: (-0.763427, -0.862441, 0.0601345)
Size: (0.117357, 0.100052, 0.222139)

