Position: (1.32434, 0.648634, -0.740371)
Size: (0.269447, 0.277613, 0.11541)

Position: (0.193425, -0.18334, 0.0405526)
Size: (0.00320053, 0.191626, 0.104104)

Position: (0.47626, 0.905003, 0.547688)
Size: (0.0971941, 0.198929, 0.264021)

Position: (-1.01426, -0.32047, 1.05896)
Size: (0.26468, 0.0377914, 0.00679765)

Position: (0.540906, 1.47804, -0.502987)
Size: (0.0794947, 0.276947, 0.223477)

Position: (-0.511206, 1.11564, -0.558771)
Size: (0.244161, 0.237869, 0.00961206)

Position: (-0.521319, 0.126989, 1.3208)
Size: (0.1119, 0.0410141, 0.0578865)

Position: (1.23731, 1.33891, -0.349298)
Size: (0.0276291, 0.265517, 0.284062)

Position: (-0.462027, 1.20599, 0.458325)
Size: (0.00579647, 0.190014, 0.136799)

Position: (-1.25651, -1.37048, 0.145263)
Size: (0.163322, 0.0345979, 0.0687209)

Position: (1.12244, 0.629074, -0.153159)
Size: (0.267034, 0.0187898, 0.272972)

Position: (-1.102, -1.33967, -0.322844)
Size: (0.142532, 0.193311, 0.181097)

Position: (0.863559, 0.648602, -0.00269046)
Size: (0.0985567, 0.164802, 0.0940313)

Position: (-1.23254, 1.037, -1.44674)
Size: (0.264544, 0.222733, 0.222953)

Position: (1.24869, -1.45845, 1.03055)
Size: (0.020773, 0.151334, 0.249283)

Position: (0.617129, 1.03219, 0.918318)
Size: (0.226851, 0.206079, 0.23031)

Position: (1.33659, 0.93567, -0.87168)
Size: (0.186199, 0.110706, 0.175712)

Position: (-1.39942, 1.30099, -0.748194)
Size: (0.090031, 0.0494984, 0.0612579)

Position: (0.960102, -0.0785059, -1.20129)
Size: (0.233976, 0.228108, 0.0937382)

Position: (-0.239431, -0.892332, -0.191167)
Size: (0.0947291, 0.0304715, 0.266327)

Position: (-0.236107, 0.0607316, 0.685176)
Size: (0.244789, 0.258192, 0.216423)

Position: (0.991785, 1.21535, 1.11194)
Size: (0.0466618, 0.0348738, 0.130908)

Position: (-1.45309, -1.15116, 0.19973)
Size: (0.247498, 0.114803, 0.070717)

Position: (0.0882532, 0.571306, 0.741226)
Size: (0.0336728, 0.114478, 0.27457)

Position: (-0.756516, -0.396557, -0.0182668)
Size: (0.123983, 0.298305, 0.00689537)

Position: (0.172539, -0.0464766, -0.0139665)
Size: (0.0710423, 0.199059, 0.0960277)

Position: (1.14165, -0.755802, 0.630782)
Size: (0.242205, 0.0510705, 0.202468)

Position: (1.21684, 1.4584, -1.37416)
Size: (0.0813662, 0.184138, 0.0677431)

Position: (-1.03593, 0.816392, 1.27523)
Size: (0.221458, 0.10891, 0.154396)

Position: (-0.454556, 1.40981, -0.953339)
Size: (0.195584, 0.220807, 0.049555)

Position: (0.204461, 0.903692, 1.12166)
Size: (0.222506, 0.0901852, 0.267598)

Position: (0.617013, -0.252323, 0.208297)
Size: (0.19737, 0.138881, 0.258476)

Position: (0.57075, -0.717337, 1.17233)
Size: (0.172154, 0.146618, 0.167885)

Position: (1.3594, 0.649161, 0.7051)
Size: (0.144676, 0.0525813, 0.228455)

Position: (-1.21216, 0.458429, 0.509366)
Size: (0.285482, 0.0190774, 0.0470774)

Position: (-0.557581, -0.250749, 1.37698)
Size: (0.272248, 0.255872, 0.221893)

Position: (-0.773304, -0.559181, -0.333588)
Size: (0.173303, 0.137263, 0.00331698)

Position: (1.41525, 1.27543, -0.714493)
Size: (0.175818, 0.0453712, 0.089201)

Position: (0.0727677, -0.416406, 1.11671)
Size: (0.133161, 0.0736831, 0.0764151)

Position: (1.20409, 1.13153, -0.50605)
Size: (0.00540749, 0.146183, 0.291075)

Position: (-1.15559, 0.124762, 0.212719)
Size: (0.0544338, 0.111256, 0.232886)

Position: (-0.392862, 1.09846, 0.603293)
Size: (0.277969, 0.171397, 0.112368)

Position: (1.37074, -1.3184, 0.336293)
Size: (0.0820769, 0.234244, 0.114926)

Position: (-0.892588, -1.36732, 0.0979243)
Size: (0.239357, 0.181122, 0.0102353)

Position: (0.737049, 1.34054, -0.70493)
Size: (0.22955, 0.0298859, 0.0657385)

Position: (-1.48254, -0.0987059, -0.738788)
Size: (0.29098, 0.22327, 0.168479)

Position: (1.43943, 0.784251, -1.25818)
Size: (0.00522161, 0.0347306, 0.0374803)

Position: (-0.339756, 0.951694, -0.620228)
Size: (0.232648, 0.131965, 0.0727264)

