Position: (0.354789, -1.06714, 1.01854)
Size: (0.168292, 0.183912, 0.0431164)

Position: (0.148048, -1.26807, 1.14558)
Size: (0.263459, 0.186557, 0.226339)

Position: (0.58534, -0.275683, -0.555932)
Size: (0.246014, 0.296968, 0.00361281)

Position: (0.823628, 0.958627, -1.47591)
Size: (0.264192, 0.144935, 0.272463)

Position: (-1.10488, -0.320956, 0.515394)
Size: (0.230698, 0.146894, 0.145576)

Position: (0.835861, 0.0829563, -0.754914)
Size: (0.241359, 0.284871, 0.280427)

Position: (-0.137902, -1.11675, -1.08154)
Size: (0.162212, 0.242698, 0.226277)

Position: (-0.995987, 0.797456, 1.40772)
Size: (0.0664567, 0.196835, 0.0613761)

Position: (0.153493, 0.285679, 0.14179)
Size: (0.0106763, 0.0380263, 0.202832)

Position: (0.308825, 1.25826, 0.956112)
Size: (0.0666557, 0.151997, 0.058956)

Position: (-1.35459, 0.838955, -0.767687)
Size: (0.0952314, 0.181361, 0.199678)

Position: (0.515193, 1.33218, 1.39773)
Size: (0.0621472, 0.176938, 0.246029)

Position: (0.33508, -0.434929, 1.0422)
Size: (0.0932966, 0.0729111, 0.0286798)

Position: (-0.502337, -0.147979, 1.42658)
Size: (0.0505504, 0.156815, 0.195139)

Position: (0.829957, 1.40201, 0.123995)
Size: (0.244907, 0.224135, 0.0774276)

Position: (-0.36914, 0.892578, 0.764363)
Size: (0.287856, 0.0774551, 0.0467914)

Position: (-0.79194, -1.03026, 0.336197)
Size: (0.0751152, 0.0798528, 0.0347807)

Position: (1.01296, -0.198855, 0.893151)
Size: (0.236232, 0.0087995, 0.24051)

Position: (0.697822, 0.875697, 0.121699)
Size: (0.0297054, 0.0927313, 0.296194)

Position: (1.38124, 0.801081, 0.658878)
Size: (0.197754, 0.0262586, 0.217447)

Position: (-0.686527, -0.0777929, -0.848071)
Size: (0.263471, 0.228185, 0.161901)

Position: (-1.06926, -0.763692, 0.312933)
Size: (0.134797, 0.238975, 0.163823)

Position: (-0.474616, -1.38623, -0.66292)
Size: (0.127565, 0.0413583, 0.157271)

Position: (0.429319, -1.03184, 1.18786)
Size: (0.284335, 0.258399, 0.073271)

Position: (-0.623518, 0.75467, 0.468072)
Size: (0.0397767, 0.151888, 0.0957101)

Position: (0.526445, -0.404406, -1.39322)
Size: (0.022982, 0.0193112, 0.237941)

Position: (1.02415, -0.600814, 0.446408)
Size: (0.240906, 0.126089, 0.28655)

Position: (0.440302, 0.861531, 0.331744)
Size: (0.12541, 0.109327, 0.152996)

Position: (1.0603, -1.2568, 1.3127)
Size: (0.0495732, 0.119886, 0.202925)

Position: (0.73166, 0.728886, 0.201156)
Size: (0.157006, 0.217617, 0.0828158)

Position: (-1.0334, 0.166179, -0.934225)
Size: (0.0979653, 0.241223, 0.0950408)

Position: (1.1139, 1.12995, -1.32297)
Size: (0.230747, 0.136431, 0.15577)

Position: (-0.769266, -0.246406, -0.0452836)
Size: (0.00115903, 0.291892, 0.29479)

Position: (-1.15651, -1.29588, 0.829952)
Size: (0.0322124, 0.0936233, 0.278601)

Position: (0.981336, 1.31958, -0.273894)
Size: (0.153252, 0.297057, 0.058311)

Position: (0.518896, -0.913829, 0.438419)
Size: (0.18746, 0.21977, 0.147669)

Position: (0.160471, -0.179372, 0.425119)
Size: (0.144088, 0.177059, 0.123489)

Position: (1.47593, -1.49931, 1.4565)
Size: (0.0675895, 0.0213302, 0.0647351)

Position: (0.831411, -0.667796, -1.33216)
Size: (0.246994, 0.133497, 0.0250012)

Position: (1.10406, 0.420073, -0.710292)
Size: (0.268865, 0.104481, 0.0299497)

Position: (1.02887, -0.204435, 0.132063)
Size: (0.0684576, 0.232099, 0.250197)

Position: (-1.32384, -1.40584, 1.18402)
Size: (0.0613751, 0.275598, 0.0286246)

Position: (0.492819, -0.370563, 1.21007)
Size: (0.101884, 0.0723492, 0.197375)

Position: (1.18552, 0.527085, -0.640694)
Size: (0.173376, 0.290195, 0.0765583)

Position: (-0.0228706, -0.619598, -1.05714)
Size: (0.180898, 0.0897893, 0.0318836)

Position: (-0.726224, 1.06699, -0.34112)
Size: (0.097596, 0.040949, 0.203725)

Position: (1.35224, 0.948103, 1.26655)
Size: (0.233454, 0.0485331, 0.290333)

Position: (0.566929, 0.21459, 0.466475)
Size: (0.162908, 0.237833, 0.245669)

