Position: (-1.41074, -1.4356, -0.511632)
Size: (0.191051, 0.29141, 0.248766)

Position: (-0.966589, 1.40514, -0.593084)
Size: (0.164108, 0.279714, 0.284527)

Position: (-0.270747, 0.804816, 0.807323)
Size: (0.226021, 0.0455423, 0.105496)

Position: (-1.22106, 0.884476, 0.860795)
Size: (0.00831721, 0.243955, 0.246232)

Position: (0.267153, 0.79174, -1.31851)
Size: (0.146621, 0.28014, 0.101589)

Position: (-0.00244435, 1.26475, -0.983453)
Size: (0.0885303, 0.181339, 0.287615)

Position: (0.0312213, 1.00657, 0.207881)
Size: (0.25659, 0.125487, 0.164791)

Position: (0.672383, -1.39869, 0.112729)
Size: (0.13493, 0.148267, 0.27294)

Position: (-0.0172399, 1.35173, -0.970225)
Size: (0.011504, 0.233314, 0.230436)

Position: (1.40562, 0.958709, -1.12149)
Size: (0.0821633, 0.285823, 0.032142)

Position: (-0.0908297, 0.949893, 1.22438)
Size: (0.0192814, 0.244678, 0.188417)

Position: (0.803648, -1.09173, 0.255146)
Size: (0.299939, 0.186371, 0.12001)

Position: (-0.765769, -0.17776, 0.346013)
Size: (0.0087229, 0.27008, 0.258867)

Position: (1.40448, 1.26701, -0.818948)
Size: (0.236749, 0.0591581, 0.232598)

Position: (-1.11387, -0.930032, 0.652779)
Size: (0.270644, 0.191131, 0.0641548)

Position: (-1.35708, -1.4047, 1.2155)
Size: (0.0359444, 0.0993528, 0.174273)

Position: (0.359748, -1.37513, -0.31331)
Size: (0.258118, 0.171453, 0.101352)

Position: (0.321391, 0.518175, 1.08698)
Size: (0.21143, 0.0333154, 0.299145)

Position: (0.576572, 1.29281, 1.39554)
Size: (0.170653, 0.126759, 0.235702)

Position: (-0.919088, 1.06613, -1.04713)
Size: (0.214961, 0.244532, 0.214558)

Position: (-1.07796, 1.36324, 0.448153)
Size: (0.0902857, 0.0131451, 0.111725)

Position: (1.30213, -0.364467, 0.00245423)
Size: (0.237551, 0.190161, 0.217993)

Position: (-0.544895, 1.26914, -1.30053)
Size: (0.118198, 0.24839, 0.199764)

Position: (0.502686, 0.219844, -1.422)
Size: (0.0363684, 0.260303, 0.279352)

Position: (1.40097, -0.236111, -0.108754)
Size: (0.253217, 0.0189506, 0.270919)

Position: (-1.20944, -0.123589, 0.470036)
Size: (0.261485, 0.214517, 0.24533)

Position: (-0.239241, -1.49237, 1.2835)
Size: (0.242818, 0.0264611, 0.0720886)

Position: (1.33328, 0.898221, 0.401727)
Size: (0.0641953, 0.119943, 0.0489074)

Position: (0.82782, -0.718329, -0.146042)
Size: (0.245407, 0.128278, 0.271681)

Position: (-1.31878, 0.5782, 1.04671)
Size: (0.0134673, 0.170866, 0.169103)

Position: (0.257826, 0.316362, 0.177408)
Size: (0.0688168, 0.0738884, 0.0520777)

Position: (0.67538, 0.17717, 0.392095)
Size: (0.0468295, 0.139525, 0.212987)

Position: (-0.0145053, 1.343, 0.220012)
Size: (0.235813, 0.221154, 0.0133353)

Position: (0.850129, -1.02033, 1.36111)
Size: (0.064351, 0.135061, 0.194036)

Position: (1.35092, -0.712099, -1.43658)
Size: (0.125009, 0.183802, 0.246083)

Position: (1.44952, 0.776744, 0.450247)
Size: (0.202447, 0.0845994, 0.0358047)

Position: (-0.426729, -0.479512, 1.46322)
Size: (0.0596398, 0.116676, 0.0355303)

Position: (1.38079, 1.1375, 0.609167)
Size: (0.105713, 0.27635, 0.14336)

Position: (1.34744, 0.299612, 0.806027)
Size: (0.293438, 0.295561, 0.283547)

Position: (1.33294, 0.0348922, 0.0567052)
Size: (0.126371, 0.216367, 0.249682)

Position: (0.509211, -0.29116, 1.11441)
Size: (0.0619683, 0.198166, 0.193297)

Position: (0.0978147, 0.068946, 1.24644)
Size: (0.296887, 0.048293, 0.259298)

Position: (-0.117435, -0.0977404, 0.740173)
Size: (0.195233, 0.110108, 0.236025)

Position: (0.321612, -0.91629, 1.3643)
Size: (0.203264, 0.203119, 0.153668)

Position: (-1.47606, -1.24674, 0.521985)
Size: (0.0636312, 0.189446, 0.297341)

Position: (1.03797, -0.578889, 0.923136)
Size: (0.156437, 0.250099, 0.0201106)

Position: (0.558453, -1.47419, 0.0341844)
Size: (0.217879, 0.103774, 0.0769579)

Position: (0.910937, 0.917459, 0.99951)
Size: (0.275356, 0.188023, 0.0678914)

