Position: (0.127931, -1.25971, -0.717852)
Size: (0.174432, 0.272167, 0.130214)

Position: (1.26598, -0.105992, -0.248464)
Size: (0.238554, 0.172041, 0.0313628)

Position: (-1.06642, 1.05411, 1.3665)
Size: (0.0360328, 0.052205, 0.0441423)

Position: (-1.11424, -0.306361, 1.20514)
Size: (0.177067, 0.135846, 0.247736)

Position: (-1.30572, 0.971226, -1.26688)
Size: (0.204198, 0.260168, 0.185487)

Position: (-0.909581, -0.947778, -0.872047)
Size: (0.175055, 0.265534, 0.0380198)

Position: (-1.33054, -0.505628, -0.687126)
Size: (0.250501, 0.113478, 0.052928)

Position: (1.26168, -0.890997, -1.2745)
Size: (0.154649, 0.00197068, 0.241217)

Position: (-0.336856, 0.669558, 1.07644)
Size: (0.16453, 0.175078, 0.273959)

Position: (-1.41408, 0.341037, -0.0772174)
Size: (0.103602, 0.0921994, 0.0989122)

Position: (0.0658576, 0.0700418, 0.903012)
Size: (0.0665629, 0.276321, 0.153162)

Position: (-0.502608, 0.594017, -0.270566)
Size: (0.0622359, 0.242418, 0.0180495)

Position: (-0.984929, 0.972319, -1.40462)
Size: (0.0769493, 0.235559, 0.107832)

Position: (1.21508, -1.35258, 1.43563)
Size: (0.0405004, 0.235125, 0.277065)

Position: (0.913708, 1.36502, -0.652177)
Size: (0.176223, 0.10986, 0.0170929)

Position: (0.960945, -1.06448, 0.933882)
Size: (0.218365, 0.258996, 0.0380362)

Position: (1.31396, 0.997384, -0.314361)
Size: (0.0376546, 0.218037, 0.138186)

Position: (-0.242813, 1.00538, 0.786767)
Size: (0.19899, 0.0180263, 0.116723)

Position: (-0.166485, 0.488103, -0.253642)
Size: (0.0442856, 0.00386424, 0.297957)

Position: (-0.863345, 0.720707, -1.22139)
Size: (0.199621, 0.0899132, 0.16398)

Position: (0.627096, -0.671998, 0.303741)
Size: (0.0756392, 0.246859, 0.21602)

Position: (0.036617, 1.27947, -0.458923)
Size: (0.220497, 0.159471, 0.00915805)

Position: (0.185064, -0.106515, 0.700314)
Size: (0.112836, 0.295782, 0.290828)

Position: (0.391231, -0.36155, 1.17126)
Size: (0.065392, 0.235237, 0.265912)

Position: (0.134813, 0.953337, -0.0423868)
Size: (0.0704848, 0.113404, 0.107279)

Position: (0.337712, -0.67345, 1.30108)
Size: (0.090862, 0.129779, 0.204552)

Position: (-0.552012, 0.168803, 0.264891)
Size: (0.00567053, 0.20256, 0.0218451)

Position: (1.06472, -0.912694, 0.500194)
Size: (0.0845621, 0.0247964, 0.233702)

Position: (0.182689, -0.182276, 0.641585)
Size: (0.268229, 0.115405, 0.0613213)

Position: (-0.585473, 0.536248, -1.04093)
Size: (0.15617, 0.071436, 0.128447)

Position: (-0.081008, 0.0812973, -1.03385)
Size: (0.201939, 0.262691, 0.0302862)

Position: (-0.635857, -0.125174, 0.727763)
Size: (0.113449, 0.087703, 0.213564)

Position: (-0.999319, -1.11558, 0.207893)
Size: (0.159237, 0.0829033, 0.0907883)

Position: (0.987168, 0.808191, 0.335555)
Size: (0.0202198, 0.00721478, 0.0819513)

Position: (-0.504254, -0.262064, 0.239804)
Size: (0.0209279, 0.236535, 0.0830118)

Position: (0.0987598, 1.25348, 0.343826)
Size: (0.0969071, 0.233853, 0.040595)

Position: (0.0386342, -0.0969648, -0.737575)
Size: (0.219982, 0.278723, 0.220664)

Position: (0.633811, 0.232074, 1.44766)
Size: (0.107025, 0.280288, 0.249473)

Position: (-1.14657, -0.0404266, 0.723882)
Size: (0.140195, 0.129885, 0.077943)

Position: (0.740347, 0.967936, 0.25513)
Size: (0.280771, 0.260737, 0.21063)

Position: (1.07098, -0.770707, -1.36577)
Size: (0.225956, 0.113602, 0.298592)

Position: (1.07599, 0.561446, -0.955606)
Size: (0.247113, 0.272336, 0.156751)

Position: (-0.627746, -0.885477, -0.397802)
Size: (0.234528, 0.228861, 0.0648718)

Position: (-0.904542, 0.227004, -0.955739)
Size: (0.207062, 0.139665, 0.266342)

Position: (-0.591974, -0.753389, 0.74511)
Size: (0.250787, 0.207992, 0.197954)

Position: (-1.27198, -0.389021, -1.35264)
Size: (0.108253, 0.199505, 0.254799)

Position: (-0.846552, -0.863512, 0.190108)
Size: (0.185073, 0.125065, 0.223597)

Position: (-0.11601, -0.37509, -1.37373)
Size: (0.148869, 0.261655, 0.268186)

