Position: (1.35779, -1.43014, 1.14403)
Size: (0.15373, 0.281164, 0.132729)

Position: (-0.690678, 0.908381, 0.40586)
Size: (0.268911, 0.187046, 0.0521701)

Position: (-0.816688, 1.43865, 0.77714)
Size: (0.0203973, 0.149153, 0.241645)

Position: (0.0815598, -0.177757, -1.42102)
Size: (0.0763618, 0.286251, 0.00869832)

Position: (1.28455, 0.741393, -0.603251)
Size: (0.0293644, 0.00629328, 0.0858422)

Position: (-0.708165, -1.48389, 1.06562)
Size: (0.102088, 0.186057, 0.201016)

Position: (1.20463, -0.383583, -1.06103)
Size: (0.127482, 0.11312, 0.0714731)

Position: (-0.564925, 0.773023, -0.747017)
Size: (0.14066, 0.0904813, 0.209086)

Position: (-1.34754, -1.19424, 1.36556)
Size: (0.0498291, 0.283425, 0.240018)

Position: (1.31151, -0.950049, 0.123146)
Size: (0.25243, 0.207693, 0.102551)

Position: (-1.07117, -0.833057, 0.596318)
Size: (0.182411, 0.141283, 0.058867)

Position: (-0.112206, 0.214806, -1.03437)
Size: (0.0743948, 0.2133, 0.00154627)

Position: (-1.48966, -0.747165, 0.827749)
Size: (0.118381, 0.152836, 0.211739)

Position: (0.824903, -0.442777, -0.728974)
Size: (0.295826, 0.22472, 0.0307356)

Position: (-0.434808, -1.06328, -0.782729)
Size: (0.261655, 0.147875, 0.233187)

Position: (-1.06984, -1.37643, -1.3799)
Size: (0.0653109, 0.0624849, 0.0335594)

Position: (-0.363148, 0.643795, -0.571237)
Size: (0.019038, 0.0634873, 0.214269)

Position: (-1.19343, -0.736465, -0.332519)
Size: (0.126917, 0.246541, 0.184074)

Position: (0.91079, 0.305632, -0.837953)
Size: (0.258405, 0.0945397, 0.15074)

Position: (1.48503, -0.97504, 1.22829)
Size: (0.0249108, 0.0118657, 0.119989)

Position: (1.39217, 0.513141, 0.270213)
Size: (0.00304951, 0.247711, 0.267479)

Position: (-0.454298, 0.0716751, -1.42027)
Size: (0.0672267, 0.295774, 0.299578)

Position: (-1.12435, -0.365064, 0.124798)
Size: (0.0684589, 0.043031, 0.174592)

Position: (1.34466, 0.0357211, -0.0546973)
Size: (0.0373953, 0.112884, 0.140435)

Position: (0.748372, -1.27224, -0.755774)
Size: (0.218689, 0.121474, 0.249228)

Position: (1.10959, -1.40305, -0.455485)
Size: (0.10332, 0.150227, 0.0728752)

Position: (1.07372, -0.449814, 0.196883)
Size: (0.0831764, 0.197187, 0.243076)

Position: (-0.34185, -1.40145, -0.636824)
Size: (0.253867, 0.108201, 0.239084)

Position: (0.908854, 0.0411846, 0.0743151)
Size: (0.031134, 0.115375, 0.0118028)

Position: (1.35244, 1.1482, 1.48243)
Size: (0.255685, 0.179914, 0.0340934)

Position: (0.700343, -1.28443, -1.25184)
Size: (0.0451671, 0.145115, 0.205861)

Position: (-0.058947, -0.674236, -0.128178)
Size: (0.29047, 0.113526, 0.195299)

Position: (0.0063331, 0.0278859, 1.16062)
Size: (0.11573, 0.156456, 0.228409)

Position: (-0.680691, 1.15142, -0.46204)
Size: (0.0743428, 0.262232, 0.0359585)

Position: (1.4128, 0.448199, -1.27077)
Size: (0.222271, 0.283413, 0.102278)

Position: (1.18361, -0.882219, 0.171811)
Size: (0.263154, 0.146072, 0.295748)

Position: (-0.575111, 0.245819, 1.44447)
Size: (0.0870054, 0.167666, 0.16816)

Position: (1.31857, 1.22708, -0.82963)
Size: (0.0210801, 0.111468, 0.0111252)

Position: (-0.110198, -1.1528, 0.348657)
Size: (0.22992, 0.00965233, 0.0999173)

Position: (1.22631, 1.28038, -0.321731)
Size: (0.277562, 0.251212, 0.2066)

Position: (0.175788, -0.293748, 0.303497)
Size: (0.227186, 0.26438, 0.0512059)

Position: (0.933505, -0.113473, 0.35086)
Size: (0.135134, 0.0577458, 0.130539)

Position: (0.626473, 1.2924, 1.1522)
Size: (0.238987, 0.120997, 0.290624)

Position: (-0.812154, 0.144653, -0.0826359)
Size: (0.249479, 0.133125, 0.0588254)

Position: (1.30315, 1.30915, 1.24042)
Size: (0.0307612, 0.0110853, 0.0985776)

Position: (1.26606, 1.07611, 0.980664)
Size: (0.129, 0.175769, 0.231339)

Position: (-0.576969, -0.928, -0.395614)
Size: (0.0347718, 0.18555, 0.0738408)

Position: (1.07742, -0.859947, 1.00912)
Size: (0.199513, 0.23517, 0.209325)

