Position: (-0.33751, 1.34763, -0.339006)
Size: (0.147232, 0.294246, 0.0173718)

Position: (0.255438, -0.409177, -0.634872)
Size: (0.0269031, 0.0696327, 0.0381884)

Position: (-1.24772, -1.10116, -1.21575)
Size: (0.286144, 0.127181, 0.0495653)

Position: (-0.214061, 0.676279, 0.194769)
Size: (0.0118241, 0.119988, 0.110809)

Position: (1.36786, 0.834743, 0.546803)
Size: (0.199452, 0.158825, 0.0369237)

Position: (1.48371, 0.391565, 0.418205)
Size: (0.132662, 0.255302, 0.0557136)

Position: (1.13337, -1.1315, -0.8281)
Size: (0.118007, 0.159364, 0.269617)

Position: (1.47967, -0.559638, -0.807262)
Size: (0.14316, 0.194384, 0.148099)

Position: (0.492312, -0.647397, -0.127294)
Size: (0.18539, 0.246614, 0.0536552)

Position: (0.240816, 0.107276, -1.36407)
Size: (0.184311, 0.131455, 0.153228)

Position: (-0.608566, 0.904694, 1.42738)
Size: (0.276606, 0.00547227, 0.178942)

Position: (0.122998, 1.47989, -1.02208)
Size: (0.0187577, 0.0941682, 0.223301)

Position: (-1.40905, -0.856296, -0.460595)
Size: (0.0648381, 0.0329597, 0.057771)

Position: (-0.695278, -0.552656, -0.58273)
Size: (0.0329035, 0.0558258, 0.195349)

Position: (-1.34679, -0.827578, 1.18344)
Size: (0.173995, 0.0225297, 0.159354)

Position: (0.0425862, -1.05525, 0.68609)
Size: (0.123108, 0.0460418, 0.298651)

Position: (0.171649, 0.933552, -1.10419)
Size: (0.0583672, 0.143846, 0.0951821)

Position: (1.41979, 0.375861, 1.26334)
Size: (0.109841, 0.265719, 0.266319)

Position: (0.267843, 0.740895, -1.28533)
Size: (0.228425, 0.0872252, 0.114269)

Position: (-0.667378, -0.0143815, -0.833354)
Size: (0.289297, 0.0274032, 0.148418)

Position: (0.872768, -0.459814, -1.02686)
Size: (0.0490697, 0.2386, 0.12912)

Position: (-0.555469, 1.07098, 1.01394)
Size: (0.122141, 0.11228, 0.162624)

Position: (-0.85445, -0.978266, 0.948359)
Size: (0.00149102, 0.00936192, 0.164892)

Position: (0.29359, -0.434009, -0.184947)
Size: (0.185385, 0.074054, 0.237891)

Position: (-1.00369, -0.301425, 1.10179)
Size: (0.195168, 0.0634372, 0.0612868)

Position: (-0.770644, -0.0698709, 1.08655)
Size: (0.29193, 0.21103, 0.0962779)

Position: (-0.126586, -1.45713, 1.34841)
Size: (0.231349, 0.0431899, 0.210986)

Position: (0.204873, -1.45419, -1.35229)
Size: (0.0526684, 0.299542, 0.147489)

Position: (0.0845355, -0.343277, 1.14947)
Size: (0.238215, 0.066509, 0.246785)

Position: (0.346415, -1.18718, 0.397031)
Size: (0.234214, 0.21188, 0.0876867)

Position: (-0.283115, 0.956341, 1.1819)
Size: (0.131464, 0.00531854, 0.222929)

Position: (0.750218, -0.859501, -0.97971)
Size: (0.217783, 0.154953, 0.0320574)

Position: (0.770526, -0.334926, 0.635269)
Size: (0.102343, 0.151258, 0.294525)

Position: (-0.327418, -0.256732, 0.083424)
Size: (0.250066, 0.161667, 0.179416)

Position: (0.150211, 0.373475, -0.837506)
Size: (0.105728, 0.150655, 0.149704)

Position: (0.266206, 1.00289, 0.501265)
Size: (0.288474, 0.0596349, 0.230157)

Position: (1.19303, -0.616835, 0.131439)
Size: (0.2004, 0.183089, 0.185472)

Position: (-0.0862521, 1.29605, 0.83849)
Size: (0.139415, 0.173576, 0.25028)

Position: (0.441867, 1.27347, 0.575306)
Size: (0.116264, 0.223476, 0.200548)

Position: (-1.15252, 0.388471, -0.796356)
Size: (0.211444, 0.000425408, 0.156914)

Position: (-0.958054, 1.46431, -0.485056)
Size: (0.187843, 0.0510162, 0.2178)

Position: (1.30386, -1.32339, 1.38263)
Size: (0.00140471, 0.0892513, 0.122804)

Position: (-0.278793, 0.783322, 1.45442)
Size: (0.113625, 0.0200134, 0.277084)

Position: (-0.0435905, 0.306721, -1.14223)
Size: (0.22783, 0.0726545, 0.0491902)

Position: (1.41538, 1.03754, 0.470193)
Size: (0.0260345, 0.0639433, 0.0313555)

Position: (-1.46208, 0.168033, 0.0999769)
Size: (0.121694, 0.0806842, 0.164441)

Position: (1.2163, -0.254609, -1.27574)
Size: (0.0546417, 0.042592, 0.143049)

Position: (0.487395, 0.127584, -0.151172)
Size: (0.0160315, 0.123948, 0.0889393)

