Position: (-0.81515, -0.546543, -0.380872)
Size: (0.0818203, 0.157568, 0.0173194)

Position: (-1.06372, -0.99195, -0.815271)
Size: (0.151943, 0.114472, 0.110204)

Position: (-1.49585, 0.472354, 0.665544)
Size: (0.205671, 0.0698861, 0.162054)

Position: (0.370655, -0.93985, 0.812336)
Size: (0.0944119, 0.0537404, 0.170361)

Position: (1.10186, -0.915375, 0.0952143)
Size: (0.271788, 0.0465623, 0.0443627)

Position: (1.12656, -0.0065874, -0.861685)
Size: (0.21922, 0.0602463, 0.0479801)

Position: (-0.721843, -1.05196, 1.03709)
Size: (0.225603, 0.250519, 0.0393673)

Position: (1.43346, -0.0886461, 0.927235)
Size: (0.039202, 0.035104, 0.276012)

Position: (-0.869594, 0.103177, 0.196542)
Size: (0.288288, 0.0799666, 0.0158996)

Position: (1.48579, 0.666047, 1.25715)
Size: (0.123683, 0.0313751, 0.189256)

Position: (0.620094, -0.978531, -0.372422)
Size: (0.190165, 0.182065, 0.269758)

Position: (1.19324, 1.25989, 0.898586)
Size: (0.115215, 0.0159988, 0.285541)

Position: (-0.292917, 1.06938, 0.24741)
Size: (0.026875, 0.079136, 0.266893)

Position: (-0.794348, 0.512888, -1.24034)
Size: (0.0949932, 0.0539826, 0.0907509)

Position: (0.306606, 1.01212, 0.446828)
Size: (0.182343, 0.0886895, 0.201838)

Position: (0.550801, 0.623038, 0.412447)
Size: (0.0126323, 0.0609556, 0.123963)

Position: (-1.11496, -0.882159, 0.245509)
Size: (0.126149, 0.118503, 0.206655)

Position: (1.44174, -0.600415, 0.703001)
Size: (0.0552615, 0.00473396, 0.0594978)

Position: (-1.25391, -0.16648, -0.139864)
Size: (0.163376, 0.165121, 0.0936547)

Position: (0.559834, 1.06098, -0.46373)
Size: (0.200253, 0.285691, 0.0169195)

Position: (-0.0215223, 0.548479, -0.52049)
Size: (0.0745182, 0.102079, 0.0163523)

Position: (-0.59027, 1.24823, -0.825933)
Size: (0.174419, 0.127775, 0.166421)

Position: (0.293423, -0.0177019, 1.16167)
Size: (0.16028, 0.277732, 0.29586)

Position: (1.10963, 0.617551, -1.15066)
Size: (0.115758, 0.283311, 0.254681)

Position: (0.351157, -0.815889, 0.537436)
Size: (0.0579141, 0.0702442, 0.0940897)

Position: (-1.46088, -1.41555, 1.17653)
Size: (0.103799, 0.289653, 0.00680172)

Position: (0.105484, 1.19542, -0.242191)
Size: (0.0180802, 0.112892, 0.286078)

Position: (-0.607437, 1.43178, -0.0644368)
Size: (0.0471509, 0.127883, 0.175996)

Position: (0.520866, -0.587717, 0.0866245)
Size: (0.0781777, 0.180714, 0.276843)

Position: (-1.04505, 0.34448, 0.057144)
Size: (0.0583527, 0.171769, 0.00989498)

Position: (0.837902, -0.796552, 1.2098)
Size: (0.242678, 0.0202033, 0.10431)

Position: (0.582941, -0.371583, 0.930612)
Size: (0.00898699, 0.254707, 0.295608)

Position: (-1.26366, -1.23057, -0.294314)
Size: (0.0348068, 0.134118, 0.275003)

Position: (-0.184316, 0.140671, 1.29106)
Size: (0.221369, 0.071597, 0.0378358)

Position: (0.437219, 1.35303, 0.474483)
Size: (0.145936, 0.12461, 0.26271)

Position: (-0.4411, -0.310178, -1.34029)
Size: (0.201687, 0.0228611, 0.260736)

Position: (-0.0410437, 0.220449, 0.581687)
Size: (0.248634, 0.118497, 0.21201)

Position: (0.373393, -1.06441, 1.26371)
Size: (0.0216516, 0.0349748, 0.145882)

Position: (-0.0187556, -1.40338, -0.83002)
Size: (0.283129, 0.141482, 0.26945)

Position: (0.164588, -0.553917, -0.153841)
Size: (0.0810279, 0.181831, 0.0218699)

Position: (-0.818814, -0.271267, 0.0859078)
Size: (0.232692, 0.26169, 0.173375)

Position: (-1.14418, 0.612291, -1.24094)
Size: (0.0883281, 0.0774223, 0.00170657)

Position: (-0.55405, 0.160016, 1.19424)
Size: (0.211929, 0.137068, 0.111869)

Position: (-0.204291, 0.0118276, -1.02599)
Size: (0.014022, 0.277339, 0.160645)

Position: (0.532635, -1.48609, -0.778709)
Size: (0.111036, 0.188706, 0.178268)

Position: (-1.12084, 0.271565, -1.24312)
Size: (0.258626, 0.00534408, 0.204696)

Position: (-1.42119, -1.46712, -1.20356)
Size: (0.264684, 0.200262, 0.0486718)

Position: (0.836345, -0.60062, 1.42901)
Size: (0.150012, 0.0372506, 0.0368845)

