Position: (-0.966137, 1.38725, -0.457413)
Size: (0.106772, 0.258675, 0.0713362)

Position: (-0.995428, 0.0198501, 0.261896)
Size: (0.0946496, 0.223078, 0.276489)

Position: (-1.18769, 0.397099, -1.14936)
Size: (0.0670247, 0.123785, 0.129565)

Position: (0.463025, 0.448461, 1.08016)
Size: (0.027077, 0.207554, 0.157118)

Position: (0.262628, -0.525172, -1.09259)
Size: (0.248512, 0.0981217, 0.226966)

Position: (-1.16775, -0.369598, -0.0506843)
Size: (0.151956, 0.228241, 0.295679)

Position: (0.316544, -1.06514, 0.0953776)
Size: (0.281383, 0.00871372, 0.295684)

Position: (-0.345206, -0.053693, -1.32961)
Size: (0.281893, 0.288338, 0.145262)

Position: (1.32734, 1.03514, 0.183006)
Size: (0.144961, 0.228144, 0.0699701)

Position: (-0.114299, 0.00131172, 1.24532)
Size: (0.101084, 0.140884, 0.0489664)

Position: (0.561838, -0.398189, 0.4903)
Size: (0.0507995, 0.195769, 0.0912526)

Position: (0.383773, -0.376862, 0.34024)
Size: (0.207083, 0.0122419, 0.0903645)

Position: (-0.62563, 1.38629, -0.691416)
Size: (0.195021, 0.17426, 0.0685527)

Position: (-1.23323, -1.0933, 0.731669)
Size: (0.107081, 0.216615, 0.0727739)

Position: (0.796698, -0.699197, -0.428282)
Size: (0.277312, 0.0957972, 0.0270719)

Position: (0.10824, 0.652893, 0.884054)
Size: (0.106625, 0.235867, 0.221372)

Position: (-1.37296, 0.515595, 0.2905)
Size: (0.0590387, 0.0825612, 0.13153)

Position: (-0.884846, -1.44614, 0.603335)
Size: (0.284484, 0.15631, 0.0573898)

Position: (-0.737774, 0.0293744, 0.645108)
Size: (0.237029, 0.222515, 0.196928)

Position: (-0.0206462, -0.343096, -0.511458)
Size: (0.0814349, 0.23514, 0.0371391)

Position: (0.700799, 0.822871, 0.216493)
Size: (0.125254, 0.0403221, 0.0780243)

Position: (-1.34103, 0.821401, 0.674179)
Size: (0.0176228, 0.206298, 0.0339342)

Position: (-0.18124, -1.32526, -0.774121)
Size: (0.192733, 0.144396, 0.0314158)

Position: (0.0713543, -0.617853, -0.487816)
Size: (0.291195, 0.0459076, 0.0463771)

Position: (-0.795951, 0.298095, 0.0776233)
Size: (0.0786967, 0.0274851, 0.0591303)

Position: (0.729621, -0.328853, -1.42239)
Size: (0.245497, 0.21931, 0.165093)

Position: (1.16012, 0.143279, 0.598631)
Size: (0.280851, 0.0286471, 0.253303)

Position: (-0.498503, -0.921858, 0.862058)
Size: (0.279627, 0.237092, 0.067507)

Position: (-0.00919764, 1.35137, 0.435429)
Size: (0.196379, 0.239847, 0.10638)

Position: (0.0670998, -0.403457, 0.646185)
Size: (0.218439, 0.0915986, 0.138402)

Position: (1.2263, 0.130206, 0.677175)
Size: (0.26261, 0.092747, 0.153609)

Position: (0.49961, 1.00932, -1.20424)
Size: (0.037176, 0.24062, 0.247822)

Position: (-0.923377, 0.634705, -1.01926)
Size: (0.106166, 0.243159, 0.0895511)

Position: (-0.651506, 0.630021, 1.22682)
Size: (0.289749, 0.148439, 0.110546)

Position: (-0.135265, 0.221523, 0.214107)
Size: (0.212854, 0.0969172, 0.169068)

Position: (1.35486, 1.30888, 1.31453)
Size: (0.163422, 0.282478, 0.166132)

Position: (0.394673, 0.976681, 0.913686)
Size: (0.0331972, 0.290127, 0.0883236)

Position: (0.364384, -0.624684, -0.429155)
Size: (0.204574, 0.156629, 0.0747662)

Position: (-0.88244, 1.15874, -1.42264)
Size: (0.258801, 0.187723, 0.175951)

Position: (0.706555, 1.11784, 0.124306)
Size: (0.192269, 0.109128, 0.231394)

Position: (-0.548046, 1.30958, 0.740193)
Size: (0.0737206, 0.0248134, 0.252172)

Position: (-0.566474, -0.156016, -0.346864)
Size: (0.102159, 0.193081, 0.168063)

Position: (1.03756, -0.305678, -1.06702)
Size: (0.0964422, 0.275861, 0.152514)

Position: (-0.83571, -0.354318, 0.684759)
Size: (0.225488, 0.00787398, 0.0748386)

Position: (1.4108, 0.773708, 0.467691)
Size: (0.112746, 0.25589, 0.258958)

Position: (0.0241371, -0.901856, 1.07226)
Size: (0.216134, 0.210022, 0.0627508)

Position: (-0.0705564, -0.900958, -0.0992332)
Size: (0.262323, 0.155768, 0.0698392)

Position: (-0.487051, -0.597999, 0.118394)
Size: (0.274189, 0.0485594, 0.121897)

