Position: (0.547355, -0.524715, 1.31875)
Size: (0.109684, 0.281304, 0.0281263)

Position: (-1.37931, 0.772758, 1.06997)
Size: (0.261323, 0.041211, 0.236849)

Position: (-0.168849, -0.154044, 0.761239)
Size: (0.1032, 0.147807, 0.248958)

Position: (-0.260349, -1.23541, -0.173643)
Size: (0.112102, 0.0273282, 0.166092)

Position: (1.36625, -1.05509, 0.618696)
Size: (0.298338, 0.168046, 0.186295)

Position: (-0.130874, 0.174914, 0.0261535)
Size: (0.039663, 0.28224, 0.186824)

Position: (0.881247, 0.635309, -1.1486)
Size: (0.214163, 0.0422236, 0.0939471)

Position: (0.770291, 0.483462, -0.125109)
Size: (0.256603, 0.27095, 0.26182)

Position: (-0.80524, -1.22372, -1.05793)
Size: (0.222733, 0.0744959, 0.197957)

Position: (0.458379, -0.508967, -0.85683)
Size: (0.174269, 0.29926, 0.21935)

Position: (0.737455, 1.17282, -0.797929)
Size: (0.285058, 0.00266987, 0.134026)

Position: (0.990733, -1.22997, 0.848214)
Size: (0.167966, 0.0297195, 0.208038)

Position: (0.366265, 0.643629, 0.557635)
Size: (0.247811, 0.0480207, 0.223816)

Position: (1.28138, 0.747628, 0.606628)
Size: (0.167254, 0.178817, 0.219127)

Position: (-0.533262, -0.00233664, 0.297269)
Size: (0.0510545, 0.105563, 0.276393)

Position: (0.261594, -1.15393, 0.158593)
Size: (0.193094, 0.0313107, 0.29476)

Position: (-0.738316, 0.0276609, -0.2659)
Size: (0.0723451, 0.0233098, 0.165415)

Position: (0.47286, 0.186321, -1.02755)
Size: (0.034054, 0.097239, 0.103824)

Position: (0.419895, -1.24619, 0.931396)
Size: (0.240738, 0.29215, 0.0535781)

Position: (-1.46089, -1.084, -1.19346)
Size: (0.21324, 0.11577, 0.192026)

Position: (-1.28301, 1.06993, -0.425767)
Size: (0.0947745, 0.270874, 0.051489)

Position: (-0.0129182, 0.330349, -0.163851)
Size: (0.0840434, 0.207098, 0.136745)

Position: (-0.649894, 0.315197, -0.0150102)
Size: (0.142814, 0.162697, 0.0378183)

Position: (0.881526, 1.42668, 1.02833)
Size: (0.0962531, 0.0704392, 0.245459)

Position: (-1.46159, 0.102223, 0.736716)
Size: (0.217418, 0.0211778, 0.00117158)

Position: (-0.147, 1.13079, -1.3929)
Size: (0.0126858, 0.264076, 0.048379)

Position: (-0.577289, 1.09907, 0.0490261)
Size: (0.0882185, 0.18915, 0.222528)

Position: (0.939542, -0.857207, 0.325129)
Size: (0.109118, 0.0890372, 0.0462069)

Position: (1.44286, 0.339585, -0.44991)
Size: (0.0925329, 0.263015, 0.118795)

Position: (-0.196691, -1.40696, 0.271667)
Size: (0.234975, 0.164142, 0.0848384)

Position: (0.301577, 0.101928, 0.537137)
Size: (0.0557675, 0.120991, 0.280071)

Position: (-1.23753, 0.222555, -1.13991)
Size: (0.0289424, 0.110194, 0.21296)

Position: (-0.880859, -0.0703345, -0.481781)
Size: (0.279942, 0.228275, 0.14821)

Position: (-1.01108, -0.137199, 1.27481)
Size: (0.249081, 0.269208, 0.200847)

Position: (0.358445, -0.909223, 1.3344)
Size: (0.26318, 0.256619, 0.245975)

Position: (-0.960604, -0.16477, 0.648721)
Size: (0.0225643, 0.255971, 0.191972)

Position: (1.2363, 1.11903, 1.17552)
Size: (0.265745, 0.275437, 0.0312865)

Position: (1.17241, -1.15004, 1.07935)
Size: (0.0523033, 0.000354234, 0.247005)

Position: (-1.27615, -1.46251, 1.43608)
Size: (0.235795, 0.166985, 0.256922)

Position: (-0.12218, 0.378954, -0.973222)
Size: (0.0842179, 0.0583505, 0.0282956)

Position: (0.229506, 0.150149, 0.0212108)
Size: (0.288296, 0.00497769, 0.293085)

Position: (-0.24668, -1.13723, 0.458082)
Size: (0.0878653, 0.227723, 0.294996)

Position: (-1.15892, 0.898761, 0.296735)
Size: (0.249883, 0.114548, 0.155028)

Position: (-0.274491, 0.693669, 0.734898)
Size: (0.163081, 0.13044, 0.275636)

Position: (1.08116, 0.346859, -0.0975327)
Size: (0.152396, 0.161441, 0.0388177)

Position: (-0.00538602, 1.11052, 0.490376)
Size: (0.27972, 0.0195529, 0.109005)

Position: (0.705311, 0.696379, 0.517497)
Size: (0.0571442, 0.14624, 0.0374058)

Position: (-1.11975, -0.0339629, -1.31035)
Size: (0.288189, 0.118073, 0.253293)

