Position: (-1.44763, 1.35483, 0.996184)
Size: (0.0767461, 0.205385, 0.267717)

Position: (-1.12525, 0.516306, -1.34585)
Size: (0.291172, 0.0286851, 0.00608123)

Position: (-0.89603, -0.673027, 0.657684)
Size: (0.0835893, 0.0640411, 0.219853)

Position: (0.911324, -1.31424, 0.681934)
Size: (0.26673, 0.146339, 0.192114)

Position: (-0.462361, 1.32447, 1.42051)
Size: (0.296719, 0.118388, 0.128782)

Position: (-0.365253, -0.941249, -1.19188)
Size: (0.289774, 0.0986449, 0.272732)

Position: (-0.624752, 1.2126, -0.500731)
Size: (0.240729, 0.0534571, 0.216767)

Position: (-0.266324, -1.28514, -0.253888)
Size: (0.000443097, 0.205342, 0.00818439)

Position: (-1.37417, 0.649447, -1.48552)
Size: (0.130835, 0.153596, 0.284768)

Position: (1.03212, -0.380435, 1.41062)
Size: (0.295345, 0.155235, 0.138466)

Position: (-0.0546032, -0.0979898, -0.372568)
Size: (0.0695518, 0.104636, 0.221365)

Position: (1.10557, -0.18579, 1.3949)
Size: (0.0155829, 0.0630108, 0.0561179)

Position: (-1.36674, 1.03463, 1.21476)
Size: (0.143197, 0.140004, 0.0288629)

Position: (0.157458, -0.930368, 1.07261)
Size: (0.00260931, 0.172453, 0.184798)

Position: (-0.24555, -0.606734, -0.0348977)
Size: (0.271018, 0.171469, 0.0609239)

Position: (1.49006, 0.232544, -0.41917)
Size: (0.0134997, 0.0710176, 0.178889)

Position: (0.648025, -1.12236, 0.240114)
Size: (0.0915433, 0.0281247, 0.237324)

Position: (-0.700778, -1.49916, -0.199671)
Size: (0.173346, 0.0835621, 0.114157)

Position: (0.791258, 0.333126, -1.0214)
Size: (0.0457525, 0.255459, 0.249211)

Position: (-0.222096, 1.13847, 0.479346)
Size: (0.17282, 0.200642, 0.0289947)

Position: (-0.235365, 0.300798, -1.21808)
Size: (0.0389039, 0.230079, 0.209587)

Position: (0.946248, 1.47863, -0.867061)
Size: (0.0337101, 0.19791, 0.160293)

Position: (0.735152, -1.09147, 0.448196)
Size: (0.0470124, 0.208343, 0.0936424)

Position: (0.633931, 0.417892, -1.00752)
Size: (0.0365014, 0.0513008, 0.0244783)

Position: (0.372148, -0.0501688, 0.082249)
Size: (0.0832375, 0.237119, 0.0913325)

Position: (1.11516, 0.976399, -1.36524)
Size: (0.21937, 0.113102, 0.0580637)

Position: (-0.0555429, 0.0157027, 0.881607)
Size: (0.0360166, 0.128703, 0.290543)

Position: (-0.530241, 0.0639883, -1.07197)
Size: (0.0906081, 0.0103229, 0.11077)

Position: (-0.554991, 0.344917, -0.13975)
Size: (0.0325234, 0.137469, 0.138823)

Position: (0.902753, 0.114876, -0.415802)
Size: (0.220559, 0.0913294, 0.0429297)

Position: (1.36734, -0.866559, -1.36771)
Size: (0.152226, 0.246637, 0.104747)

Position: (-0.216644, 0.993984, 0.298745)
Size: (0.189974, 0.192152, 0.245904)

Position: (-0.726136, 0.786465, -0.00342757)
Size: (0.0389507, 0.213513, 0.159877)

Position: (-1.28491, 0.593532, -1.41542)
Size: (0.0351651, 0.200431, 0.272764)

Position: (0.447708, -0.780188, 0.460048)
Size: (0.0353224, 0.1156, 0.288346)

Position: (-0.324256, 1.21364, 0.333401)
Size: (0.106493, 0.198434, 0.194856)

Position: (-0.297399, 1.49202, -0.446886)
Size: (0.287994, 0.0700592, 0.113035)

Position: (0.916404, -0.578923, -0.767066)
Size: (0.165365, 0.0107606, 0.0864184)

Position: (-0.210237, -0.574722, 0.45952)
Size: (0.286458, 0.15311, 0.259827)

Position: (1.06226, 0.592185, 1.06088)
Size: (0.0942677, 0.117355, 0.0437704)

Position: (0.942785, 1.34606, -0.680188)
Size: (0.124107, 0.0145543, 0.0655292)

Position: (0.260085, 0.900633, 1.40402)
Size: (0.0767591, 0.116858, 0.0408654)

Position: (-1.47052, -1.29783, 0.884077)
Size: (0.294133, 0.280497, 0.0713386)

Position: (0.370302, -1.10025, -1.01773)
Size: (0.242369, 0.23797, 0.00307638)

Position: (-1.37726, 0.820402, -1.48214)
Size: (0.0891842, 0.219862, 0.0556782)

Position: (-0.920656, 1.27119, -0.607662)
Size: (0.193456, 0.0287406, 0.0610724)

Position: (-0.353024, 1.29428, -0.286831)
Size: (0.180942, 0.111565, 0.217912)

Position: (-1.36424, -1.09235, 0.865055)
Size: (0.200365, 0.298528, 0.139042)

