Position: (-0.544923, -0.484348, 0.188541)
Size: (0.232264, 0.0189736, 0.268649)

Position: (0.363673, -1.13829, 0.88154)
Size: (0.145872, 0.187543, 0.0326148)

Position: (-0.90942, 1.29599, 1.47279)
Size: (0.251498, 0.0986131, 0.206715)

Position: (1.281, 0.730267, 0.429868)
Size: (0.231244, 0.179153, 0.184806)

Position: (0.0379463, 0.976067, -0.402284)
Size: (0.0536464, 0.288745, 0.13642)

Position: (0.374108, 0.16698, 1.48892)
Size: (0.189478, 0.287145, 0.107928)

Position: (0.181878, 1.4493, -1.00452)
Size: (0.0462877, 0.174596, 0.153936)

Position: (1.45998, 1.45043, 1.2425)
Size: (0.229669, 0.00973298, 0.123282)

Position: (-0.997875, -0.00537703, -1.4092)
Size: (0.084193, 0.212614, 0.11135)

Position: (-0.0281377, 0.89434, -0.717146)
Size: (0.193417, 0.154563, 0.0890661)

Position: (0.671573, 1.46109, -1.0119)
Size: (0.183576, 0.0898268, 0.00202913)

Position: (-0.57526, 0.199405, -0.461639)
Size: (0.248337, 0.189315, 0.271)

Position: (0.292789, 0.79436, 0.179044)
Size: (0.134364, 0.225605, 0.00242111)

Position: (1.17161, -0.868494, -0.0885512)
Size: (0.193915, 0.00122298, 0.123934)

Position: (-0.100635, -0.569745, 0.102501)
Size: (0.192724, 0.0304398, 0.0123108)

Position: (-0.719193, 0.857706, -0.235264)
Size: (0.112707, 0.240433, 0.193036)

Position: (-0.542106, -0.703445, 0.828203)
Size: (0.219596, 0.0742986, 0.0626815)

Position: (1.42325, -0.49639, -1.02352)
Size: (0.281841, 0.29843, 0.179008)

Position: (-0.345876, -1.15228, -0.773762)
Size: (0.0769308, 0.143525, 0.298983)

Position: (-0.710476, -0.842508, -1.34378)
Size: (0.134689, 0.137826, 0.28327)

Position: (1.055, 0.960703, 0.241443)
Size: (0.167931, 0.036685, 0.144975)

Position: (0.565998, 0.494128, 1.39854)
Size: (0.0995187, 0.0816113, 0.257091)

Position: (0.442779, -1.34044, 0.0682932)
Size: (0.119965, 0.0261073, 0.0910276)

Position: (-1.48018, -1.17645, -0.342317)
Size: (0.205765, 0.188078, 0.157637)

Position: (-0.942407, -0.722692, 1.08074)
Size: (0.0961859, 0.023399, 0.0126371)

Position: (-0.816016, -0.739453, 0.564416)
Size: (0.26438, 0.19488, 0.0266434)

Position: (-0.0211782, -0.643301, -1.09365)
Size: (0.0632031, 0.155502, 0.279932)

Position: (1.03, -0.802134, -0.310488)
Size: (0.0253989, 0.103021, 0.26788)

Position: (-0.522662, -0.261287, 1.26151)
Size: (0.154283, 0.206322, 0.259182)

Position: (0.196621, 1.30127, -0.146126)
Size: (0.0772625, 0.0781955, 0.0988182)

Position: (0.586518, 0.360953, -1.48995)
Size: (0.251535, 0.192202, 0.199054)

Position: (0.910907, -1.29317, -0.28267)
Size: (0.032957, 0.00755489, 0.128922)

Position: (-0.424021, 0.327326, 1.42583)
Size: (0.253601, 0.0887243, 0.0684691)

Position: (-1.32007, 0.0796784, -0.0703494)
Size: (0.00869624, 0.220572, 0.17244)

Position: (-0.950028, -0.370063, -0.530208)
Size: (0.271681, 0.115918, 0.189642)

Position: (-1.00324, -0.830316, 0.0580179)
Size: (0.20688, 0.0357769, 0.239101)

Position: (0.907517, -1.37633, -0.735862)
Size: (0.277066, 0.0767869, 0.289428)

Position: (-1.31896, -1.38852, -0.664902)
Size: (0.0974796, 0.109768, 0.230664)

Position: (0.190295, -1.33599, 0.377963)
Size: (0.22426, 0.0612692, 0.0528127)

Position: (-0.219343, 0.987705, -0.865743)
Size: (0.196329, 0.0862276, 0.271433)

Position: (-0.226068, 0.0942807, -0.622406)
Size: (0.238237, 0.107212, 0.0139021)

Position: (0.791894, -0.982721, -0.222849)
Size: (0.0125534, 0.282087, 0.290241)

Position: (1.13902, -0.3074, 1.02727)
Size: (0.276529, 0.239464, 0.140914)

Position: (-0.240317, 0.250091, -0.69285)
Size: (0.128065, 0.00423937, 0.00561395)

Position: (-0.78466, 1.34158, -1.49642)
Size: (0.29123, 0.0538164, 0.105589)

Position: (0.515417, 0.64431, 0.912925)
Size: (0.0534298, 0.230462, 0.25931)

Position: (-0.582566, 0.715199, -1.24851)
Size: (0.12061, 0.249691, 0.209632)

Position: (0.609018, 1.35044, -0.46686)
Size: (0.181972, 0.232784, 0.140215)

