Position: (1.3352, 0.572288, 0.769765)
Size: (0.102298, 0.198327, 0.190978)

Position: (0.943116, 0.392083, 0.708117)
Size: (0.105152, 0.244087, 0.0986695)

Position: (-0.207139, 0.815254, 1.48364)
Size: (0.232205, 0.0654991, 0.014766)

Position: (0.637967, -0.964032, -0.238068)
Size: (0.0398324, 0.273011, 0.229265)

Position: (1.1776, 1.43355, 1.30785)
Size: (0.270095, 0.249643, 0.253083)

Position: (-0.575449, 1.03098, 0.789574)
Size: (0.0941121, 0.112113, 0.267447)

Position: (-0.496416, 0.182016, -1.03278)
Size: (0.161458, 0.144527, 0.0867864)

Position: (0.131508, -1.39016, -0.514884)
Size: (0.144656, 0.167263, 0.247296)

Position: (-0.986383, 0.845881, 1.02836)
Size: (0.239916, 0.229418, 0.193909)

Position: (0.881125, -0.99214, -1.17109)
Size: (0.00936914, 0.135196, 0.282035)

Position: (-0.803748, 0.386553, 0.987764)
Size: (0.271071, 0.109195, 0.130393)

Position: (0.221862, -0.868759, 1.27721)
Size: (0.161966, 0.0426189, 0.262338)

Position: (-0.324064, -1.3716, 1.20788)
Size: (0.207167, 0.125912, 0.123742)

Position: (0.305949, -0.225328, -0.85212)
Size: (0.0771649, 0.285355, 0.10274)

Position: (-0.0138748, 1.27176, -0.59658)
Size: (0.171023, 0.0117957, 0.16787)

Position: (1.22134, -1.27633, -0.345552)
Size: (0.0815066, 0.205115, 0.0672081)

Position: (-1.03679, 1.06026, -0.735709)
Size: (0.203226, 0.26028, 0.216301)

Position: (-0.626902, -0.877806, 0.377004)
Size: (0.216122, 0.0174745, 0.160219)

Position: (-1.4309, 1.41883, 0.757158)
Size: (0.252393, 0.0506719, 0.0514363)

Position: (0.511126, -1.48823, -1.48815)
Size: (0.03669, 0.152819, 0.126624)

Position: (0.628414, -0.222876, -0.331082)
Size: (0.147375, 0.273749, 0.223919)

Position: (-0.780905, -1.35528, -0.234742)
Size: (0.138618, 0.0547243, 0.209018)

Position: (1.40672, -0.121268, 1.0272)
Size: (0.113433, 0.230127, 0.181097)

Position: (-0.314711, -0.166726, -0.668642)
Size: (0.211222, 0.0958792, 0.134053)

Position: (1.09898, 1.05497, -0.954303)
Size: (0.259342, 0.173611, 0.13066)

Position: (0.0745555, -1.02087, 1.08956)
Size: (0.253663, 0.117911, 0.206972)

Position: (1.0668, -0.97139, -0.875117)
Size: (0.0200392, 0.0319716, 0.182666)

Position: (0.749615, -0.545735, -0.808512)
Size: (0.201337, 0.0678524, 0.155261)

Position: (-1.40745, 1.00955, -1.08224)
Size: (0.230157, 0.278356, 0.162361)

Position: (-0.990893, 0.194675, 0.748733)
Size: (0.272367, 0.195372, 0.00780792)

Position: (0.987285, 0.165142, -0.00441648)
Size: (0.0202068, 0.0091797, 0.0713198)

Position: (-0.13856, 1.39583, 0.697921)
Size: (0.277668, 0.067889, 0.295804)

Position: (-0.346548, -0.342235, 0.983227)
Size: (0.162126, 0.122757, 0.296142)

Position: (-1.1821, 0.207069, -0.354351)
Size: (0.130727, 0.0792546, 0.0166957)

Position: (1.4289, -0.405536, -1.33396)
Size: (0.203745, 0.214446, 0.155865)

Position: (-1.34781, -0.318715, 0.194019)
Size: (0.114935, 0.248132, 0.20842)

Position: (1.06869, -0.422424, -0.388557)
Size: (0.184143, 0.226021, 0.0212297)

Position: (0.474072, -1.22351, 1.05945)
Size: (0.106039, 0.0810288, 0.186206)

Position: (0.989558, -1.48389, 0.763398)
Size: (0.212284, 0.230059, 0.186984)

Position: (-1.27515, -0.434671, -1.02149)
Size: (0.078975, 0.134932, 0.0356273)

Position: (-0.00810478, -1.13756, 1.40581)
Size: (0.219269, 0.110142, 0.251886)

Position: (-0.749643, 1.46088, -0.896023)
Size: (0.0513724, 0.16529, 0.129254)

Position: (1.29222, -0.196137, 0.629701)
Size: (0.170332, 0.0764493, 0.0235203)

Position: (1.0168, 0.980509, 0.295315)
Size: (0.0349085, 0.233271, 0.147482)

Position: (-0.3209, 1.20528, 0.855836)
Size: (0.00710358, 0.266799, 0.0813653)

Position: (0.742981, -1.10851, 0.438046)
Size: (0.165234, 0.20827, 0.00190333)

Position: (-1.09334, 1.2557, -0.064106)
Size: (0.144828, 0.20171, 0.2636)

Position: (-1.34728, -1.12423, -0.254101)
Size: (0.0826334, 0.144213, 0.0777367)

