Position: (0.78488, 0.431524, -0.196896)
Size: (0.278124, 0.114469, 0.0229179)

Position: (0.347209, -1.12075, -0.131556)
Size: (0.172421, 0.178464, 0.247379)

Position: (-0.331057, -0.573863, 0.0202848)
Size: (0.139016, 0.0197761, 0.0979442)

Position: (1.29653, 0.343029, 0.145039)
Size: (0.0318305, 0.213953, 0.000849263)

Position: (-0.399037, -0.310244, -0.956201)
Size: (0.234122, 0.0965855, 0.238546)

Position: (1.48909, 1.47824, -1.12965)
Size: (0.251733, 0.0911582, 0.187557)

Position: (-0.132838, -0.863706, -1.20845)
Size: (0.0286298, 0.00256978, 0.148956)

Position: (1.43391, 0.309697, 0.910155)
Size: (0.211348, 0.169392, 0.11567)

Position: (0.232936, 0.99406, -0.866204)
Size: (0.296819, 0.141023, 0.253677)

Position: (-1.44532, 0.93681, -1.49545)
Size: (0.236411, 0.0563723, 0.155905)

Position: (-1.48619, -0.916789, -0.0072782)
Size: (0.26325, 0.0534247, 0.0722775)

Position: (1.19942, -0.542436, -0.622223)
Size: (0.0481169, 0.0160858, 0.15533)

Position: (-0.84535, -0.259828, 1.08278)
Size: (0.202858, 0.171301, 0.234674)

Position: (1.32932, 0.117812, 0.959455)
Size: (0.239448, 0.255572, 0.297753)

Position: (0.272701, -0.862931, -0.667437)
Size: (0.116038, 0.253713, 0.014514)

Position: (-0.138015, 0.658863, 1.17931)
Size: (0.243175, 0.124142, 0.264774)

Position: (-0.146889, -0.839768, 0.995765)
Size: (0.0729398, 0.223663, 0.11322)

Position: (-1.467, -0.714214, 1.46571)
Size: (0.0413915, 0.198304, 0.04135)

Position: (-0.365725, -0.634941, -0.49906)
Size: (0.201422, 0.293747, 0.0694106)

Position: (1.03712, 1.17178, -0.361873)
Size: (0.261223, 0.199558, 0.274601)

Position: (0.505291, 1.17371, 0.400249)
Size: (0.155252, 0.0894659, 0.0643304)

Position: (1.39442, 1.20848, 0.0334541)
Size: (0.0810639, 0.126723, 0.178258)

Position: (-1.21914, -0.511337, -1.20949)
Size: (0.259098, 0.107137, 0.292996)

Position: (-1.2829, 0.877488, -1.43232)
Size: (0.215551, 0.0910766, 0.0792232)

Position: (-0.492219, 0.668354, 0.477589)
Size: (0.00235955, 0.240621, 0.169975)

Position: (-0.0731767, -0.0744793, -1.37853)
Size: (0.292645, 0.0589931, 0.282612)

Position: (0.716642, 1.07265, -0.291558)
Size: (0.037322, 0.198931, 0.240225)

Position: (-0.663752, -0.327103, 0.538504)
Size: (0.0311592, 0.204313, 0.271767)

Position: (-0.594211, 0.0264603, -1.25387)
Size: (0.224668, 0.0138474, 0.00314675)

Position: (-0.0658253, -1.37594, -0.192811)
Size: (0.0541255, 0.221301, 0.0976062)

Position: (0.651846, 0.984982, -0.783659)
Size: (0.0767888, 0.107478, 0.144243)

Position: (0.2969, 0.343633, 1.34884)
Size: (0.0310653, 0.226102, 0.198624)

Position: (0.777565, 0.678943, -0.903548)
Size: (0.15023, 0.184959, 0.13538)

Position: (0.864247, -1.46614, 0.572303)
Size: (0.207941, 0.172326, 0.204616)

Position: (0.168774, 1.30607, -1.0677)
Size: (0.0276874, 0.252236, 0.291887)

Position: (-0.977046, 0.112658, -0.299012)
Size: (0.0747859, 0.113168, 0.18248)

Position: (-0.632114, 0.17585, -0.996753)
Size: (0.234699, 0.228833, 0.0771027)

Position: (0.24119, -0.55092, 1.30463)
Size: (0.071796, 0.208777, 0.0577392)

Position: (-0.910293, 0.36156, 1.44319)
Size: (0.19035, 0.0557608, 0.00255593)

Position: (0.79744, -0.439265, -1.37589)
Size: (0.026732, 0.254148, 0.0161169)

Position: (-1.20261, -0.0944089, 0.531644)
Size: (0.0630104, 0.0957974, 0.235797)

Position: (-0.518728, 1.38729, -0.140665)
Size: (0.0261575, 0.122769, 0.13923)

Position: (-1.0753, 0.171145, -1.17346)
Size: (0.189378, 0.232744, 0.194422)

Position: (-0.529701, 0.663585, 0.947641)
Size: (0.018282, 0.226407, 0.17865)

Position: (0.369803, 0.0022192, -0.273831)
Size: (0.0636561, 0.0140305, 0.216672)

Position: (1.29853, -0.492679, -1.12096)
Size: (0.005065, 0.252457, 0.162038)

Position: (0.977995, -1.06576, 1.0545)
Size: (0.132017, 0.155466, 0.0731719)

Position: (0.0887193, 0.226121, 0.81813)
Size: (0.29831, 0.0803374, 0.0345537)

