Position: (-0.202797, 0.258173, -1.05834)
Size: (0.23954, 0.00715275, 0.0862136)

Position: (-0.967, 1.49195, 0.237994)
Size: (0.0447603, 0.0771538, 0.0975789)

Position: (-0.190217, 0.810928, -1.11534)
Size: (0.173533, 0.0908456, 0.195724)

Position: (0.753806, 0.329172, 0.0288431)
Size: (0.272791, 0.015846, 0.00672544)

Position: (-0.798037, 0.511551, -0.0231469)
Size: (0.191381, 0.0839, 0.18002)

Position: (0.845126, 0.686507, -0.678476)
Size: (0.0294752, 0.179403, 0.0222507)

Position: (0.162495, 1.49499, 0.781998)
Size: (0.279742, 0.286769, 0.157265)

Position: (-0.29515, 0.783795, 0.539859)
Size: (0.140217, 0.292585, 0.0758898)

Position: (0.762704, 1.03157, 1.06146)
Size: (0.023879, 0.150743, 0.244445)

Position: (1.20626, -0.512568, 0.562145)
Size: (0.0525169, 0.00168217, 0.254592)

Position: (-0.400067, 0.347267, -0.392584)
Size: (0.130412, 0.283326, 0.121471)

Position: (0.225669, 0.0789682, 0.858635)
Size: (0.288738, 0.0290027, 0.283498)

Position: (1.17517, -0.0991441, -1.48306)
Size: (0.0445631, 0.179531, 0.19061)

Position: (-0.877516, -0.580273, 1.15813)
Size: (0.288926, 0.232343, 0.296972)

Position: (-1.17909, -1.04431, -1.27871)
Size: (0.0368523, 0.241836, 0.143046)

Position: (-1.10122, -0.359357, -0.844763)
Size: (0.0562405, 0.105055, 0.266573)

Position: (-0.46296, 0.278697, 0.358511)
Size: (0.163438, 0.231397, 0.234867)

Position: (-0.761211, 0.579101, -0.792299)
Size: (0.191355, 0.191014, 0.0579788)

Position: (0.989244, 1.20646, -0.169745)
Size: (0.231772, 0.278106, 0.126512)

Position: (1.35048, 1.11673, 1.2298)
Size: (0.109375, 0.00336412, 0.153413)

Position: (0.130231, 0.816232, 1.28758)
Size: (0.143146, 0.0258885, 0.271937)

Position: (-0.970383, 0.146839, 0.0122366)
Size: (0.092566, 0.0076168, 0.184357)

Position: (0.238042, -1.36462, 0.952355)
Size: (0.0663002, 0.103707, 0.0563632)

Position: (-1.23335, -0.822486, -1.11535)
Size: (0.254678, 0.104599, 0.218097)

Position: (0.40229, -1.29853, 0.136068)
Size: (0.0980244, 0.167271, 0.151466)

Position: (0.57913, -1.25932, 0.963766)
Size: (0.20039, 0.134438, 0.107831)

Position: (-0.654977, -1.28348, -0.667567)
Size: (0.279277, 0.0202335, 0.208001)

Position: (0.452193, -0.47204, 0.127299)
Size: (0.104841, 0.0231523, 0.0439418)

Position: (0.66462, 0.0394671, -0.734014)
Size: (0.226885, 0.167592, 0.0772818)

Position: (-1.04607, -0.811163, 1.19355)
Size: (0.26629, 0.199963, 0.227271)

Position: (-0.30866, 0.45712, 1.38523)
Size: (0.054313, 0.297092, 0.271556)

Position: (-1.35863, -0.631146, -1.17425)
Size: (0.25736, 0.136564, 0.0452751)

Position: (-1.33614, 0.41908, 0.138551)
Size: (0.049091, 0.150713, 0.16188)

Position: (0.792778, 0.787361, -1.16991)
Size: (0.178721, 0.228313, 0.147713)

Position: (0.033323, 1.38726, 1.2685)
Size: (0.273027, 0.117353, 0.260743)

Position: (0.102802, 1.45928, 1.20102)
Size: (0.278549, 0.162223, 0.220066)

Position: (-0.211128, 0.814546, 0.367485)
Size: (0.231216, 0.0732015, 0.0188305)

Position: (-1.11686, 1.17205, -1.0051)
Size: (0.122111, 0.031333, 0.0425588)

Position: (-0.805556, 1.39357, 0.502684)
Size: (0.0682468, 0.0881217, 0.251711)

Position: (-0.876972, 1.48389, -1.14645)
Size: (0.0123356, 0.169991, 0.186674)

Position: (0.507879, -1.34938, 1.09208)
Size: (0.253922, 0.0318798, 0.147904)

Position: (0.399431, 0.946078, 0.291749)
Size: (0.142606, 0.0912096, 0.105435)

Position: (0.562698, -1.32527, 1.45442)
Size: (0.226214, 0.255161, 0.291355)

Position: (-1.43298, 0.756625, -0.260207)
Size: (0.0999233, 0.0112121, 0.16022)

Position: (-0.414322, 1.46723, -0.432817)
Size: (0.227294, 0.0821307, 0.0997245)

Position: (-0.394213, 0.496165, -0.277759)
Size: (0.155377, 0.293829, 0.0384667)

Position: (-1.37212, -1.14022, -0.166177)
Size: (0.145583, 0.145663, 0.110272)

Position: (-0.75104, 0.538363, -1.15969)
Size: (0.128598, 0.0542133, 0.000905078)

