Position: (1.2814, 0.433182, 0.532024)
Size: (0.0618675, 0.204428, 0.138428)

Position: (0.666821, 0.0741223, -1.46731)
Size: (0.245972, 0.246184, 0.0793372)

Position: (-0.455362, -0.28725, 0.0450524)
Size: (0.00429954, 0.287245, 0.202143)

Position: (-0.959057, -0.445421, -0.0849749)
Size: (0.046623, 0.19433, 0.203541)

Position: (-0.00472346, 0.138568, -0.865534)
Size: (0.0253661, 0.0186955, 0.256416)

Position: (-1.17249, 0.157478, 0.0453105)
Size: (0.165364, 0.196062, 0.234654)

Position: (-1.38059, 1.3072, 1.27185)
Size: (0.11231, 0.204632, 0.00727901)

Position: (-1.19164, -0.00271558, -1.00484)
Size: (0.294159, 0.265596, 0.216167)

Position: (1.09934, 1.17515, -0.591415)
Size: (0.0921646, 0.226651, 0.199413)

Position: (0.668051, 0.0727754, -0.264608)
Size: (0.201497, 0.0126552, 0.275912)

Position: (-1.19738, -0.22177, 0.286567)
Size: (0.259173, 0.287496, 0.0213309)

Position: (-1.25583, -0.586703, -1.15719)
Size: (0.139689, 0.290128, 0.0433451)

Position: (-1.04525, -0.833238, 0.694904)
Size: (0.247463, 0.0164845, 0.205399)

Position: (-0.00804585, 0.394993, -0.987181)
Size: (0.0735927, 0.120658, 0.121919)

Position: (0.905577, -1.42462, -0.413677)
Size: (0.247182, 0.196312, 0.135594)

Position: (-0.618959, 0.178452, -1.06314)
Size: (0.28038, 0.291932, 0.278822)

Position: (-0.404442, 1.00805, 0.146576)
Size: (0.0947069, 0.253693, 0.0198915)

Position: (0.800857, 0.877927, -0.527505)
Size: (0.0411905, 0.158766, 0.00372437)

Position: (1.29405, -0.208968, -0.125185)
Size: (0.076194, 0.189799, 0.0660248)

Position: (-0.227975, -1.31157, 0.020914)
Size: (0.0588527, 0.166898, 0.253653)

Position: (-0.452892, 1.26717, 1.48175)
Size: (0.193405, 0.0253074, 0.136488)

Position: (0.171428, -1.45496, 0.664247)
Size: (0.249054, 0.193372, 0.117459)

Position: (0.67085, 0.109476, 1.22335)
Size: (0.111629, 0.0867975, 0.0121377)

Position: (0.881401, 1.38373, 1.33092)
Size: (0.285656, 0.182727, 0.0429838)

Position: (0.746399, -0.280052, 0.330737)
Size: (0.18252, 0.0634156, 0.132393)

Position: (-0.903649, 0.9323, 0.72431)
Size: (0.0101528, 0.295691, 0.125287)

Position: (0.590713, 0.841354, 0.377975)
Size: (0.178966, 0.180456, 0.0415698)

Position: (-0.829446, 1.23881, -1.2295)
Size: (0.132215, 0.275676, 0.187888)

Position: (1.05406, -1.1895, 0.0742812)
Size: (0.265793, 0.249854, 0.0720392)

Position: (-0.154758, -1.16177, -0.648295)
Size: (0.0907932, 0.243714, 0.236226)

Position: (1.10348, -1.28691, -1.39844)
Size: (0.0195457, 0.131113, 0.044085)

Position: (-1.32633, 0.135709, -1.29883)
Size: (0.147841, 0.0167722, 0.00143606)

Position: (-0.393428, -0.731461, -0.439427)
Size: (0.0795247, 0.296457, 0.118684)

Position: (-0.145258, 0.123738, -0.689022)
Size: (0.163513, 0.142824, 0.289047)

Position: (0.19931, -1.27798, -0.676585)
Size: (0.188742, 0.100933, 0.0122424)

Position: (-0.733668, 1.03905, -0.0571759)
Size: (0.0299847, 0.280732, 0.271669)

Position: (-0.957057, 0.534289, 1.33941)
Size: (0.146467, 0.29505, 0.216812)

Position: (-0.323328, -1.25531, 1.11853)
Size: (0.201984, 0.102273, 0.245482)

Position: (0.530316, 0.375502, -0.00952365)
Size: (0.0419576, 0.214227, 0.234613)

Position: (0.18423, 0.173608, -0.147217)
Size: (0.048782, 0.133255, 0.193729)

Position: (1.27395, -1.43928, -1.20332)
Size: (0.207494, 0.00753893, 0.0988605)

Position: (0.822152, -0.20614, -0.588983)
Size: (0.170511, 0.0667145, 0.249202)

Position: (0.680295, 1.39983, -1.43949)
Size: (0.21815, 0.222073, 0.223096)

Position: (0.057444, -0.522533, 0.769878)
Size: (0.122428, 0.296927, 0.247822)

Position: (0.0349706, 0.970337, -0.861095)
Size: (0.137204, 0.0813588, 0.0906212)

Position: (-0.299492, -0.500142, -0.467969)
Size: (0.038743, 0.263679, 0.0392842)

Position: (-1.43301, -1.05719, 0.5483)
Size: (0.045483, 0.0951718, 0.0270026)

Position: (-0.778143, 1.34728, 1.31825)
Size: (0.26858, 0.226178, 0.17568)

