Position: (-1.24351, -0.0202228, -1.12549)
Size: (0.230424, 0.24519, 0.128222)

Position: (0.373491, 0.42908, 1.18569)
Size: (0.0467511, 0.0152909, 0.131341)

Position: (-0.647002, -0.627211, -1.10431)
Size: (0.162087, 0.135004, 0.177068)

Position: (-0.925802, -1.27057, 0.277203)
Size: (0.294761, 0.249244, 0.019815)

Position: (-0.741484, 0.58605, -0.959674)
Size: (0.253291, 0.222686, 0.258292)

Position: (-1.14139, 0.996262, 1.3717)
Size: (0.113077, 0.190715, 0.285498)

Position: (-0.260534, 0.431453, -0.890469)
Size: (0.230368, 0.0786063, 0.275344)

Position: (-1.19746, 1.19369, -0.120198)
Size: (0.0859441, 0.295669, 0.0798031)

Position: (1.44244, 0.673565, 0.65545)
Size: (0.0131549, 0.0362862, 0.29954)

Position: (-1.37518, 0.104861, -0.458182)
Size: (0.233672, 0.195198, 0.0378826)

Position: (0.466715, 0.151089, -0.553121)
Size: (0.203207, 0.223801, 0.141913)

Position: (1.39705, 0.851647, 0.985621)
Size: (0.117156, 0.294545, 0.23308)

Position: (1.35812, 0.841468, 0.353956)
Size: (0.183185, 0.298696, 0.130078)

Position: (-1.40936, -0.646355, 0.514315)
Size: (0.259262, 0.0336649, 0.0402751)

Position: (0.831038, 0.731866, 0.394824)
Size: (0.243529, 0.0449836, 0.2802)

Position: (1.07937, 0.613009, 1.39833)
Size: (0.249028, 0.249425, 0.285792)

Position: (-0.71518, 0.870199, -1.33128)
Size: (0.219524, 0.241715, 0.191248)

Position: (0.333839, -0.462363, -0.276263)
Size: (0.163889, 0.045819, 0.271017)

Position: (-1.08406, -0.572936, 1.18744)
Size: (0.129142, 0.0649693, 0.287801)

Position: (-0.174959, -1.29791, -0.787952)
Size: (0.172629, 0.0570342, 0.0221742)

Position: (-0.707365, 0.930944, 0.68048)
Size: (0.150769, 0.066618, 0.0296549)

Position: (-0.82325, -0.25286, -1.49171)
Size: (0.203084, 0.171015, 0.101137)

Position: (0.325109, 1.20767, 1.10306)
Size: (0.276378, 0.0243534, 0.257619)

Position: (0.138777, -0.822073, -1.16693)
Size: (0.2622, 0.245409, 0.177753)

Position: (-1.08953, -0.657706, 1.12769)
Size: (0.259393, 0.269973, 0.0206923)

Position: (-1.37019, 0.491501, -1.3808)
Size: (0.153482, 0.0338008, 0.224038)

Position: (0.727421, -0.064829, 1.39494)
Size: (0.0206113, 0.265285, 0.120743)

Position: (0.540333, 1.48058, -0.355503)
Size: (0.20885, 0.243456, 0.190572)

Position: (1.35923, 0.0828881, 0.695083)
Size: (0.224314, 0.0421837, 0.0976456)

Position: (-0.904922, -1.44444, -1.1266)
Size: (0.272952, 0.0598008, 0.109094)

Position: (-0.98568, -0.951957, -1.06984)
Size: (0.0659936, 0.0143743, 0.0775826)

Position: (-0.978692, 0.728557, -1.23445)
Size: (0.0527717, 0.0204804, 0.0880529)

Position: (-0.0257965, -0.7249, -0.850315)
Size: (0.18926, 0.0931322, 0.0634446)

Position: (1.24897, 1.46755, 0.853252)
Size: (0.197859, 0.232568, 0.258981)

Position: (0.443501, 0.00488264, -0.544058)
Size: (0.116112, 0.259267, 0.272036)

Position: (0.777416, 0.166146, 1.10286)
Size: (0.283196, 0.187918, 0.219485)

Position: (1.39586, -0.279959, -1.44599)
Size: (0.111105, 0.100349, 0.0540285)

Position: (1.13401, -1.3115, -0.0416451)
Size: (0.239561, 0.293389, 0.188556)

Position: (-0.247215, 0.552194, 0.441534)
Size: (0.254549, 0.249533, 0.0596352)

Position: (-0.857676, 1.18757, 0.884152)
Size: (0.0440527, 0.194384, 0.0705593)

Position: (-0.713994, 0.495605, -1.03992)
Size: (0.0705246, 0.115991, 0.193138)

Position: (-0.269499, -1.2739, -0.777924)
Size: (0.261692, 0.268372, 0.176842)

Position: (-0.981849, -0.719555, 0.992825)
Size: (0.210929, 0.0209308, 0.220758)

Position: (0.063089, -0.407994, 1.40274)
Size: (0.257708, 0.0258427, 0.115183)

Position: (0.279237, -0.511882, -0.235712)
Size: (0.244682, 0.237477, 0.218573)

Position: (-1.00279, -0.252291, 0.484843)
Size: (0.291334, 0.295065, 0.132981)

Position: (-0.655568, -0.756405, -0.183823)
Size: (0.0828741, 0.0173016, 0.0430376)

Position: (0.36991, -0.0667821, 0.163606)
Size: (0.162688, 0.00488399, 0.199181)

