Position: (-0.614074, -1.04285, -1.20814)
Size: (0.0180956, 0.0612319, 0.231829)

Position: (1.26318, -0.471453, 1.32908)
Size: (0.0692384, 0.0458085, 0.0292105)

Position: (-0.69636, -0.75338, 1.09312)
Size: (0.072453, 0.139513, 0.0242682)

Position: (0.229267, 0.880781, -0.138953)
Size: (0.183866, 0.223176, 0.19116)

Position: (0.59557, -0.196895, 1.09988)
Size: (0.175072, 0.221864, 0.219931)

Position: (0.0728491, 1.03281, 0.713202)
Size: (0.175739, 0.287411, 0.284668)

Position: (0.0431085, -0.959925, -0.279912)
Size: (0.159115, 0.115419, 0.0624156)

Position: (-0.530729, -0.449607, 0.369488)
Size: (0.195524, 0.135611, 0.273171)

Position: (-0.470452, -0.796278, -0.527394)
Size: (0.0322468, 0.270683, 0.299236)

Position: (-0.741342, -0.0485798, 1.41311)
Size: (0.297799, 0.0381121, 0.217589)

Position: (0.0392207, -0.597226, -0.813962)
Size: (0.251685, 0.0533815, 0.214144)

Position: (-0.767349, 0.13423, -0.509598)
Size: (0.165228, 0.260326, 0.18013)

Position: (-1.43643, 0.688588, 1.01746)
Size: (0.257769, 0.100146, 0.1428)

Position: (0.72276, -1.23964, -0.169968)
Size: (0.177484, 0.256788, 0.126552)

Position: (-1.30989, 0.963539, 0.102117)
Size: (0.21916, 0.0873066, 0.118795)

Position: (-0.98368, -1.03805, -0.239544)
Size: (0.19954, 0.0581892, 0.145785)

Position: (0.723429, 0.864486, -0.224573)
Size: (0.264792, 0.293932, 0.102232)

Position: (-0.926764, -0.93246, 1.09198)
Size: (0.112153, 0.236482, 0.0896355)

Position: (0.846726, 1.21915, -1.47108)
Size: (0.291166, 0.099861, 0.0914146)

Position: (-0.95546, 0.217926, 0.798094)
Size: (0.286731, 0.217146, 0.118945)

Position: (-0.116801, 1.237, 0.354681)
Size: (0.154023, 0.112534, 0.142305)

Position: (0.607106, 0.786627, 0.11428)
Size: (0.0557016, 0.12219, 0.268187)

Position: (0.75772, 1.33103, 0.160196)
Size: (0.0329584, 0.25835, 0.238777)

Position: (-0.997499, 1.16268, 0.0983021)
Size: (0.120861, 0.250259, 0.241379)

Position: (-1.13176, -1.47853, -0.913424)
Size: (0.133982, 0.136255, 0.0480278)

Position: (0.652859, -0.368937, 0.696235)
Size: (0.188315, 0.0932913, 0.00839393)

Position: (-1.46363, 0.090033, -1.28467)
Size: (0.109814, 0.280903, 0.177809)

Position: (0.679494, 1.37656, 0.425764)
Size: (0.188256, 0.298388, 0.139952)

Position: (-1.3725, 0.932201, 1.47918)
Size: (0.240053, 0.189364, 0.108951)

Position: (1.26117, 0.348433, 0.568589)
Size: (0.276137, 0.0945775, 0.0235228)

Position: (-0.728067, -1.12093, -0.736532)
Size: (0.198564, 0.0815384, 0.285061)

Position: (-0.768204, -0.372943, -0.329782)
Size: (0.120548, 0.0324113, 0.163679)

Position: (-1.25512, 0.796017, 0.949023)
Size: (0.005667, 0.00787441, 0.173244)

Position: (0.414471, 0.745067, 1.09819)
Size: (0.299012, 0.0378072, 0.0302738)

Position: (1.16424, 1.33807, 1.05174)
Size: (0.00766882, 0.0430326, 0.139389)

Position: (1.22399, 1.10337, -1.12618)
Size: (0.115958, 0.128014, 0.244887)

Position: (-0.115857, 0.40191, -0.807006)
Size: (0.0768237, 0.113078, 0.265652)

Position: (-0.336288, -0.272488, -0.162819)
Size: (0.151882, 0.0811336, 0.280476)

Position: (0.453794, -0.187273, -0.843771)
Size: (0.00829091, 0.266221, 0.0479547)

Position: (1.07241, -0.573248, 1.23061)
Size: (0.134884, 0.110802, 0.127058)

Position: (0.613206, -0.580672, 0.657397)
Size: (0.0670541, 0.0377591, 0.0992628)

Position: (-0.749509, 0.461152, -0.946257)
Size: (0.287799, 0.273008, 0.0246579)

Position: (0.645666, -0.58102, -1.03894)
Size: (0.0701653, 9.58452e-05, 0.220541)

Position: (-0.922015, 0.0186313, 0.451028)
Size: (0.233318, 0.164827, 0.119372)

Position: (-0.420281, 1.07242, -0.27963)
Size: (0.15083, 0.285649, 0.104768)

Position: (-1.01257, 0.672778, 0.17631)
Size: (0.173243, 0.117713, 0.0698656)

Position: (1.02774, -0.870202, -0.819081)
Size: (0.077589, 0.280572, 0.232085)

Position: (1.01543, -1.37963, -0.584884)
Size: (0.118525, 0.296708, 0.166916)

