Position: (-0.148678, -1.28711, 0.616282)
Size: (0.147017, 0.013496, 0.00782492)

Position: (-0.975982, 1.19199, -1.20443)
Size: (0.169846, 0.0165479, 0.0930252)

Position: (1.06337, -1.14138, -0.593135)
Size: (0.255655, 0.113082, 0.288062)

Position: (0.652365, 0.872913, -1.00328)
Size: (0.0777821, 0.192581, 0.103362)

Position: (0.461473, 1.12763, 0.688711)
Size: (0.286337, 0.240911, 0.0255214)

Position: (-0.126823, 0.409659, -0.820893)
Size: (0.0149256, 0.280504, 0.259336)

Position: (-0.209254, -0.855426, 0.415869)
Size: (0.187674, 0.10786, 0.0642851)

Position: (1.0755, -1.28956, -1.33069)
Size: (0.211111, 0.0853574, 0.269167)

Position: (0.651748, -0.297212, -0.0735298)
Size: (0.0558263, 0.181683, 0.0652548)

Position: (-0.393256, -1.32119, -0.300704)
Size: (0.0196538, 0.279185, 0.249235)

Position: (0.868187, -0.417393, 0.261289)
Size: (0.0153649, 0.0247651, 0.281966)

Position: (1.44077, -0.226142, -0.234691)
Size: (0.2323, 0.273056, 0.235878)

Position: (1.31282, 0.623758, 0.376094)
Size: (0.0756135, 0.289671, 0.100725)

Position: (0.483098, -0.96085, -1.43618)
Size: (0.140991, 0.138703, 0.0792921)

Position: (-0.282238, 1.10979, -0.648308)
Size: (0.232772, 0.0715298, 0.0145679)

Position: (-0.423188, 0.978886, -1.42681)
Size: (0.0342506, 0.213088, 0.27364)

Position: (1.35702, 1.44903, 0.27762)
Size: (0.0335296, 0.299131, 0.175646)

Position: (0.866795, -1.15946, -0.653285)
Size: (0.0384842, 0.231312, 0.0187339)

Position: (-0.929161, 0.667741, -0.748261)
Size: (0.240281, 0.284064, 0.141455)

Position: (0.514812, 0.625077, -0.761575)
Size: (0.125633, 0.187624, 0.289959)

Position: (-1.10999, -0.338777, 0.685157)
Size: (0.0310322, 0.00870652, 0.0653169)

Position: (-0.901648, 1.07374, -0.882918)
Size: (0.226777, 0.099279, 0.0544919)

Position: (0.288996, -0.975189, 0.890597)
Size: (0.00610657, 0.151142, 0.0866831)

Position: (1.15692, -0.117551, 0.105998)
Size: (0.159972, 0.134704, 0.246253)

Position: (0.19804, 1.1349, 0.145699)
Size: (0.144255, 0.133399, 0.221653)

Position: (0.658582, 0.94644, 0.731944)
Size: (0.228415, 0.010622, 0.0455859)

Position: (-0.00583405, 0.123499, -1.06144)
Size: (0.0165984, 0.108062, 0.133102)

Position: (-1.23396, 1.38514, 1.47074)
Size: (0.0435083, 0.0443793, 0.176211)

Position: (1.44402, -1.27106, 1.11648)
Size: (0.17171, 0.152181, 0.0341211)

Position: (-1.49425, 0.412724, -1.31903)
Size: (0.276979, 0.0828233, 0.15322)

Position: (0.675286, -0.819352, 1.08672)
Size: (0.246956, 0.0360905, 0.277942)

Position: (1.1326, -0.963009, -0.76023)
Size: (0.0782143, 0.254478, 0.0371435)

Position: (0.606308, 1.1398, -0.206846)
Size: (0.192432, 0.0258031, 0.152629)

Position: (0.204081, 0.780296, 1.37046)
Size: (0.20747, 0.165393, 0.134201)

Position: (-1.23625, -0.526684, -0.538956)
Size: (0.119625, 0.0741184, 0.27211)

Position: (-0.419056, 0.941337, 1.41013)
Size: (0.0999535, 0.266417, 0.274696)

Position: (0.551004, -0.346604, -0.183587)
Size: (0.238957, 0.0999843, 0.0596329)

Position: (-0.385323, -1.01225, -0.112688)
Size: (0.267235, 0.192021, 0.244957)

Position: (-0.508607, -0.989227, 0.121402)
Size: (0.203075, 0.137526, 0.14154)

Position: (-0.574202, 1.15653, -1.0091)
Size: (0.0609303, 0.0629601, 0.21368)

Position: (1.17827, 0.0575758, -0.267645)
Size: (0.207757, 0.241023, 0.249442)

Position: (0.819694, -0.50769, -0.588587)
Size: (0.269353, 0.136223, 0.259307)

Position: (-0.633479, -0.652324, 0.0200468)
Size: (0.13325, 0.168306, 0.0112738)

Position: (-0.840642, -0.544651, -0.525498)
Size: (0.0656386, 0.0094965, 0.242309)

Position: (1.32015, 1.29824, 1.42261)
Size: (0.0819556, 0.00741172, 0.0737991)

Position: (-0.670159, 0.188819, -0.64657)
Size: (0.126545, 0.0630544, 0.0611797)

Position: (0.659094, 0.905231, -0.958788)
Size: (0.040601, 0.0733086, 0.165825)

Position: (-0.191058, -0.238448, 0.235073)
Size: (0.155955, 0.177, 0.254678)

