Position: (0.263129, 1.30576, -0.13726)
Size: (0.259834, 0.131411, 0.241992)

Position: (1.01073, 0.457551, 0.18303)
Size: (0.0450147, 0.234753, 0.0576651)

Position: (0.0462965, -0.526071, -0.184087)
Size: (0.0258111, 0.0949858, 0.0121993)

Position: (-1.18757, 0.168571, 0.568846)
Size: (0.237864, 0.274038, 0.218197)

Position: (0.804365, -1.3977, -0.513092)
Size: (0.0726531, 0.2529, 0.0782234)

Position: (0.904101, 0.75092, 0.70903)
Size: (0.0136857, 0.0113902, 0.0589186)

Position: (-0.479933, 0.958306, 1.30344)
Size: (0.211139, 0.2974, 0.0425749)

Position: (0.442445, 0.958998, 0.21592)
Size: (0.0913097, 0.0844271, 0.137975)

Position: (-0.546513, -0.465554, -0.305078)
Size: (0.279788, 0.111122, 0.085957)

Position: (-0.476194, 1.22226, -0.995931)
Size: (0.187484, 0.0125187, 0.091044)

Position: (-1.29036, -0.166012, 1.34864)
Size: (0.228806, 0.249126, 0.098365)

Position: (0.698265, 0.791549, 1.4075)
Size: (0.0244408, 0.0333306, 0.153228)

Position: (-1.372, 1.42628, 0.028149)
Size: (0.209747, 0.0886663, 0.0339035)

Position: (-1.33127, 0.888875, -0.388296)
Size: (0.246968, 0.296672, 0.0960861)

Position: (0.419632, 1.47417, -0.429167)
Size: (0.1003, 0.0323385, 0.27246)

Position: (-0.547063, -0.213959, -0.507778)
Size: (0.0992311, 0.0736094, 0.256829)

Position: (0.755375, -0.880005, -1.35119)
Size: (0.0560165, 0.189603, 0.089633)

Position: (1.26311, -0.00452383, -0.0563503)
Size: (0.13958, 0.192632, 0.145908)

Position: (-0.678145, -0.904008, 1.29659)
Size: (0.159354, 0.0442732, 0.0096863)

Position: (0.407551, 1.07158, 0.801798)
Size: (0.197017, 0.270091, 0.155257)

Position: (1.25578, -0.343556, -1.36619)
Size: (0.14193, 0.0522756, 0.113125)

Position: (-0.51984, -1.22651, 0.474148)
Size: (0.12334, 0.157732, 0.131333)

Position: (0.976641, 0.964755, 0.54859)
Size: (0.0616682, 0.229431, 0.240566)

Position: (0.966672, 0.57283, -1.00521)
Size: (0.0289269, 0.261227, 0.0624747)

Position: (0.592825, 0.707696, 0.449776)
Size: (0.238466, 0.294451, 0.182633)

Position: (-0.95686, 0.972197, 0.579846)
Size: (0.0404066, 0.132706, 0.11631)

Position: (-0.588905, -0.511176, 1.34309)
Size: (0.227544, 0.0215287, 0.0600258)

Position: (-1.26577, 1.09601, -0.969959)
Size: (0.0457877, 0.178695, 0.0692136)

Position: (0.144616, -0.0235612, 0.161146)
Size: (0.218499, 0.166002, 0.280956)

Position: (-1.14702, -1.11798, -1.00253)
Size: (0.277973, 0.0200651, 0.173497)

Position: (-0.845572, 0.580352, -0.0319554)
Size: (0.285472, 0.270917, 0.0725222)

Position: (-1.18826, -0.96709, 1.39229)
Size: (0.0669301, 0.148846, 0.0219922)

Position: (-0.68468, -0.197292, -0.553859)
Size: (0.226353, 0.203407, 0.0110616)

Position: (-1.08652, -1.32367, 0.363174)
Size: (0.0295049, 0.205802, 0.148979)

Position: (-0.908909, -0.968984, 0.032564)
Size: (0.101799, 0.101841, 0.146808)

Position: (-1.46556, -0.364621, -1.0036)
Size: (0.273299, 0.0770323, 0.216554)

Position: (-1.1569, -1.18707, -1.21758)
Size: (0.295075, 0.196297, 0.0741198)

Position: (-0.487673, 0.366122, -0.949775)
Size: (0.296537, 0.287275, 0.0579492)

Position: (1.00706, 0.591554, 0.350543)
Size: (0.044071, 0.0821863, 0.23025)

Position: (0.384027, -0.393512, 0.465418)
Size: (0.0445571, 0.187176, 0.0110459)

Position: (0.915029, 1.02664, -1.30377)
Size: (0.145505, 0.176039, 0.104047)

Position: (0.749902, 0.161475, 0.38011)
Size: (0.274264, 0.143771, 0.264831)

Position: (-0.202117, -0.801162, -0.780298)
Size: (0.108012, 0.296433, 0.0892082)

Position: (1.31752, -0.623224, 1.03534)
Size: (0.290065, 0.282612, 0.0682206)

Position: (0.395213, 1.07437, -1.15123)
Size: (0.298278, 0.294689, 0.148222)

Position: (-1.32038, 0.796537, 0.93567)
Size: (0.154287, 0.245235, 0.260169)

Position: (1.32575, 0.97932, -1.44554)
Size: (0.133481, 0.00884794, 0.099002)

Position: (-0.891089, 0.359433, 0.774845)
Size: (0.0131612, 0.0284754, 0.0356132)

