Position: (-1.04669, 1.48855, 1.41777)
Size: (0.252833, 0.297824, 0.240564)

Position: (-1.08396, -0.524087, -0.545548)
Size: (0.232715, 0.248759, 0.0235699)

Position: (1.25593, -0.471957, 0.705235)
Size: (0.226712, 0.180453, 0.0774269)

Position: (-0.00988093, -0.883395, 0.736011)
Size: (0.16082, 0.15065, 0.277377)

Position: (0.109439, -0.269872, -0.432622)
Size: (0.284001, 0.154076, 0.130251)

Position: (1.17087, 0.895018, 0.385702)
Size: (0.250586, 0.258634, 0.190649)

Position: (-0.976569, 1.27211, -0.713466)
Size: (0.1217, 0.178794, 0.199822)

Position: (-0.151401, -0.253595, -1.24718)
Size: (0.188085, 0.231247, 0.264867)

Position: (-0.717531, -0.30153, -1.12544)
Size: (0.260906, 0.256668, 0.0446383)

Position: (-0.581065, 0.172554, -1.173)
Size: (0.262289, 0.00226171, 0.186386)

Position: (-0.783408, -0.0434375, 0.0596776)
Size: (0.181657, 0.0839079, 0.216649)

Position: (-0.0523475, 0.0317625, 0.217212)
Size: (0.0306125, 0.141124, 0.04416)

Position: (1.23618, 0.352045, -0.644313)
Size: (0.0634223, 0.0135667, 0.276803)

Position: (-0.270309, -0.0535264, -1.45752)
Size: (0.0485415, 0.019936, 0.224591)

Position: (0.140385, 1.08774, -0.720555)
Size: (0.206668, 0.0903779, 0.218436)

Position: (-0.0868421, 0.105506, -0.31257)
Size: (0.0813114, 0.294626, 0.176877)

Position: (-0.772948, 0.91807, -0.747777)
Size: (0.0124365, 0.00150134, 0.104534)

Position: (0.799671, -0.313766, 1.10766)
Size: (0.0790549, 0.0156374, 0.067515)

Position: (-1.09256, 0.0544913, -0.837756)
Size: (0.00716636, 0.0211241, 0.116883)

Position: (0.242983, 0.746949, 1.25684)
Size: (0.0619022, 0.0356176, 0.0819442)

Position: (1.05585, -0.779805, 1.17882)
Size: (0.0401372, 0.149774, 0.237442)

Position: (-1.20948, -1.03108, -0.486684)
Size: (0.262909, 0.0506503, 0.297284)

Position: (-0.678841, 0.181172, -1.0447)
Size: (0.0937888, 0.108302, 0.208103)

Position: (-1.48061, -0.275822, 0.137001)
Size: (0.0320238, 0.139001, 0.0980114)

Position: (-1.38265, -1.40229, 1.34399)
Size: (0.0152921, 0.251775, 0.243588)

Position: (1.0575, -0.223212, 0.351165)
Size: (0.158599, 0.119705, 0.0245471)

Position: (-1.35812, 1.25753, -1.2603)
Size: (0.033404, 0.228309, 0.216554)

Position: (0.0748716, -0.554581, 0.215257)
Size: (0.162128, 0.0083342, 0.170981)

Position: (-0.0827171, 0.224532, 0.210195)
Size: (0.0231654, 0.250888, 0.0808517)

Position: (1.01733, 0.616477, -1.21371)
Size: (0.0670214, 0.257884, 0.295156)

Position: (-0.0665523, -1.31409, 0.00438056)
Size: (0.266289, 0.194299, 0.0937126)

Position: (1.42364, -0.565308, -0.132323)
Size: (0.291052, 0.0375124, 0.120423)

Position: (-0.938694, -1.05193, 1.4535)
Size: (0.0189666, 0.144876, 0.0668019)

Position: (0.39912, 0.137635, -1.15577)
Size: (0.123949, 0.267922, 0.142921)

Position: (-0.626956, -0.500537, -0.906194)
Size: (0.0161236, 0.10341, 0.0454276)

Position: (-0.588038, -1.28086, -0.00281292)
Size: (0.016618, 0.0309796, 0.200009)

Position: (0.215806, -1.0475, -1.40425)
Size: (0.148593, 0.176576, 0.27426)

Position: (-0.21018, 0.0481125, 0.364018)
Size: (0.174782, 0.0126395, 0.189712)

Position: (0.35869, 0.629854, -0.380414)
Size: (0.223431, 0.293797, 0.0962108)

Position: (1.09444, -1.38692, -0.476424)
Size: (0.294563, 0.265978, 0.233704)

Position: (-0.1363, -0.269396, 1.37963)
Size: (0.207101, 0.0386889, 0.293327)

Position: (0.720848, -1.04168, -1.32238)
Size: (0.0423325, 0.216539, 0.0552597)

Position: (0.156526, 0.0306915, 1.44848)
Size: (0.0690078, 0.0953981, 0.0756397)

Position: (-0.148311, -0.15217, -1.36397)
Size: (0.0247099, 0.0240154, 0.072839)

Position: (-1.15132, -0.730134, -0.242988)
Size: (0.0813406, 0.0342757, 0.0344105)

Position: (0.255423, -1.22506, -0.951901)
Size: (0.11871, 0.0140714, 0.111902)

Position: (-1.18931, 0.754873, 0.0828911)
Size: (0.0505805, 0.207619, 0.117708)

Position: (0.276912, -0.870072, 0.574195)
Size: (0.209715, 0.256532, 0.0166002)

