Position: (0.00269644, -1.31166, -0.00441668)
Size: (0.0647173, 0.261769, 0.0484492)

Position: (-0.55457, -1.06511, 1.21649)
Size: (0.175048, 0.226045, 0.203849)

Position: (-0.631885, 0.633045, -0.284826)
Size: (0.155274, 0.0949556, 0.194983)

Position: (-0.291756, 0.67388, 0.192454)
Size: (0.264422, 0.183275, 0.211894)

Position: (-0.859214, -0.785269, 0.568875)
Size: (0.139752, 0.294685, 0.00288824)

Position: (-0.445398, -0.0184135, -0.74758)
Size: (0.224728, 0.081926, 0.0776528)

Position: (0.573254, -0.368228, 0.203258)
Size: (0.145751, 0.198666, 0.130275)

Position: (0.335032, 0.261449, 0.388947)
Size: (0.233672, 0.0156356, 0.289073)

Position: (1.32339, -0.997997, 0.434304)
Size: (0.276915, 0.180903, 0.289555)

Position: (-0.997963, -0.473222, 0.721292)
Size: (0.10757, 0.20067, 0.0776747)

Position: (0.476948, -0.822848, 0.869879)
Size: (0.291645, 0.261783, 0.205638)

Position: (-1.20356, 0.578942, 0.148819)
Size: (0.0746149, 0.237547, 0.2694)

Position: (0.931986, -1.41279, 0.42915)
Size: (0.160096, 0.0544554, 0.24327)

Position: (0.0566098, 0.971092, -0.129578)
Size: (0.0865792, 0.225296, 0.0342466)

Position: (-1.20787, 0.542489, -0.991063)
Size: (0.0819579, 0.256996, 0.201469)

Position: (1.12289, 0.793515, 0.0239043)
Size: (0.220509, 0.219204, 0.188123)

Position: (0.439923, 0.305437, -1.05061)
Size: (0.111656, 0.289411, 0.154273)

Position: (0.749036, 0.353401, -1.33366)
Size: (0.0796654, 0.0346924, 0.176041)

Position: (1.42135, -1.07639, -1.03302)
Size: (0.240242, 0.130311, 0.0656543)

Position: (1.45826, 1.18088, 1.48677)
Size: (0.112295, 0.238321, 0.178425)

Position: (-1.35869, -1.24585, 0.578352)
Size: (0.195613, 0.170376, 0.228344)

Position: (-1.38437, -0.0600583, -0.891198)
Size: (0.251536, 0.00156434, 0.017005)

Position: (0.229681, -0.112414, 1.15423)
Size: (0.217852, 0.158128, 0.0812979)

Position: (1.06493, -0.806148, -0.973592)
Size: (0.245926, 0.149233, 0.217111)

Position: (-0.0618647, -0.420043, -1.07529)
Size: (0.0964746, 0.218929, 0.15115)

Position: (-0.930787, -1.38132, -1.16332)
Size: (0.00658111, 0.165722, 0.298612)

Position: (-1.04936, -1.35166, 1.46809)
Size: (0.230286, 0.10608, 0.222083)

Position: (-1.18566, 0.404562, -1.10419)
Size: (0.250628, 0.0306918, 0.049584)

Position: (-0.0298862, -0.934733, -0.844172)
Size: (0.1965, 0.144665, 0.0389181)

Position: (-0.978359, 1.43523, 1.23055)
Size: (0.234718, 0.0881226, 0.177186)

Position: (-0.929334, 0.852837, 1.32687)
Size: (0.258425, 0.137773, 0.124209)

Position: (0.0962315, -1.1687, -1.36332)
Size: (0.152392, 0.183048, 0.014302)

Position: (0.715381, 1.35946, -0.485781)
Size: (0.0627439, 0.243901, 0.161919)

Position: (0.556995, 0.874411, -0.223652)
Size: (0.251332, 0.253854, 0.246666)

Position: (-0.839128, 0.457167, 0.740004)
Size: (0.283298, 0.0851592, 0.0569471)

Position: (-0.4176, 0.204804, 0.132004)
Size: (0.00344386, 0.0852253, 0.157084)

Position: (-1.29818, 0.322955, 0.0620996)
Size: (0.193961, 0.0132651, 0.284912)

Position: (-0.251276, -0.228588, 0.823959)
Size: (0.00868484, 0.231424, 0.0596749)

Position: (0.028026, 0.461046, 0.307884)
Size: (0.216494, 0.0906649, 0.202781)

Position: (-0.0543899, -0.0811342, -0.592279)
Size: (0.132408, 0.292265, 0.189033)

Position: (-0.338132, -1.35583, 1.38433)
Size: (0.218881, 0.0483901, 0.185161)

Position: (-0.183911, -1.29891, -0.311648)
Size: (0.268762, 0.0569185, 0.0713503)

Position: (1.17088, 0.258624, -0.135451)
Size: (0.255463, 0.204492, 0.0524926)

Position: (-0.913069, 1.14888, 1.0609)
Size: (0.218156, 0.0352133, 0.21127)

Position: (-0.108888, -1.14672, -1.07198)
Size: (0.134937, 0.0812123, 0.274671)

Position: (-0.159361, 1.13917, -1.38468)
Size: (0.292307, 0.244711, 0.017718)

Position: (-1.09155, 0.254091, 0.50922)
Size: (0.149143, 0.295424, 0.0657982)

Position: (-0.44909, 0.473189, 0.352867)
Size: (0.127882, 0.0541911, 0.0656244)

