Position: (0.0209777, -0.648684, -1.27352)
Size: (0.0250473, 0.185031, 0.00936084)

Position: (-0.451837, -0.784485, 0.815668)
Size: (0.0422069, 0.295055, 0.268985)

Position: (-0.973709, -0.330396, 0.143376)
Size: (0.182124, 0.238211, 0.0516514)

Position: (0.722772, 0.394077, 1.44866)
Size: (0.270675, 0.250005, 0.190229)

Position: (-1.29103, 1.47111, -0.980515)
Size: (0.0255976, 0.245834, 0.111472)

Position: (0.191683, 1.36744, 0.972744)
Size: (0.081613, 0.0190651, 0.256622)

Position: (-0.931301, -0.717717, -1.00293)
Size: (0.126674, 0.0306974, 0.0414611)

Position: (-0.0512563, -0.686668, -1.19014)
Size: (0.104551, 0.0351808, 0.0818659)

Position: (-1.4013, 0.0821745, -1.36006)
Size: (0.240387, 0.216046, 0.182114)

Position: (-0.697275, 0.410653, -1.12416)
Size: (0.0882171, 0.0503452, 0.145858)

Position: (-0.500858, 1.49398, 1.05065)
Size: (0.256579, 0.022271, 0.244377)

Position: (0.0214869, 0.332748, 0.665826)
Size: (0.0390501, 0.0357494, 0.0627005)

Position: (-0.693596, -1.30447, -0.630043)
Size: (0.156193, 0.0727124, 0.125815)

Position: (1.29818, 1.22781, 1.3017)
Size: (0.0227274, 0.0121665, 0.0600432)

Position: (1.42585, 0.0754154, 0.844425)
Size: (0.289665, 0.275714, 0.278017)

Position: (-1.41754, -0.958176, 0.708378)
Size: (0.226993, 0.031047, 0.26515)

Position: (0.352039, 1.00815, -0.444058)
Size: (0.0367627, 0.226896, 0.0518962)

Position: (0.707484, -1.19531, 1.43605)
Size: (0.292862, 0.182902, 0.00422351)

Position: (1.42179, 0.107555, 1.21349)
Size: (0.220677, 0.0923034, 0.0831)

Position: (0.50719, 0.919891, -0.465233)
Size: (0.0420441, 0.025965, 0.0734004)

Position: (0.801556, 0.265962, 0.92247)
Size: (0.152159, 0.195212, 0.0412462)

Position: (0.916946, 1.26447, -0.0299675)
Size: (0.0745926, 0.151067, 0.20146)

Position: (-0.498815, -1.05937, -0.394054)
Size: (0.177465, 0.00426019, 0.21762)

Position: (1.27008, -1.29797, 0.70501)
Size: (0.0836585, 0.161533, 0.222562)

Position: (0.488784, -1.40048, -0.325668)
Size: (0.110645, 0.224978, 0.178917)

Position: (-0.431105, -0.244617, 1.4828)
Size: (0.0966945, 0.0148882, 0.163017)

Position: (-1.11035, 0.710879, -0.68081)
Size: (0.115293, 0.124228, 0.0706906)

Position: (-0.429208, 0.136826, 0.816858)
Size: (0.213154, 0.0333369, 0.240533)

Position: (0.296271, 0.113255, -0.994804)
Size: (0.18541, 0.00308781, 0.0899418)

Position: (-0.207935, 0.80954, 0.861212)
Size: (0.0496275, 0.00508013, 0.0382733)

Position: (0.167981, -0.660772, 1.42912)
Size: (0.128722, 0.106728, 0.2166)

Position: (0.371245, 0.925692, -0.867857)
Size: (0.227471, 0.0787915, 0.0520762)

Position: (0.512409, -1.12036, 1.16124)
Size: (0.137233, 0.0267958, 0.0045082)

Position: (-0.951376, -0.80679, 0.334248)
Size: (0.187429, 0.0427986, 0.28639)

Position: (1.14746, -0.983597, 0.980816)
Size: (0.260698, 0.100503, 0.150145)

Position: (1.1691, -1.33543, -0.273769)
Size: (0.274957, 0.198288, 0.269292)

Position: (-0.444111, 0.199464, 1.32851)
Size: (0.0555848, 0.21473, 0.067994)

Position: (0.770129, -1.2707, 0.63741)
Size: (0.178949, 0.278607, 0.217823)

Position: (0.817589, -0.623374, 1.42436)
Size: (0.0325535, 0.0986421, 0.105738)

Position: (0.900768, 1.20756, 0.327115)
Size: (0.0572955, 0.00164534, 0.0914505)

Position: (0.305337, 0.191104, 0.240266)
Size: (0.0216932, 0.121404, 0.037909)

Position: (-0.38777, 0.781287, 0.263796)
Size: (0.0751948, 0.265721, 0.299879)

Position: (0.2514, 0.500543, 0.0442153)
Size: (0.125202, 0.105259, 0.146075)

Position: (-0.763795, -0.822841, 1.42754)
Size: (0.0339165, 0.295931, 0.230162)

Position: (-0.628271, 0.808569, -0.330551)
Size: (0.0243924, 0.269056, 0.220012)

Position: (0.846976, -1.4419, -0.687117)
Size: (0.295596, 0.0771859, 0.181562)

Position: (0.927635, 0.400075, -1.16294)
Size: (0.0542109, 0.0576508, 0.218211)

Position: (-0.28231, -1.13339, -0.918825)
Size: (0.202664, 0.228434, 0.294256)

