Position: (1.06193, 1.28513, -0.646143)
Size: (0.169606, 0.168907, 0.0899019)

Position: (1.03305, -0.961802, -0.21416)
Size: (0.14814, 0.0249608, 0.279918)

Position: (0.52136, 0.41699, 0.207175)
Size: (0.0727563, 0.10737, 0.121315)

Position: (-0.454752, -1.46308, 0.890922)
Size: (0.00422309, 0.209092, 0.00651693)

Position: (-0.999268, 0.920719, 0.308587)
Size: (0.139896, 0.0749787, 0.0653938)

Position: (-0.429719, -0.249888, -0.527085)
Size: (0.122797, 0.279754, 0.226337)

Position: (-0.198546, -0.621089, 0.322856)
Size: (0.170011, 0.11539, 0.0884899)

Position: (1.22228, -0.510494, -1.10227)
Size: (0.231824, 0.0660382, 0.00428679)

Position: (1.47561, -1.08932, 0.845475)
Size: (0.126019, 0.0197634, 0.0402862)

Position: (1.25626, 0.398089, 0.961085)
Size: (0.11644, 0.087024, 0.0920576)

Position: (-1.00191, -0.80883, 0.472616)
Size: (0.289719, 0.278904, 0.0939996)

Position: (1.28193, -0.841953, -1.43229)
Size: (0.120097, 0.0889386, 0.225892)

Position: (1.21729, -1.23106, 0.0208243)
Size: (0.272305, 0.0564242, 0.0606839)

Position: (-0.678999, 1.43696, -0.464054)
Size: (0.0139506, 0.099606, 0.109249)

Position: (1.34994, -0.472337, -0.0372972)
Size: (0.102307, 0.184563, 0.279584)

Position: (-0.198594, -0.156662, 1.1277)
Size: (0.23592, 0.249878, 0.24554)

Position: (1.49381, -0.539882, 1.01499)
Size: (0.248167, 0.233602, 0.0279911)

Position: (-0.390134, -0.551521, 0.65802)
Size: (0.0757713, 0.197724, 0.299367)

Position: (0.470347, -0.256094, 1.29176)
Size: (0.254756, 0.208446, 0.139019)

Position: (1.40097, -1.05201, 0.381833)
Size: (0.168205, 0.103502, 0.172313)

Position: (-0.539873, -0.78545, -1.48031)
Size: (0.097491, 0.290278, 0.0132645)

Position: (0.101722, 0.725034, 0.902779)
Size: (0.0455318, 0.221194, 0.143565)

Position: (0.553453, -0.390652, 0.842881)
Size: (0.165816, 0.0805137, 0.201412)

Position: (-0.67545, 0.635024, 0.356027)
Size: (0.258137, 0.0466504, 0.131719)

Position: (1.07579, 0.872401, 1.36536)
Size: (0.0465834, 0.183157, 0.128538)

Position: (0.675768, 1.14415, -1.30601)
Size: (0.031773, 0.0484989, 0.291308)

Position: (1.16518, 0.821231, 1.2423)
Size: (0.083105, 0.237996, 0.189266)

Position: (-0.650661, 0.53502, 0.953285)
Size: (0.215588, 0.271542, 0.0248369)

Position: (0.778548, 0.716886, 1.47466)
Size: (0.195492, 0.25925, 0.298312)

Position: (-0.973639, -0.730886, -0.464784)
Size: (0.0422341, 0.280844, 0.122567)

Position: (-0.474295, 1.41095, 0.136884)
Size: (0.268458, 0.1809, 0.0789531)

Position: (0.128265, -0.0454629, 1.47422)
Size: (0.027038, 0.223296, 0.1062)

Position: (-0.114409, -1.40589, 1.30101)
Size: (0.232133, 0.229822, 0.032122)

Position: (-0.164238, -1.2816, -0.526336)
Size: (0.100879, 0.103088, 0.0199808)

Position: (-0.250402, -0.992793, 0.609626)
Size: (0.267887, 0.0313998, 0.126218)

Position: (-0.880759, -0.223126, -1.01776)
Size: (0.157657, 0.177619, 0.295758)

Position: (1.4321, 1.21406, -1.22802)
Size: (0.0214729, 0.00750359, 0.0347741)

Position: (-0.352642, -0.986579, -0.634636)
Size: (0.168157, 0.107858, 0.0885756)

Position: (-1.21704, -0.851482, -0.647254)
Size: (0.0296599, 0.0534259, 0.0616456)

Position: (1.08957, -0.906344, 0.492657)
Size: (0.0411988, 0.201213, 0.16992)

Position: (-0.244164, 1.06943, 0.847673)
Size: (0.0522098, 0.240673, 0.185876)

Position: (0.818595, 0.392989, -1.34098)
Size: (0.114497, 0.0930624, 0.187232)

Position: (-1.19241, 0.077936, 1.01593)
Size: (0.0191027, 0.290457, 0.151542)

Position: (-1.14001, -0.608746, -0.718397)
Size: (0.131514, 0.0848199, 0.152419)

Position: (-1.41797, -0.918259, -0.657806)
Size: (0.0662846, 0.107791, 0.279589)

Position: (0.580837, -1.11175, -1.41554)
Size: (0.200639, 0.0774124, 0.187571)

Position: (0.53996, 0.422005, -1.00021)
Size: (0.029098, 0.0640864, 0.203477)

Position: (-0.304566, -0.17963, -1.38401)
Size: (0.25917, 0.294934, 0.150672)

