Position: (-0.615246, -1.3551, -0.815488)
Size: (0.172096, 0.0433595, 0.201374)

Position: (-0.91295, -0.581495, -0.17377)
Size: (0.113894, 0.0222707, 0.000492195)

Position: (0.655469, 0.00111329, 0.799515)
Size: (0.164073, 0.298042, 0.194941)

Position: (-0.0526117, -0.564416, 0.824395)
Size: (0.190044, 0.219936, 0.0266877)

Position: (0.723178, 0.364884, 1.10679)
Size: (0.245784, 0.0174456, 0.283056)

Position: (-0.764553, 0.80087, 0.386616)
Size: (0.198885, 0.268993, 0.28383)

Position: (-0.554717, -1.32699, -0.162883)
Size: (0.04904, 0.2978, 0.0341893)

Position: (-0.262852, -0.209794, 0.0164792)
Size: (0.0023863, 0.166914, 0.0647675)

Position: (-0.343211, 0.526503, 0.0586431)
Size: (0.112959, 0.0518639, 0.216201)

Position: (-0.30976, -0.677843, -0.495846)
Size: (0.0902683, 0.113147, 0.288579)

Position: (-0.44039, 1.31216, 1.23944)
Size: (0.270182, 0.00559046, 0.047698)

Position: (0.711927, 0.491551, 0.0124988)
Size: (0.181137, 0.0211968, 0.0438864)

Position: (-0.359291, -0.52738, -1.14388)
Size: (0.204164, 0.287944, 0.00866435)

Position: (1.34069, 1.14687, 0.825485)
Size: (0.160459, 0.165319, 0.278633)

Position: (-0.323194, -0.820457, -0.230502)
Size: (0.245642, 0.192245, 0.166204)

Position: (-0.00411021, -0.650887, -0.260142)
Size: (0.221059, 0.0246199, 0.121728)

Position: (1.32642, -0.587018, 1.04914)
Size: (0.290074, 0.116304, 0.232101)

Position: (0.00781285, 1.2112, 0.211827)
Size: (0.0706896, 0.260143, 0.0827477)

Position: (0.575321, -0.104265, 1.11849)
Size: (0.222271, 0.199693, 0.0866056)

Position: (-0.0392433, -0.488469, -0.61754)
Size: (0.0749563, 0.201893, 0.164649)

Position: (0.83273, 1.08279, 1.45908)
Size: (0.277754, 0.268759, 0.243744)

Position: (-0.481795, 1.46663, 0.264163)
Size: (0.100611, 0.0334827, 0.172638)

Position: (-0.245579, -1.48282, -0.512322)
Size: (0.126864, 0.0138164, 0.180528)

Position: (1.47808, 0.113257, 0.796298)
Size: (0.267095, 0.23349, 0.182533)

Position: (0.505363, 1.25293, -0.0877804)
Size: (0.0435497, 0.0201208, 0.0843238)

Position: (-0.764573, 0.665977, -1.33593)
Size: (0.16549, 0.0489232, 0.134977)

Position: (0.46042, -0.0306656, 0.525465)
Size: (0.155082, 0.2216, 0.0734926)

Position: (-0.344778, -0.415853, 0.954512)
Size: (0.0323985, 0.0500621, 0.0172465)

Position: (-0.472153, -0.0635138, 1.25333)
Size: (0.222844, 0.00594663, 0.00649997)

Position: (-0.704367, 0.547473, -0.854045)
Size: (0.195436, 0.1606, 0.0831243)

Position: (0.97857, -0.740637, 0.254405)
Size: (0.11613, 0.0991958, 0.295117)

Position: (1.4104, -0.28726, 1.00867)
Size: (0.171301, 0.242287, 0.2068)

Position: (-0.188571, -0.0310823, -1.01672)
Size: (0.180217, 0.283303, 0.262319)

Position: (-0.955956, -0.695126, 0.973656)
Size: (0.247781, 0.00588713, 0.258364)

Position: (-1.44336, 0.733881, -0.488309)
Size: (0.22963, 0.0165295, 0.288405)

Position: (-1.22749, 0.612518, 1.39694)
Size: (0.141309, 0.0445648, 0.208487)

Position: (0.247277, 1.16238, -0.0963411)
Size: (0.183656, 0.257855, 0.0456883)

Position: (0.375776, -0.76137, -0.532062)
Size: (0.297173, 0.167414, 0.166)

Position: (-1.37511, 0.0896515, 0.554887)
Size: (0.181041, 0.241968, 0.194105)

Position: (1.01755, 0.796105, 1.08192)
Size: (0.0436024, 0.0945649, 0.101659)

Position: (0.492157, -0.572338, 1.26132)
Size: (0.0282837, 0.000172745, 0.0303572)

Position: (0.574733, 1.31427, -1.15624)
Size: (0.209952, 0.158868, 0.192817)

Position: (0.788987, 1.11236, 0.904288)
Size: (0.29215, 0.204422, 0.0230682)

Position: (-0.978172, 0.0363832, -0.692602)
Size: (0.210695, 0.174846, 0.0699385)

Position: (-0.200132, -0.918843, 0.233154)
Size: (0.16317, 0.113367, 0.119305)

Position: (0.637435, -0.680616, 1.36812)
Size: (0.0181947, 0.115727, 0.218173)

Position: (0.694646, 1.38015, 1.22106)
Size: (0.0432184, 0.0542535, 0.0605872)

Position: (0.616141, 0.41831, -1.49899)
Size: (0.0303119, 0.205198, 0.170932)

