Position: (-0.839632, -0.537057, 0.711077)
Size: (0.0864492, 0.16652, 0.214469)

Position: (0.430472, 0.706338, -0.281076)
Size: (0.149664, 0.169936, 0.231941)

Position: (-1.39063, 0.24824, 0.0665428)
Size: (0.12025, 0.0128931, 0.142366)

Position: (0.247459, 0.801178, -0.056709)
Size: (0.249154, 0.192601, 0.00282775)

Position: (0.18959, 0.790289, 0.644754)
Size: (0.00743329, 0.0426443, 0.115659)

Position: (1.06615, -0.160008, -0.614407)
Size: (0.145357, 0.0898943, 0.170127)

Position: (-0.2356, 0.0429868, 0.024677)
Size: (0.1887, 0.120949, 0.238187)

Position: (-0.119614, 0.763387, -1.32248)
Size: (0.0367305, 0.0421369, 0.131791)

Position: (0.212191, 0.219914, 1.30673)
Size: (0.224906, 0.20446, 0.0874716)

Position: (-1.30552, -0.48637, 1.34521)
Size: (0.261954, 0.192541, 0.0687168)

Position: (-0.850021, -0.943485, -1.15907)
Size: (0.0562181, 0.110951, 0.103133)

Position: (-0.221298, 0.785332, 0.686235)
Size: (0.134777, 0.149654, 0.169556)

Position: (0.754679, 0.746737, -1.05857)
Size: (0.0833157, 0.00857814, 0.137517)

Position: (1.11458, 1.49014, 0.113595)
Size: (0.1834, 0.0645372, 0.275961)

Position: (-0.493907, -0.671064, 0.405848)
Size: (0.000856545, 0.0078702, 0.269966)

Position: (-0.195039, 0.11291, -0.639838)
Size: (0.160968, 0.0929273, 0.269511)

Position: (0.922946, 0.0751396, -0.150881)
Size: (0.166427, 0.238198, 0.0938312)

Position: (-0.698889, -0.217644, 0.107447)
Size: (0.2974, 0.111667, 0.19478)

Position: (0.447646, 1.10863, -0.860351)
Size: (0.225761, 0.137111, 0.213173)

Position: (-0.779441, 0.441558, -0.159239)
Size: (0.160337, 0.00279558, 0.269816)

Position: (-0.0105175, 1.19466, 0.755965)
Size: (0.181626, 0.264356, 0.251909)

Position: (-0.218595, 1.12903, 1.19226)
Size: (0.189904, 0.263188, 0.0161168)

Position: (1.20058, 0.409684, 0.650114)
Size: (0.0857823, 0.235406, 0.0142029)

Position: (-0.178687, -0.781536, -0.471132)
Size: (0.229806, 0.0614489, 0.200713)

Position: (-1.4693, -1.26693, -0.901303)
Size: (0.0424557, 0.266858, 0.261344)

Position: (-0.755756, 0.246682, 0.788326)
Size: (0.243695, 0.161704, 0.132917)

Position: (-0.730338, 0.506901, -0.126515)
Size: (0.0587951, 0.0383817, 0.000794884)

Position: (-0.53301, 0.220117, -1.42378)
Size: (0.218535, 0.19513, 0.143682)

Position: (-1.15203, -1.02427, -0.400411)
Size: (0.157373, 0.0918898, 0.189613)

Position: (-0.789444, 0.434432, 0.502432)
Size: (0.12713, 0.156059, 0.0657153)

Position: (1.23025, 0.391644, -0.756096)
Size: (0.073244, 0.229439, 0.0383407)

Position: (0.200042, -0.877189, 1.39795)
Size: (0.0166791, 0.0396756, 0.029007)

Position: (-1.37563, 0.0130937, -0.498493)
Size: (0.267333, 0.089753, 0.242582)

Position: (0.267434, -0.523828, 0.324477)
Size: (0.0189932, 0.0265784, 0.198135)

Position: (0.878251, 0.483889, -1.19714)
Size: (0.108217, 0.268582, 0.128107)

Position: (0.429534, 1.07735, -0.100536)
Size: (0.0262217, 0.222444, 0.252503)

Position: (1.29159, -1.44953, 0.751598)
Size: (0.107613, 0.159944, 0.0297378)

Position: (1.02322, -0.195795, -0.731845)
Size: (0.0312853, 0.204802, 0.133044)

Position: (-0.183952, -1.34989, -0.0795458)
Size: (0.143702, 0.00951521, 0.276419)

Position: (0.61103, -0.363325, -0.0776324)
Size: (0.286247, 0.217379, 0.0768579)

Position: (1.12832, -0.272962, 1.08507)
Size: (0.199147, 0.140987, 0.0411651)

Position: (0.369292, -1.07238, 0.92031)
Size: (0.0861918, 0.209719, 0.281352)

Position: (0.906996, 1.32879, 1.2682)
Size: (0.241676, 0.218901, 0.196165)

Position: (1.04481, 0.865259, 0.766207)
Size: (0.240366, 0.101809, 0.238166)

Position: (-1.48323, -1.29376, -1.12625)
Size: (0.138121, 0.161198, 0.178803)

Position: (-1.33228, 1.39987, -0.0821653)
Size: (0.283545, 0.0198657, 0.206183)

Position: (0.116149, 1.35461, -0.401496)
Size: (0.16141, 0.208608, 0.0190502)

Position: (0.555478, 0.415707, -0.583565)
Size: (0.0229278, 0.187956, 0.0730755)

