Position: (-1.08928, -0.379524, -1.48679)
Size: (0.191428, 0.210968, 0.187157)

Position: (-0.0975086, 0.703645, -1.37531)
Size: (0.239912, 0.139256, 0.261085)

Position: (-0.364049, 0.355094, -0.834033)
Size: (0.201423, 0.0451568, 0.248274)

Position: (-0.986161, -0.721301, 1.33114)
Size: (0.256106, 0.284174, 0.195927)

Position: (-0.106577, 1.09476, 0.495899)
Size: (0.276101, 0.191598, 0.230217)

Position: (0.82065, -1.23304, 0.00867155)
Size: (0.0555906, 0.265187, 0.256563)

Position: (1.45139, -0.969452, -0.141189)
Size: (0.27274, 0.0962798, 0.210238)

Position: (1.10241, -0.798968, -1.42437)
Size: (0.298245, 0.00652168, 0.278224)

Position: (0.609709, 0.990078, 1.261)
Size: (0.139213, 0.25783, 0.271477)

Position: (0.752999, -1.05525, 0.299254)
Size: (0.0676681, 0.00868585, 0.131866)

Position: (-1.07777, -1.49151, -0.631603)
Size: (0.135851, 0.237067, 0.278579)

Position: (-1.47688, 0.751, -0.0207024)
Size: (0.126839, 0.11881, 0.0350996)

Position: (0.21335, 1.04279, -1.45468)
Size: (0.00174585, 0.273348, 0.247745)

Position: (-1.28579, 0.258937, -0.617459)
Size: (0.238784, 0.0513048, 0.287014)

Position: (-0.407125, 0.0599779, 0.837434)
Size: (0.250422, 0.212873, 0.0114672)

Position: (0.383751, -0.334448, -1.02808)
Size: (0.0592709, 0.234437, 0.116771)

Position: (-0.581222, 1.1087, 1.12603)
Size: (0.0754848, 0.0717168, 0.162942)

Position: (-0.974987, 1.21619, 0.0143516)
Size: (0.0171437, 0.00915894, 0.10871)

Position: (0.391035, 0.381525, -1.27439)
Size: (0.0275293, 0.0682099, 0.0114168)

Position: (0.340297, -1.24189, -0.518111)
Size: (0.0685603, 0.209762, 0.276278)

Position: (0.963523, 0.318392, 0.71485)
Size: (0.184499, 0.0377074, 0.0603209)

Position: (0.449668, -0.352013, 0.0321879)
Size: (0.0480078, 0.0386598, 0.108359)

Position: (0.153702, 0.21451, 0.20016)
Size: (0.119697, 0.219346, 0.16544)

Position: (-0.371596, -1.10488, -1.01965)
Size: (0.0825733, 0.0738361, 0.231022)

Position: (-1.39724, -1.40311, 0.615316)
Size: (0.0797151, 0.222541, 0.298691)

Position: (1.10419, 0.331357, -1.34039)
Size: (0.297688, 0.0686318, 0.118836)

Position: (1.25551, -0.00786538, 0.0331547)
Size: (0.203293, 0.175401, 0.00709752)

Position: (1.20427, -1.19475, -1.3999)
Size: (0.0300917, 0.107095, 0.28975)

Position: (0.680151, -0.635457, 0.0128507)
Size: (0.0897038, 0.0733125, 0.107576)

Position: (1.48451, 0.688015, 1.45752)
Size: (0.128757, 0.000673947, 0.171604)

Position: (-0.178425, -0.325594, -0.097615)
Size: (0.0661032, 0.00672653, 0.0964377)

Position: (-1.29317, 0.978698, -1.39079)
Size: (0.0235364, 0.255047, 0.273254)

Position: (1.25694, -1.40842, 0.591731)
Size: (0.197478, 0.250036, 0.0758516)

Position: (1.44961, -0.994024, 0.796701)
Size: (0.203783, 0.0287045, 0.10402)

Position: (-0.847627, 0.294538, 1.36773)
Size: (0.0559035, 0.131233, 0.127617)

Position: (1.35228, -1.48405, -1.46463)
Size: (0.24461, 0.0746969, 0.151292)

Position: (-1.42136, 1.11693, -0.373172)
Size: (0.04261, 0.279457, 0.248026)

Position: (0.179468, -1.16012, -0.587947)
Size: (0.171052, 0.24547, 0.0469946)

Position: (-1.41722, -0.726996, 0.804925)
Size: (0.205478, 0.258713, 0.232402)

Position: (0.239999, -1.36081, -1.18162)
Size: (0.00794542, 0.206188, 0.217525)

Position: (0.374943, -1.38519, 1.15033)
Size: (0.237187, 0.180953, 0.241831)

Position: (-0.983589, 1.33495, -0.122192)
Size: (0.299397, 0.134195, 0.196528)

Position: (1.12973, -0.138981, -0.47775)
Size: (0.0693141, 0.09528, 0.286453)

Position: (-1.01896, 0.0563988, -0.0756573)
Size: (0.0377184, 0.246221, 0.0201952)

Position: (-1.3366, -0.990532, 0.819672)
Size: (0.285532, 0.111895, 0.262816)

Position: (0.811527, 1.36521, -0.792791)
Size: (0.12562, 0.141202, 0.0890135)

Position: (-0.138594, -1.37229, 0.301582)
Size: (0.184274, 0.272771, 0.0876707)

Position: (-0.00966357, -0.936883, -0.388736)
Size: (0.103196, 0.250884, 0.0596509)

