Position: (0.483996, -0.0792037, 0.89142)
Size: (0.206888, 0.0333536, 0.148674)

Position: (0.928308, -0.206559, 0.204817)
Size: (0.0508019, 0.0330949, 0.297539)

Position: (0.740245, -0.148373, 0.440104)
Size: (0.00928867, 0.275037, 0.208741)

Position: (1.30996, 0.438872, -0.982133)
Size: (0.0582377, 0.186593, 0.299978)

Position: (1.16626, -0.617036, 0.483822)
Size: (0.26823, 0.183399, 0.207452)

Position: (1.11036, 0.824733, 0.506945)
Size: (0.287772, 0.0401999, 0.170787)

Position: (-0.760759, -1.05273, -0.434566)
Size: (0.25091, 0.240937, 0.228308)

Position: (0.374825, 1.23966, 1.01964)
Size: (0.243451, 0.246224, 0.124646)

Position: (-1.48061, 1.19413, 0.42181)
Size: (0.087039, 0.252313, 0.0159691)

Position: (-0.894938, 0.108607, -0.855594)
Size: (0.227137, 0.127531, 0.254726)

Position: (0.184498, 1.40776, 0.440389)
Size: (0.0378538, 0.139037, 0.106086)

Position: (-1.17461, 0.616855, 0.337058)
Size: (0.107497, 0.0617689, 0.260726)

Position: (0.33295, -0.803796, 0.989835)
Size: (0.0715774, 0.131919, 0.0820633)

Position: (1.24884, -0.1128, -0.0303525)
Size: (0.216583, 0.215598, 0.165236)

Position: (1.13804, -0.382415, 1.41547)
Size: (0.237688, 0.174663, 0.158359)

Position: (0.519414, -0.928189, -0.416325)
Size: (0.0779523, 0.286113, 0.261257)

Position: (0.703139, -0.903962, -0.338711)
Size: (0.0536194, 0.139543, 0.0973806)

Position: (1.1447, -0.448623, -0.210166)
Size: (0.0438582, 0.105245, 0.00448632)

Position: (1.3235, -1.01638, -0.0381277)
Size: (0.102423, 0.167509, 0.275632)

Position: (1.0395, 0.303343, 0.884338)
Size: (0.104816, 0.132653, 0.125972)

Position: (0.166468, -0.848327, 0.0813718)
Size: (0.0578651, 0.14535, 0.178223)

Position: (0.372591, -0.497488, -0.784287)
Size: (0.0334094, 0.203507, 0.28004)

Position: (-0.763986, 1.11984, -0.826773)
Size: (0.283629, 0.136508, 0.0217668)

Position: (1.48389, 1.0702, -0.562517)
Size: (0.147969, 0.236972, 0.281503)

Position: (0.80963, -0.146885, -1.35755)
Size: (0.119202, 0.164105, 0.092031)

Position: (-0.0394724, 0.274639, 0.186299)
Size: (0.0961378, 0.126028, 0.287637)

Position: (0.130561, 1.06882, -0.167428)
Size: (0.154071, 0.0347708, 0.223292)

Position: (0.408489, -1.27664, -0.587173)
Size: (0.0067167, 0.129347, 0.111051)

Position: (-0.794488, 1.04886, -0.0586654)
Size: (0.231308, 0.0890116, 0.0533625)

Position: (0.712385, -0.814966, -1.2883)
Size: (0.207199, 0.0104111, 0.195756)

Position: (0.421425, 0.680093, 1.12297)
Size: (0.142884, 0.100371, 0.208662)

Position: (-1.0358, 0.792134, 0.372105)
Size: (0.161559, 0.0360015, 0.146507)

Position: (0.557723, -1.08528, 1.29991)
Size: (0.134219, 0.180231, 0.170772)

Position: (-0.483646, -0.761877, 0.746718)
Size: (0.166351, 0.0926357, 0.194525)

Position: (-1.18364, -0.732152, 0.394835)
Size: (0.098627, 0.185207, 0.051491)

Position: (-1.02831, 0.858633, 1.31408)
Size: (0.0762827, 0.0963751, 0.120378)

Position: (1.30532, 0.16908, 0.861969)
Size: (0.165964, 0.132621, 0.0503841)

Position: (1.34688, -0.350964, 0.517149)
Size: (0.140738, 0.294016, 0.29627)

Position: (-1.24774, 0.352913, 0.151547)
Size: (0.148363, 0.109842, 0.183481)

Position: (-1.42182, -0.455672, 0.196205)
Size: (0.0929162, 0.216417, 0.114376)

Position: (1.48435, 1.25735, 1.29948)
Size: (0.176692, 0.141013, 0.117561)

Position: (-0.931504, 1.44076, 1.21235)
Size: (0.0682593, 0.242772, 0.239569)

Position: (0.450236, 0.461154, -1.26063)
Size: (0.0698205, 0.051404, 0.181481)

Position: (1.09411, -1.27299, 0.928736)
Size: (0.2163, 0.0748122, 0.162247)

Position: (-1.14884, 1.21081, 0.999777)
Size: (0.122655, 0.0210028, 0.135556)

Position: (0.246715, 0.514384, -0.621322)
Size: (0.230035, 0.0284593, 0.0722216)

Position: (0.278403, -0.137046, 1.24507)
Size: (0.115086, 0.165401, 0.278955)

Position: (0.717503, -1.13317, -0.572494)
Size: (0.104042, 0.160492, 0.128696)

