Position: (0.174719, 1.23646, -0.578442)
Size: (0.260605, 0.199435, 0.242468)

Position: (-0.579521, -0.468702, 1.46268)
Size: (0.292964, 0.172623, 0.0789656)

Position: (0.7242, -0.105975, -1.39925)
Size: (0.139397, 0.194728, 0.0869398)

Position: (1.19596, -0.460294, -1.33318)
Size: (0.284548, 0.0418793, 0.0348932)

Position: (1.16331, 0.943194, 1.06111)
Size: (0.226746, 0.224923, 0.111382)

Position: (1.21097, -1.2756, -0.375662)
Size: (0.249998, 0.288656, 0.0800287)

Position: (0.876359, 1.22888, -1.3462)
Size: (0.155307, 0.0165091, 0.279763)

Position: (-0.601212, -0.232646, -0.177478)
Size: (0.0750664, 0.198413, 0.14774)

Position: (-1.20244, 0.433194, -0.698363)
Size: (0.20189, 0.263735, 0.295874)

Position: (0.649421, 0.106473, -1.42384)
Size: (0.0310694, 0.182287, 0.0814212)

Position: (1.35141, -1.48235, 0.799819)
Size: (0.0352637, 0.090175, 0.0737659)

Position: (-1.46825, -0.862965, -0.96443)
Size: (0.00995308, 0.0659352, 0.273795)

Position: (0.915699, 0.108204, 0.916882)
Size: (0.173667, 0.0719955, 0.171456)

Position: (-0.218794, 0.792088, 1.49993)
Size: (0.0589993, 0.113727, 0.0707739)

Position: (0.143352, 0.109431, -0.352855)
Size: (0.057837, 0.286139, 0.0122259)

Position: (-0.177721, -0.890472, 1.26919)
Size: (0.2124, 0.112753, 0.294657)

Position: (-0.0699491, -0.770958, -0.478864)
Size: (0.0763685, 0.0196327, 0.189157)

Position: (-0.972115, 1.41405, -0.330042)
Size: (0.218741, 0.203505, 0.23817)

Position: (-0.66153, 1.03568, 0.799722)
Size: (0.0927846, 0.266676, 0.0428248)

Position: (-0.503678, -0.926201, 1.44968)
Size: (0.11746, 0.166496, 0.0634204)

Position: (0.25376, -1.01907, -1.07746)
Size: (0.0748155, 0.128865, 0.169334)

Position: (-1.41258, 0.203418, -0.85254)
Size: (0.0240285, 0.184962, 0.110127)

Position: (-1.35939, 0.0103208, 1.45999)
Size: (0.181553, 0.170346, 0.277525)

Position: (-1.35655, 0.627924, -0.696388)
Size: (0.27709, 0.0512867, 0.218016)

Position: (0.0620314, -0.906412, -0.105295)
Size: (0.284019, 0.225842, 0.0193674)

Position: (-0.318545, 1.21137, -0.685095)
Size: (0.0454469, 0.233198, 0.154651)

Position: (-0.766767, -0.681107, -0.348955)
Size: (0.273747, 0.127667, 0.23291)

Position: (0.869143, 1.00881, -0.154705)
Size: (0.132637, 0.23116, 0.0566899)

Position: (-0.558806, 0.446736, -0.209434)
Size: (0.262336, 0.254967, 0.0023626)

Position: (0.929748, 1.1055, -0.289253)
Size: (0.257432, 0.297997, 0.143743)

Position: (1.30101, 0.316663, 1.28665)
Size: (0.104297, 0.141633, 0.0271413)

Position: (-1.44067, -0.464377, -0.0962783)
Size: (0.231096, 0.124036, 0.226453)

Position: (1.46513, -0.471556, 1.40256)
Size: (0.271091, 0.201973, 0.277306)

Position: (1.11325, 0.327588, 0.690004)
Size: (0.142595, 0.244365, 0.111466)

Position: (0.345153, -0.760273, -0.255982)
Size: (0.264097, 0.197071, 0.280804)

Position: (-0.141487, -1.4602, 0.344088)
Size: (0.0881866, 0.167519, 0.239608)

Position: (-0.702137, 1.17494, -0.133901)
Size: (0.0358217, 0.170173, 0.0374693)

Position: (-0.302695, -0.665042, -0.212058)
Size: (0.19371, 0.163808, 0.0481541)

Position: (0.321878, 0.139999, 0.587243)
Size: (0.227272, 0.286631, 0.26854)

Position: (-0.162586, -1.25778, -0.82975)
Size: (0.0512827, 0.146953, 0.0128878)

Position: (-0.271867, -1.11902, 0.278457)
Size: (0.0485715, 0.0835532, 0.0572244)

Position: (-0.326182, 0.83877, -0.212246)
Size: (0.14434, 0.269272, 0.293633)

Position: (0.0920269, -0.674407, -0.102135)
Size: (0.144429, 0.148089, 0.0303342)

Position: (1.45024, 0.443381, -1.44156)
Size: (0.22427, 0.0454872, 0.0607775)

Position: (-0.739158, 0.864938, -0.56366)
Size: (0.25086, 0.220695, 0.204618)

Position: (-0.904578, -1.03461, 0.708798)
Size: (0.202095, 0.201095, 0.207831)

Position: (0.802794, 0.872202, 0.657954)
Size: (0.13475, 0.275812, 0.0183267)

Position: (0.0413038, -1.27237, 0.561243)
Size: (0.0718945, 0.252402, 0.153823)

