Position: (-1.47458, -0.658655, 0.441902)
Size: (0.19362, 0.0890735, 0.182679)

Position: (1.01318, 1.41043, 1.20654)
Size: (0.267516, 0.160794, 0.230033)

Position: (1.07533, 0.105336, -0.296747)
Size: (0.133766, 0.255985, 0.171306)

Position: (0.937564, -0.875947, 1.294)
Size: (0.126192, 0.299888, 0.138956)

Position: (-0.418406, 1.22997, -0.276759)
Size: (0.217202, 0.0721811, 0.0864981)

Position: (0.167996, 1.05885, 1.18399)
Size: (0.265012, 0.0428325, 0.226929)

Position: (-0.171459, -1.48723, 0.195346)
Size: (0.182471, 0.190454, 0.26833)

Position: (-1.29728, 0.239958, 1.40875)
Size: (0.061661, 0.0115479, 0.00811127)

Position: (-0.406291, 1.43603, -0.192757)
Size: (0.0471092, 0.104866, 0.278433)

Position: (-0.474737, -1.45793, 0.975429)
Size: (0.100688, 0.0751003, 0.0691265)

Position: (1.27594, 0.323884, -0.806591)
Size: (0.236625, 0.256062, 0.087529)

Position: (0.92191, -1.19286, -1.17313)
Size: (0.234408, 0.0861466, 0.114626)

Position: (0.0142567, -1.35012, -1.12743)
Size: (0.19297, 0.268777, 0.190741)

Position: (-0.059463, -0.600723, -0.0583357)
Size: (0.12375, 0.293545, 0.0872937)

Position: (1.30154, 1.32306, -0.522961)
Size: (0.172467, 0.0424135, 0.265958)

Position: (0.943817, -0.444561, 1.33038)
Size: (0.0639553, 0.111653, 0.145775)

Position: (1.36311, -0.8203, -0.507488)
Size: (0.263829, 0.280535, 0.0829978)

Position: (1.17404, 0.970861, 0.162375)
Size: (0.133638, 0.24279, 0.288451)

Position: (0.916346, 1.28687, 1.35321)
Size: (0.0325801, 0.186925, 0.00314864)

Position: (-0.512292, 1.30802, -0.0593289)
Size: (0.17851, 0.267601, 0.0286201)

Position: (-0.563859, -0.230305, -0.861624)
Size: (0.206943, 0.295593, 0.0032555)

Position: (0.555749, 1.27669, -0.688487)
Size: (0.232434, 0.229917, 0.204731)

Position: (0.344335, -1.31525, -0.249534)
Size: (0.210922, 0.0370612, 0.260254)

Position: (1.30025, -0.219369, -0.00122188)
Size: (0.163367, 0.291477, 0.257021)

Position: (1.22328, 1.22282, -0.0219528)
Size: (0.0987315, 0.186501, 0.165225)

Position: (1.44184, -1.18328, -1.10162)
Size: (0.200216, 0.250521, 0.258303)

Position: (0.819498, 0.739967, 0.317856)
Size: (0.130116, 0.294704, 0.061593)

Position: (0.519302, -1.24352, -1.00549)
Size: (0.13844, 0.259199, 0.0894807)

Position: (1.28346, 0.684209, 0.0940639)
Size: (0.257264, 0.0720325, 0.13438)

Position: (-1.48933, -1.20142, -0.32855)
Size: (0.0301775, 0.144218, 0.00758349)

Position: (-0.955304, -0.173244, -1.35794)
Size: (0.0949937, 0.0873025, 0.149037)

Position: (0.323938, -1.18614, -1.11361)
Size: (0.0647372, 0.196398, 0.0989828)

Position: (0.915754, 1.15937, 0.363963)
Size: (0.158134, 0.106925, 0.123388)

Position: (1.07259, 0.583675, 1.20189)
Size: (0.184635, 0.214533, 0.0216057)

Position: (-1.02472, -0.00919371, -0.492452)
Size: (0.105361, 0.290789, 0.0111251)

Position: (0.497107, 0.731791, 0.555448)
Size: (0.200645, 0.243079, 0.230241)

Position: (1.17378, -1.16943, 1.07564)
Size: (0.0279869, 0.131701, 0.167744)

Position: (-0.562968, 1.36556, -0.28835)
Size: (0.247389, 0.0760682, 0.299576)

Position: (1.0036, 0.132614, 1.39822)
Size: (0.0242656, 0.281509, 0.0930935)

Position: (-0.854816, -0.498636, 0.0247539)
Size: (0.151795, 0.0338422, 0.072997)

Position: (-0.371235, 1.27533, -1.45892)
Size: (0.253664, 0.168068, 0.241933)

Position: (-1.4823, -1.49285, -0.624211)
Size: (0.00541316, 0.289088, 0.180134)

Position: (-0.43232, -0.0831971, -0.535045)
Size: (0.104516, 0.000193367, 0.0205245)

Position: (-1.29932, 1.09119, -0.949548)
Size: (0.0688449, 0.281241, 0.246305)

Position: (0.251383, 0.886374, -0.852999)
Size: (0.168517, 0.0616553, 0.247499)

Position: (0.989052, 0.682286, 1.2288)
Size: (0.00329903, 0.147067, 0.204813)

Position: (0.222776, -0.517704, 0.742559)
Size: (0.189118, 0.0990629, 0.136613)

Position: (0.326654, 0.141541, 0.0615243)
Size: (0.0198817, 0.0244401, 0.235371)

