Position: (1.05983, -0.457182, -1.34313)
Size: (0.198103, 0.272411, 0.0402853)

Position: (-0.982366, 0.446413, -0.1382)
Size: (0.135717, 0.0755309, 0.0513588)

Position: (0.763015, -0.552926, -1.4632)
Size: (0.130669, 0.249811, 0.0610428)

Position: (-0.538322, 0.267001, -0.51121)
Size: (0.181126, 0.249565, 0.0244232)

Position: (1.43399, 0.778869, 1.43724)
Size: (0.116201, 0.235183, 0.143474)

Position: (-0.372518, -1.37729, -1.49367)
Size: (0.165373, 0.241122, 0.0280542)

Position: (0.0652897, -0.183119, 1.4408)
Size: (0.265933, 0.101809, 0.158479)

Position: (1.03155, -0.749821, 0.673862)
Size: (0.132955, 0.162474, 0.291321)

Position: (1.47888, 1.21328, 0.795004)
Size: (0.211064, 0.114401, 0.203714)

Position: (0.448377, -0.494402, -1.17598)
Size: (0.00957742, 0.0252397, 0.00796214)

Position: (-0.249434, -0.952181, 0.77563)
Size: (0.293266, 0.0193422, 0.00590792)

Position: (-0.542559, 0.668845, -0.491142)
Size: (0.274218, 0.0143051, 0.122635)

Position: (-0.515931, 0.479761, 0.141317)
Size: (0.152314, 0.221351, 0.0758697)

Position: (-0.339239, 0.00521321, -0.321047)
Size: (0.267226, 0.29554, 0.00719035)

Position: (-1.3793, 0.803702, -0.729258)
Size: (0.228981, 0.0108974, 0.255063)

Position: (-0.828554, -0.327741, -1.39705)
Size: (0.218622, 0.137252, 0.00156089)

Position: (-0.802148, -0.384052, -0.988697)
Size: (0.15314, 0.235856, 0.078177)

Position: (-0.0454466, -1.13474, -0.578395)
Size: (0.179858, 0.204136, 0.0615621)

Position: (1.49864, 0.549394, 0.789672)
Size: (0.211159, 0.186924, 0.23424)

Position: (0.795738, -0.317649, 1.05207)
Size: (0.191845, 0.0902435, 0.0668894)

Position: (-0.896624, 1.44094, 0.604422)
Size: (0.0738222, 0.159395, 0.129309)

Position: (-0.48377, -1.49863, -0.0804348)
Size: (0.181593, 0.0836808, 0.0664858)

Position: (-1.24242, -0.897645, 0.447059)
Size: (0.0260352, 0.275561, 0.00820949)

Position: (0.158412, -1.33087, 0.472437)
Size: (0.238132, 0.0782569, 0.162895)

Position: (-1.04782, -1.16809, -0.708812)
Size: (0.13663, 0.156208, 0.131392)

Position: (0.812816, 0.959485, -0.785308)
Size: (0.149842, 0.166969, 0.0290919)

Position: (1.43644, 1.39744, -0.978781)
Size: (0.195934, 0.0621166, 0.0262914)

Position: (0.0496908, -0.849716, -0.120734)
Size: (0.0535256, 0.16475, 0.277855)

Position: (-0.990642, -0.636336, 0.361265)
Size: (0.282926, 0.166379, 0.255186)

Position: (0.786365, -0.697274, -0.467252)
Size: (0.0918479, 0.0964961, 0.129142)

Position: (-0.109587, -0.361238, -0.342843)
Size: (0.243638, 0.0423759, 0.00569711)

Position: (-1.05832, 0.0210982, 0.596826)
Size: (0.272304, 0.19489, 0.030772)

Position: (-0.970716, -0.948567, -0.0515249)
Size: (0.255325, 0.0385791, 0.153183)

Position: (-0.62767, 1.12005, -0.873422)
Size: (0.184799, 0.0763316, 0.122905)

Position: (0.901413, 0.559381, 1.39811)
Size: (0.0996187, 0.16132, 0.267813)

Position: (-0.140847, 1.18687, -1.27685)
Size: (0.221099, 0.177288, 0.156172)

Position: (-0.514577, 0.303942, -0.944458)
Size: (0.0359182, 0.0849583, 0.193052)

Position: (-0.968976, 0.773121, 0.306191)
Size: (0.20325, 0.143509, 0.0785)

Position: (-0.534582, -1.27569, -1.25805)
Size: (0.0202425, 0.00901181, 0.194883)

Position: (0.366794, 0.644665, 0.774217)
Size: (0.0879833, 0.128621, 0.142919)

Position: (-0.488436, 0.878021, 1.46064)
Size: (0.0957967, 0.141329, 0.172854)

Position: (-0.709274, -0.819575, 0.0775254)
Size: (0.127784, 0.225472, 0.285112)

Position: (-1.05096, -1.30487, 0.563741)
Size: (0.206148, 0.266439, 0.0925838)

Position: (1.28049, -0.697476, 0.00915404)
Size: (0.0211545, 0.169226, 0.296549)

Position: (0.829762, -1.0134, -1.13219)
Size: (0.151028, 0.292778, 0.161427)

Position: (1.46572, 0.552898, -0.666162)
Size: (0.173898, 0.178867, 0.0612875)

Position: (-1.33064, 1.03995, 1.373)
Size: (0.0747234, 0.297445, 0.0557342)

Position: (-0.845547, -0.688554, -1.19188)
Size: (0.128601, 0.179504, 0.152018)

