Position: (0.423081, -0.600946, 1.1137)
Size: (0.284019, 0.285991, 0.205722)

Position: (-0.136012, 0.42086, -1.49549)
Size: (0.260653, 0.145726, 0.285215)

Position: (-0.155429, 0.112517, -0.867289)
Size: (0.0953816, 0.121033, 0.143848)

Position: (-0.50121, 0.648805, -0.325937)
Size: (0.0232292, 0.133419, 0.174701)

Position: (-0.324789, -1.47877, 0.0171729)
Size: (0.025514, 0.153986, 0.0417944)

Position: (-1.27865, -0.380116, -0.74177)
Size: (0.176428, 0.21976, 0.296863)

Position: (-0.743613, 0.274052, -1.20544)
Size: (0.201205, 0.182223, 0.08268)

Position: (1.12049, -1.0041, -1.1203)
Size: (0.211397, 0.179487, 0.106564)

Position: (-0.165643, 0.412605, -0.932703)
Size: (0.0240922, 0.165241, 0.0170531)

Position: (0.662459, -0.359604, -1.11204)
Size: (0.228391, 0.140897, 0.047084)

Position: (-0.445994, 0.0963489, 1.32517)
Size: (0.0223446, 0.287664, 0.0361099)

Position: (1.18797, -0.307964, -1.06269)
Size: (0.150269, 0.0805888, 0.0854345)

Position: (0.335043, 0.157396, -0.104728)
Size: (0.274, 0.060952, 0.16445)

Position: (-0.442335, 1.37311, -0.348388)
Size: (0.179477, 0.0741751, 0.0874875)

Position: (1.1267, 1.22008, -1.02038)
Size: (0.0167578, 0.126828, 0.149644)

Position: (-0.445615, 0.512988, 0.320418)
Size: (0.0132973, 0.296447, 0.0957494)

Position: (1.22764, 0.506711, -0.467892)
Size: (0.0674477, 0.18906, 0.177277)

Position: (0.362468, 0.439685, -0.436449)
Size: (0.173141, 0.258994, 0.0932492)

Position: (0.954997, 1.40006, 0.748413)
Size: (0.144252, 0.00532272, 0.27674)

Position: (-1.30873, 1.3383, -1.26106)
Size: (0.0749631, 0.16041, 0.014601)

Position: (-0.899055, -0.483838, -1.33194)
Size: (0.150513, 0.176232, 0.11077)

Position: (1.41058, -0.833902, -0.270497)
Size: (0.29103, 0.157188, 0.16461)

Position: (1.08753, -0.0418942, -0.375155)
Size: (0.215038, 0.0210396, 0.0592836)

Position: (0.867727, 0.883088, 0.582301)
Size: (0.25477, 0.182305, 0.114694)

Position: (-0.396603, 0.928972, -0.789982)
Size: (0.102289, 0.23439, 0.147448)

Position: (0.904931, -1.1087, -1.12168)
Size: (0.178239, 0.13032, 0.186373)

Position: (1.32417, 1.01661, -0.424554)
Size: (0.00941417, 0.142685, 0.09238)

Position: (0.944509, 1.08216, 0.282999)
Size: (0.186551, 0.133433, 0.117896)

Position: (-0.427449, -0.753964, -1.22628)
Size: (0.0145374, 0.20815, 0.0356334)

Position: (1.06149, 0.905312, 0.144299)
Size: (0.000367484, 0.219691, 0.125076)

Position: (0.780495, -0.414371, 1.01371)
Size: (0.218883, 0.182613, 0.267769)

Position: (0.30687, -0.0553079, -0.354737)
Size: (0.0366118, 0.0464941, 0.252134)

Position: (0.258465, 0.498116, -0.200463)
Size: (0.126599, 0.178792, 0.0335152)

Position: (-1.2818, -0.176373, 0.152657)
Size: (0.294057, 0.112794, 0.210816)

Position: (0.805214, -0.599097, 1.30778)
Size: (0.197613, 0.0887173, 0.131706)

Position: (0.0417972, 1.12413, 0.537457)
Size: (0.0922359, 0.293195, 0.110457)

Position: (0.481933, 1.42975, -0.389731)
Size: (0.0568078, 0.268161, 0.0688112)

Position: (-1.42171, -0.263916, -1.41821)
Size: (0.10712, 0.136464, 0.166344)

Position: (0.0450615, -0.479178, -0.576924)
Size: (0.288989, 0.0760404, 0.234852)

Position: (-1.15031, 1.03903, -1.38238)
Size: (0.0723572, 0.10724, 0.203749)

Position: (-0.567315, -1.38259, -1.06515)
Size: (0.0417899, 0.019673, 0.290379)

Position: (1.03937, -1.14152, 0.177054)
Size: (0.132321, 0.146733, 0.16648)

Position: (0.631629, -1.47234, -1.26372)
Size: (0.179986, 0.209395, 0.157818)

Position: (-1.21503, 0.0132241, 1.45662)
Size: (0.138668, 0.204236, 0.1672)

Position: (-1.20949, -0.268574, -1.13281)
Size: (0.0630874, 0.0653493, 0.112013)

Position: (0.918981, 1.34278, -0.239999)
Size: (0.280967, 0.160753, 0.123451)

Position: (-0.526496, 0.0731593, -0.132994)
Size: (0.0734112, 0.252623, 0.0182869)

Position: (0.742526, 0.834955, 1.47874)
Size: (0.246373, 0.170687, 0.231927)

