Position: (-0.143613, -0.00414098, 0.913807)
Size: (0.158014, 0.162861, 0.28336)

Position: (0.833, 0.039496, -0.757479)
Size: (0.0247266, 0.233668, 0.186766)

Position: (-1.01409, -0.442606, 0.78766)
Size: (0.187107, 0.0795431, 0.223661)

Position: (1.13979, 0.765168, -0.34107)
Size: (0.271629, 0.076197, 0.153538)

Position: (1.31684, -0.851211, -0.595138)
Size: (0.166329, 0.201186, 0.20003)

Position: (1.27927, -0.309353, -0.923411)
Size: (0.139835, 0.270186, 0.043093)

Position: (-0.243352, 1.42627, 1.16022)
Size: (0.22099, 0.0253638, 0.18944)

Position: (-0.206545, 0.58956, 0.138976)
Size: (0.254219, 0.128048, 0.29846)

Position: (-0.110224, 1.14192, -1.43854)
Size: (0.0409979, 0.216268, 0.120598)

Position: (-1.40823, -0.364721, 0.23251)
Size: (0.142778, 0.0194559, 0.0276627)

Position: (0.819222, -0.138125, 0.862617)
Size: (0.126163, 0.265963, 0.16067)

Position: (0.012219, -0.944839, -1.3622)
Size: (0.143845, 0.0473471, 0.248177)

Position: (-1.29664, -1.31874, 0.00678295)
Size: (0.0594411, 0.290879, 0.175934)

Position: (-0.334059, -1.49094, 1.20903)
Size: (0.186869, 0.0429101, 0.237727)

Position: (-0.891386, -0.665933, 0.258575)
Size: (0.224434, 0.0804729, 0.0848865)

Position: (1.44262, 1.33844, 0.936101)
Size: (0.141526, 0.298858, 0.00713228)

Position: (-1.49716, -1.02359, 0.705052)
Size: (0.142562, 0.144361, 0.24841)

Position: (1.2874, -0.743568, 0.587553)
Size: (0.20644, 0.195377, 0.0127947)

Position: (0.689047, -1.09703, -0.420126)
Size: (0.213518, 0.0327962, 0.050447)

Position: (1.3017, 0.486791, 1.12034)
Size: (0.152032, 0.00744945, 0.295152)

Position: (0.586137, -0.384331, -0.923189)
Size: (0.209206, 0.0540142, 0.0621576)

Position: (-0.567607, -0.315993, -1.05125)
Size: (0.191839, 0.21492, 0.0558943)

Position: (1.15499, -0.612835, 0.0697614)
Size: (0.180006, 0.144407, 0.120444)

Position: (-0.718428, 0.643096, 1.21126)
Size: (0.176982, 0.108229, 0.0749205)

Position: (0.957397, -1.14914, -0.173175)
Size: (0.101989, 0.0209628, 0.244642)

Position: (-0.496772, -0.253499, -0.789424)
Size: (0.162637, 0.105502, 0.0671905)

Position: (0.106741, 0.201898, -0.0233765)
Size: (0.0317511, 0.272047, 0.213274)

Position: (0.634788, 0.738419, 0.255897)
Size: (0.284321, 0.224194, 0.287133)

Position: (-0.283704, -0.245637, 0.84799)
Size: (0.00392409, 0.193741, 0.231658)

Position: (0.678904, -0.20131, 0.698632)
Size: (0.262487, 0.194317, 0.159946)

Position: (-0.0933608, -0.43478, -0.859858)
Size: (0.275669, 0.236128, 0.239742)

Position: (0.637991, -0.165775, 0.490861)
Size: (0.266179, 0.239381, 0.0511786)

Position: (-0.0125683, -0.534824, 1.22819)
Size: (0.28801, 0.237429, 0.210383)

Position: (-0.552501, -0.551318, 0.00256976)
Size: (0.0711487, 0.00203347, 0.289327)

Position: (1.10502, 1.35152, 1.31284)
Size: (0.0796217, 0.019734, 0.203504)

Position: (0.150585, 0.684197, -0.270508)
Size: (0.116206, 0.0461955, 0.269938)

Position: (-1.07766, -0.347486, 0.0842582)
Size: (0.133665, 0.214706, 0.202676)

Position: (0.294068, -0.438692, 0.483432)
Size: (0.17442, 0.299506, 0.0711909)

Position: (-1.32156, 1.05834, 0.27467)
Size: (0.29422, 0.203243, 0.0368971)

Position: (1.48278, -0.187386, -0.618086)
Size: (0.267205, 0.0956528, 0.243571)

Position: (0.463631, -1.0382, 0.922896)
Size: (0.0912873, 0.0220944, 0.282827)

Position: (-1.38727, 0.849725, -0.744248)
Size: (0.269192, 0.181877, 0.0376242)

Position: (0.780136, 0.911222, -0.0157369)
Size: (0.147688, 0.295484, 0.106047)

Position: (-0.547723, -1.18111, 0.342365)
Size: (0.133811, 0.0388873, 0.0829311)

Position: (-0.699258, -0.751435, -1.18565)
Size: (0.102211, 0.0259739, 0.156201)

Position: (-1.34912, 1.23143, -0.745013)
Size: (0.294827, 0.113869, 0.0853013)

Position: (0.773648, -0.639176, -0.415933)
Size: (0.0667977, 0.168894, 0.15025)

Position: (-0.413787, 0.962204, -0.0741002)
Size: (0.034201, 0.105516, 0.0396274)

