Position: (-1.39439, 1.47834, -1.48314)
Size: (0.0694151, 0.233074, 0.169835)

Position: (0.087018, -0.864672, 1.41184)
Size: (0.0836436, 0.291287, 0.0776968)

Position: (0.402695, 1.42559, 0.933393)
Size: (0.290148, 0.201888, 0.0205725)

Position: (1.46469, -1.08193, -0.0416889)
Size: (0.0111487, 0.130471, 0.180251)

Position: (0.491496, -0.323202, 0.552173)
Size: (0.0828149, 0.0590703, 0.217234)

Position: (-0.659656, -0.385147, -1.45181)
Size: (0.0303014, 0.259383, 0.111266)

Position: (0.458192, -0.132272, -0.15089)
Size: (0.120734, 0.10637, 0.122315)

Position: (-0.995727, -0.12092, -0.826082)
Size: (0.275925, 0.186416, 0.089964)

Position: (1.16747, 1.45392, -0.220876)
Size: (0.26557, 0.0421527, 0.153304)

Position: (0.917558, 0.27702, -0.135338)
Size: (0.221452, 0.215243, 0.258579)

Position: (-0.320005, -0.722403, 1.43519)
Size: (0.0735821, 0.237192, 0.0879287)

Position: (-0.233576, -0.607123, 1.46497)
Size: (0.0851271, 0.148872, 0.0304031)

Position: (-0.155409, 0.375324, -0.643342)
Size: (0.061402, 0.120935, 0.0684877)

Position: (-0.00507272, -0.46473, 0.496509)
Size: (0.234773, 0.194004, 0.266132)

Position: (0.848001, -0.974089, -0.0126905)
Size: (0.198807, 0.0673716, 0.204597)

Position: (0.300921, -0.424184, 1.32993)
Size: (0.124914, 0.138608, 0.0229121)

Position: (0.892465, -0.20761, 0.0229562)
Size: (0.206525, 0.019888, 0.0853939)

Position: (0.160489, 0.911462, -0.508639)
Size: (0.173181, 0.00870304, 0.168896)

Position: (1.35157, 1.20234, -1.23769)
Size: (0.0942669, 0.187872, 0.24163)

Position: (-0.292734, -0.938717, 1.36996)
Size: (0.266505, 0.271817, 0.226625)

Position: (0.157861, -0.995922, -1.01849)
Size: (0.0515155, 0.0071553, 0.225834)

Position: (-1.32386, -1.15196, 1.4461)
Size: (0.253652, 0.100363, 0.185335)

Position: (-0.573015, 0.788215, 0.260867)
Size: (0.21283, 0.193279, 0.283779)

Position: (0.165507, -0.920312, -0.570951)
Size: (0.230002, 0.141263, 0.029296)

Position: (1.17388, -0.214003, 0.657272)
Size: (0.0861764, 0.230079, 0.263554)

Position: (0.129794, 1.41592, -0.163949)
Size: (0.0903677, 0.232671, 0.154269)

Position: (-1.29859, 1.32608, 0.762576)
Size: (0.262525, 0.246452, 0.176499)

Position: (-0.33379, 0.952899, -0.719976)
Size: (0.258951, 0.0961627, 0.0369494)

Position: (-1.30218, -0.132485, 0.073367)
Size: (0.188319, 0.286469, 0.0487006)

Position: (1.17976, -1.43767, 0.2713)
Size: (0.209559, 0.0310799, 0.0630911)

Position: (1.11483, -1.03586, 0.965191)
Size: (0.143211, 0.299242, 0.228994)

Position: (-0.0462217, -1.1954, 0.216354)
Size: (0.205993, 0.151155, 0.108541)

Position: (0.398547, 1.04134, 0.0185122)
Size: (0.184053, 0.0294667, 0.273231)

Position: (0.319547, 0.716209, -1.13833)
Size: (0.0469775, 0.229659, 0.19818)

Position: (-1.39616, 0.479893, 0.196879)
Size: (0.090046, 0.212452, 0.213755)

Position: (-0.375378, 0.530847, 1.01624)
Size: (0.188866, 0.216926, 0.1755)

Position: (-0.0273033, 0.323759, 1.39358)
Size: (0.227745, 0.255542, 0.113383)

Position: (-0.0593915, 0.268062, -0.80051)
Size: (0.0319718, 0.0625152, 0.117753)

Position: (-0.107985, -0.534468, -1.41739)
Size: (0.161856, 0.265277, 0.0306863)

Position: (-1.4158, 1.05445, -0.0895117)
Size: (0.229486, 0.160442, 0.00715458)

Position: (-0.698633, -1.22741, -0.738605)
Size: (0.146833, 0.0677664, 0.226974)

Position: (1.4223, -0.128767, -0.415476)
Size: (0.239769, 0.057746, 0.229213)

Position: (-0.874841, -0.195949, 0.759135)
Size: (0.0182263, 0.27253, 0.255139)

Position: (0.459179, -1.00565, -0.356678)
Size: (0.201585, 0.249542, 0.171492)

Position: (0.32558, 0.673401, -0.411227)
Size: (0.156711, 0.278041, 0.10999)

Position: (1.31284, -1.44754, 0.376928)
Size: (0.0969274, 0.043115, 0.28013)

Position: (0.506085, -0.767563, 1.34705)
Size: (0.258181, 0.0888098, 0.146883)

Position: (-1.20336, 0.958555, 0.319043)
Size: (0.00715853, 0.151519, 0.197164)

