Position: (-1.04994, -0.673129, -0.155448)
Size: (0.158306, 0.129334, 0.26052)

Position: (-0.487546, 1.10273, -0.0674537)
Size: (0.156455, 0.229379, 0.138027)

Position: (-1.36758, -0.689534, -0.12519)
Size: (0.28344, 0.112655, 0.235045)

Position: (-0.13616, -0.541632, -1.45083)
Size: (0.00597292, 0.0281538, 0.157183)

Position: (-0.20286, 0.723376, 1.35557)
Size: (0.15602, 0.091257, 0.299393)

Position: (1.0838, -0.0781899, -0.270214)
Size: (0.293514, 0.196193, 0.197874)

Position: (-0.550151, 1.47324, -0.437489)
Size: (0.0546894, 0.0500967, 0.0501842)

Position: (0.170721, -0.0221444, 1.0866)
Size: (0.052431, 0.253274, 0.0362375)

Position: (1.36777, 0.828861, -1.24201)
Size: (0.0297076, 0.0992315, 0.0226387)

Position: (0.580469, -0.117869, 1.49872)
Size: (0.140912, 0.296334, 0.205739)

Position: (1.18233, -1.00143, 0.638157)
Size: (0.280578, 0.157292, 0.0992931)

Position: (0.398266, -0.894806, -0.320064)
Size: (0.0484997, 0.0297615, 0.177045)

Position: (0.821324, -0.935944, -0.0146722)
Size: (0.00844512, 0.06736, 0.150443)

Position: (-1.37348, -0.0676185, -1.44495)
Size: (0.249146, 0.141244, 0.0502172)

Position: (0.341974, -0.103384, -1.17422)
Size: (0.136106, 0.00941498, 0.239128)

Position: (1.30408, 1.42241, 0.547949)
Size: (0.224244, 0.24438, 0.13952)

Position: (-0.383791, -0.967049, 0.635226)
Size: (0.206648, 0.0523352, 0.213922)

Position: (0.760765, -0.588126, 1.07737)
Size: (0.11997, 0.116333, 0.287854)

Position: (-1.43394, 1.01674, -1.34363)
Size: (0.0405648, 0.0591597, 0.249384)

Position: (1.40711, -0.286337, -0.465529)
Size: (0.238481, 0.203555, 0.298754)

Position: (-1.16661, 0.00658536, 1.02317)
Size: (0.299898, 0.00252809, 0.208593)

Position: (0.754985, -0.888782, -0.986819)
Size: (0.0217954, 0.0796242, 0.0244899)

Position: (0.239, -1.31647, -1.2507)
Size: (0.215166, 0.291362, 0.0595678)

Position: (-1.33912, 0.0011439, 0.85628)
Size: (0.20532, 0.160888, 0.285664)

Position: (0.0134904, -1.49061, -0.681336)
Size: (0.188791, 0.152947, 0.21119)

Position: (-0.403853, 0.295849, -0.0433335)
Size: (0.24818, 0.147121, 0.00675946)

Position: (-0.447123, 0.662168, -0.393002)
Size: (0.0130203, 0.18133, 0.136818)

Position: (1.41919, 0.673768, 0.165952)
Size: (0.21641, 0.26255, 0.228239)

Position: (1.40569, -0.495318, 1.16395)
Size: (0.0980259, 0.254809, 0.284317)

Position: (-0.78498, 1.44002, -0.978944)
Size: (0.19519, 0.0763271, 0.19644)

Position: (1.03674, 0.981009, 1.0012)
Size: (0.13716, 0.191762, 0.138688)

Position: (0.844501, 1.35429, -0.515606)
Size: (0.0742287, 0.0823271, 0.0861547)

Position: (1.01616, 0.939171, -1.36466)
Size: (0.0474268, 0.0237456, 0.0769113)

Position: (0.0861687, 0.424476, -0.124884)
Size: (0.192966, 0.00891213, 0.0156085)

Position: (-1.02566, 0.696483, 1.05666)
Size: (0.0972088, 0.224713, 0.267994)

Position: (-1.45924, 1.32261, 1.14361)
Size: (0.0786782, 0.0729554, 0.256477)

Position: (-0.615961, 0.505482, 1.38011)
Size: (0.0410078, 0.224954, 0.165352)

Position: (0.451711, -0.579759, 1.44375)
Size: (0.223826, 0.256874, 0.0412545)

Position: (0.137663, -0.10174, -0.405195)
Size: (0.123871, 0.200088, 0.0390191)

Position: (-1.44076, -0.697258, -0.674127)
Size: (0.110025, 0.290144, 0.10136)

Position: (-1.42011, -0.627419, 0.46523)
Size: (0.117914, 0.0571316, 0.156862)

Position: (0.204407, 0.190843, -1.16224)
Size: (0.286131, 0.287072, 0.0532956)

Position: (0.417219, -1.265, -0.152563)
Size: (0.185364, 0.232982, 0.129945)

Position: (-0.0475149, 0.226163, -0.742486)
Size: (0.0739663, 0.120329, 0.18995)

Position: (-1.34401, 0.28888, -1.07209)
Size: (0.183585, 0.259784, 0.0758387)

Position: (-0.452893, -0.706577, 0.986223)
Size: (0.0547193, 0.272277, 0.00911658)

Position: (-0.195015, -0.0536956, 1.46246)
Size: (0.21703, 0.196821, 0.268291)

Position: (0.253292, -0.357756, 1.42394)
Size: (0.0391382, 0.116764, 0.205974)

