Position: (0.546321, -0.937452, 1.38168)
Size: (0.271025, 0.289421, 0.0998132)

Position: (-0.178165, 0.300956, 0.513852)
Size: (0.184566, 0.103686, 0.234784)

Position: (0.898958, -1.19122, -1.25439)
Size: (0.0568055, 0.129368, 0.0550602)

Position: (-1.32556, 0.23358, 0.459118)
Size: (0.188077, 0.237688, 0.293324)

Position: (-1.14377, -0.383521, 0.0139209)
Size: (0.189287, 0.0660155, 0.216544)

Position: (0.0733319, -1.27164, 0.707082)
Size: (0.0759322, 0.107338, 0.100332)

Position: (0.96924, 0.378014, -1.44355)
Size: (0.168052, 0.276806, 0.190656)

Position: (-1.36757, 0.137099, -1.1934)
Size: (0.210432, 0.206699, 0.00933687)

Position: (0.312894, -0.932923, 1.14156)
Size: (0.00194623, 0.190105, 0.207394)

Position: (0.116929, -1.04577, -0.516096)
Size: (0.00543968, 0.19421, 0.144231)

Position: (0.0808826, -0.414882, 0.229501)
Size: (0.0134776, 0.0827421, 0.147606)

Position: (0.438103, -0.418714, -1.38041)
Size: (0.174329, 0.100154, 0.190597)

Position: (0.113489, 0.0305025, 0.930543)
Size: (0.26968, 0.0138729, 0.208493)

Position: (0.873801, -0.936191, 0.0313549)
Size: (0.235985, 0.207616, 0.135265)

Position: (1.24767, 0.772085, -0.645504)
Size: (0.271946, 0.176358, 0.120107)

Position: (-0.451943, -0.110115, -0.476303)
Size: (0.249705, 0.0504997, 0.201868)

Position: (0.131089, 1.47411, -0.66221)
Size: (0.174375, 0.0422272, 0.21003)

Position: (-0.497681, 1.38018, -0.923365)
Size: (0.186584, 0.13121, 0.259679)

Position: (0.0278629, 0.0470871, -0.789395)
Size: (0.160516, 0.296524, 0.20874)

Position: (-0.924983, -1.21105, 1.09033)
Size: (0.132985, 0.0842928, 0.214726)

Position: (-1.05448, -0.0622764, -1.38674)
Size: (0.17512, 0.135373, 0.0360072)

Position: (1.4959, -1.22348, -0.797036)
Size: (0.00789006, 0.00352191, 0.190978)

Position: (-0.453105, 0.218232, -0.603304)
Size: (0.284292, 0.272552, 0.157864)

Position: (-1.13612, 0.0494804, -0.180236)
Size: (0.186914, 0.175485, 0.114535)

Position: (-0.435513, -0.185607, 1.48002)
Size: (0.0698826, 0.100061, 0.198763)

Position: (-0.91009, 1.11311, 1.48743)
Size: (0.188045, 0.0923467, 0.244726)

Position: (-0.105151, -0.10346, -0.916918)
Size: (0.0296947, 0.105744, 0.17064)

Position: (1.20214, -0.338029, 0.290422)
Size: (0.0834136, 0.158527, 0.243543)

Position: (-1.08518, 0.117602, 0.291696)
Size: (0.274719, 0.203901, 0.15276)

Position: (1.24719, 0.574817, -1.42887)
Size: (0.158827, 0.22508, 0.0596506)

Position: (0.670652, -1.03019, -0.409249)
Size: (0.0620139, 0.284756, 0.238698)

Position: (-0.128542, 0.667362, 0.295696)
Size: (0.0061481, 0.217478, 0.256771)

Position: (-0.398192, 1.14111, -1.43924)
Size: (0.26807, 0.216185, 0.24574)

Position: (1.49841, 0.316286, 1.43057)
Size: (0.0149325, 0.049766, 0.248864)

Position: (0.412848, -0.861255, 1.30325)
Size: (0.190677, 0.0876934, 0.170375)

Position: (0.870575, 1.489, 0.723903)
Size: (0.269372, 0.207523, 0.0145629)

Position: (1.49208, -0.505328, -0.907344)
Size: (0.287145, 0.163802, 0.0531116)

Position: (0.275217, 0.220215, -0.760131)
Size: (0.0377298, 0.0568229, 0.0888123)

Position: (-1.22616, 1.35683, 1.41855)
Size: (0.1027, 0.172899, 0.201075)

Position: (-0.60964, 0.693199, 0.266228)
Size: (0.237581, 0.223966, 0.0643773)

Position: (-0.862446, 0.273218, 0.943304)
Size: (0.000362937, 0.0907466, 0.135431)

Position: (1.13451, 0.734998, -0.00449709)
Size: (0.0168786, 0.09407, 0.0636556)

Position: (-0.461217, -0.751165, 0.940935)
Size: (0.244624, 0.0063613, 0.133319)

Position: (0.405759, -1.45667, 0.776305)
Size: (0.288863, 0.0604837, 0.126152)

Position: (-0.524755, 0.858745, 0.596564)
Size: (0.126033, 0.265033, 0.0818015)

Position: (-0.132069, 0.181386, -0.107841)
Size: (0.0557125, 0.196847, 0.159803)

Position: (0.898761, 1.04719, 0.97106)
Size: (0.0414254, 0.0690431, 0.0133663)

Position: (-1.44828, 0.28388, 0.46508)
Size: (0.296527, 0.136256, 0.29796)

