Position: (-0.466367, -1.28595, 0.460486)
Size: (0.129367, 0.0789352, 0.0219392)

Position: (-0.218876, 0.52756, -1.18495)
Size: (0.219229, 0.0203368, 0.153514)

Position: (0.170483, -1.30655, -1.40235)
Size: (0.244015, 0.294181, 0.0972646)

Position: (-1.39722, -1.07627, 0.713458)
Size: (0.0925193, 0.273641, 0.187075)

Position: (1.09067, -0.843639, 1.21618)
Size: (0.244405, 0.158356, 0.227219)

Position: (0.291066, -0.787281, -0.935694)
Size: (0.0802273, 0.272208, 0.0137235)

Position: (-0.638896, 0.872043, 1.33529)
Size: (0.140272, 0.190917, 0.242057)

Position: (1.38958, 1.26991, -0.00856356)
Size: (0.145994, 0.282243, 0.130906)

Position: (1.31179, -1.02512, 0.501488)
Size: (0.230944, 0.176648, 0.00892956)

Position: (0.383616, 1.0175, -1.4281)
Size: (0.24482, 0.298708, 0.241781)

Position: (0.978513, -0.49863, -0.391776)
Size: (0.282759, 0.126564, 0.0864636)

Position: (-0.779398, -0.536985, 1.35771)
Size: (0.263485, 0.195054, 0.057631)

Position: (0.450106, -0.65952, 0.105169)
Size: (0.111886, 0.0906888, 0.14246)

Position: (-0.790079, 0.804068, 1.14756)
Size: (0.164791, 0.298286, 0.148737)

Position: (1.3014, 0.439065, -0.216591)
Size: (0.139151, 0.241469, 0.258511)

Position: (-1.08056, -0.0345489, -0.683446)
Size: (0.140249, 0.207871, 0.200601)

Position: (-0.371031, -1.30844, -0.932656)
Size: (0.265356, 0.0409215, 0.297414)

Position: (0.861374, 1.11174, 0.336086)
Size: (0.130985, 0.0916641, 0.0243784)

Position: (-1.00483, 0.97554, -0.260989)
Size: (0.263531, 0.16829, 0.233029)

Position: (-1.11655, -0.545874, -1.21757)
Size: (0.22402, 0.123258, 0.128606)

Position: (-0.886088, -1.02802, 0.384138)
Size: (0.247639, 0.280548, 0.232841)

Position: (-1.37756, -0.884098, 0.127567)
Size: (0.257998, 0.0947341, 0.267776)

Position: (0.847042, 0.508082, -1.42358)
Size: (0.212964, 0.212357, 0.289083)

Position: (1.34351, -0.0702824, 0.404231)
Size: (0.0266168, 0.0889376, 0.24741)

Position: (-0.933702, -0.588011, 0.884953)
Size: (0.0855908, 0.225627, 0.195304)

Position: (-0.926975, 0.466398, 1.19844)
Size: (0.0487302, 0.145174, 0.12028)

Position: (-0.0785552, 1.22199, -1.07607)
Size: (0.142831, 0.0568561, 0.160246)

Position: (-0.0478405, 1.16327, 1.30351)
Size: (0.00612799, 0.0162205, 0.153463)

Position: (-0.519338, -0.498119, -0.893805)
Size: (0.078257, 0.276825, 0.229218)

Position: (-0.102336, 1.0187, -0.424193)
Size: (0.233395, 0.229026, 0.0173843)

Position: (0.686773, -0.359202, 0.97655)
Size: (0.188606, 0.113792, 0.186588)

Position: (0.494997, -1.43719, -1.21757)
Size: (0.0574146, 0.118992, 0.285672)

Position: (0.238003, 0.0636, -0.732446)
Size: (0.217006, 0.0654034, 0.245075)

Position: (0.992696, 0.0401324, 1.21575)
Size: (0.186681, 0.00508891, 0.209169)

Position: (1.32684, 1.41364, -1.24456)
Size: (0.122425, 0.0361739, 0.288952)

Position: (-1.11606, 1.24101, 0.654557)
Size: (0.234129, 0.24702, 0.0185509)

Position: (-0.114503, 0.498223, 0.449347)
Size: (0.207874, 0.221452, 0.218511)

Position: (1.2307, -1.42982, 1.41373)
Size: (0.277371, 0.0511558, 0.17004)

Position: (-0.90024, 0.90448, -1.07813)
Size: (0.0559237, 0.209815, 0.236925)

Position: (1.20511, 0.339074, -0.482648)
Size: (0.242296, 0.18311, 0.161455)

Position: (1.08122, -0.21238, 0.318915)
Size: (0.294234, 0.274873, 0.190377)

Position: (1.11816, 1.00985, -0.656522)
Size: (0.0268926, 0.25668, 0.203933)

Position: (0.0265287, -0.727073, -0.645044)
Size: (0.282605, 0.228943, 0.041321)

Position: (0.70676, 0.259735, -0.678588)
Size: (0.145154, 0.0613491, 0.171601)

Position: (-0.831491, -0.572401, -1.43445)
Size: (0.132708, 0.0422668, 0.14584)

Position: (-0.495856, -0.5627, -0.479112)
Size: (0.228215, 0.211899, 0.291229)

Position: (-1.20089, -0.473448, -1.21762)
Size: (0.211022, 0.218036, 0.171204)

Position: (-0.350818, 0.455305, -0.577175)
Size: (0.108748, 0.189979, 0.213334)

