Position: (-0.310186, -0.494551, -0.340917)
Size: (0.239404, 0.00837997, 0.146178)

Position: (0.196609, -0.622523, 0.0486631)
Size: (0.00803113, 0.116337, 0.0862387)

Position: (0.065228, 0.448088, 0.0356882)
Size: (0.194623, 0.159554, 0.0827731)

Position: (-1.13048, 1.4748, 1.46319)
Size: (0.277845, 0.0131758, 0.236755)

Position: (-1.41301, -0.337792, -0.156116)
Size: (0.0655862, 0.171037, 0.0945253)

Position: (1.44175, 0.497687, -0.54382)
Size: (0.0327313, 0.0288385, 0.175959)

Position: (-0.157962, -1.03313, 1.15695)
Size: (0.0115246, 0.298325, 0.171136)

Position: (-0.600104, 0.910956, -1.19338)
Size: (0.297772, 0.0235451, 0.206664)

Position: (1.12741, -0.243986, 0.352248)
Size: (0.0681879, 0.207976, 0.0869872)

Position: (0.680073, 0.882461, -1.21977)
Size: (0.130728, 0.282019, 0.123887)

Position: (1.39889, -0.564775, 0.843643)
Size: (0.15343, 0.0594138, 0.271445)

Position: (0.993291, 0.67037, 0.0807353)
Size: (0.243488, 0.0135603, 0.095383)

Position: (-0.882355, -0.496283, 0.619971)
Size: (0.293496, 0.202461, 0.17917)

Position: (1.17388, -1.39814, -0.634365)
Size: (0.252326, 0.263042, 0.1891)

Position: (-1.20757, 0.311709, -1.18091)
Size: (0.297547, 0.216309, 0.107048)

Position: (1.3621, -1.4878, 0.484753)
Size: (0.279682, 0.296116, 0.0344345)

Position: (0.0222519, -1.06851, 0.326419)
Size: (0.0976296, 0.108589, 0.28033)

Position: (0.9001, -0.0483405, 1.36137)
Size: (0.257738, 0.024396, 0.00756974)

Position: (-0.929212, -1.30747, 0.249173)
Size: (0.150795, 0.101692, 0.0114446)

Position: (0.0372755, 1.14001, 0.608267)
Size: (0.247697, 0.271217, 0.14391)

Position: (0.712168, 1.25738, -0.473159)
Size: (0.116033, 0.0427247, 0.0291289)

Position: (-1.32163, 1.0167, -0.627672)
Size: (0.220136, 0.127911, 0.212823)

Position: (1.09925, -0.424842, 0.104685)
Size: (0.0856501, 0.10769, 0.0296305)

Position: (-0.351168, -0.650429, 0.998509)
Size: (0.210652, 0.00261382, 0.106038)

Position: (0.237632, 0.983117, 1.20723)
Size: (0.229764, 0.299127, 0.170843)

Position: (0.0483741, -0.107393, 0.525233)
Size: (0.0755223, 0.150353, 0.193267)

Position: (0.308752, -1.36432, -1.27193)
Size: (0.0508328, 0.0341079, 0.256535)

Position: (-0.342951, 0.868844, 0.639973)
Size: (0.250797, 0.112986, 0.180885)

Position: (0.162491, -0.327299, -0.714643)
Size: (0.0521652, 0.293284, 0.016743)

Position: (0.450384, -0.781556, 0.686028)
Size: (0.0870533, 0.125841, 0.173783)

Position: (-0.807773, 1.43398, 0.185879)
Size: (0.297965, 0.0641185, 0.267002)

Position: (1.16688, -0.654082, 0.139946)
Size: (0.170351, 0.226346, 0.105086)

Position: (-1.05034, 0.329031, -0.686179)
Size: (0.0427444, 0.0262034, 0.23316)

Position: (-0.751076, 1.14765, -0.628371)
Size: (0.234555, 0.0555558, 0.0704708)

Position: (-0.694901, -0.14406, 0.953626)
Size: (0.251579, 0.0582972, 0.0959413)

Position: (-0.538532, -1.48726, 1.42809)
Size: (0.201539, 0.249602, 0.000905595)

Position: (0.658804, -1.00519, -1.10729)
Size: (0.195112, 0.256952, 0.256085)

Position: (1.26191, -0.851056, -0.32301)
Size: (0.105665, 0.220931, 0.178783)

Position: (-0.214032, 1.41571, -0.715638)
Size: (0.169851, 0.195413, 0.176151)

Position: (0.190055, -0.63301, 0.836148)
Size: (0.204854, 0.224157, 0.0751805)

Position: (-0.234531, 0.660365, 1.1246)
Size: (0.164939, 0.0322383, 0.28084)

Position: (0.977797, -0.681044, -0.140991)
Size: (0.0427286, 0.0802818, 0.0284044)

Position: (-0.734903, -0.819679, -1.46675)
Size: (0.246842, 0.298171, 0.111899)

Position: (-1.49715, -1.25662, 1.4666)
Size: (0.296964, 0.245096, 0.0330037)

Position: (0.0606294, 0.884465, 0.948107)
Size: (0.099577, 0.261659, 0.13205)

Position: (1.35874, -1.44624, 1.10599)
Size: (0.10079, 0.0894144, 0.061258)

Position: (0.334497, 0.37777, -1.43363)
Size: (0.0698297, 0.0312144, 0.100216)

Position: (-0.654274, 0.734703, -0.415874)
Size: (0.0188658, 0.0759512, 0.0185846)

