Position: (-0.281017, -1.296, -0.138212)
Size: (0.0825878, 0.217487, 0.0592166)

Position: (0.00560945, -0.180704, -1.05913)
Size: (0.176164, 0.00236411, 0.224256)

Position: (-0.82797, 0.533828, 1.32737)
Size: (0.142671, 0.0645997, 0.0208293)

Position: (-1.18944, -0.0734437, -0.356026)
Size: (0.179831, 0.0141333, 0.295024)

Position: (0.862938, -0.752065, 0.824462)
Size: (0.26326, 0.212823, 0.156102)

Position: (1.06564, 0.820734, 0.588847)
Size: (0.0587692, 0.194704, 0.262054)

Position: (0.0738467, 0.897612, 0.408431)
Size: (0.0668236, 0.265758, 0.23613)

Position: (-0.173108, 1.17211, 1.30121)
Size: (0.00740869, 0.29386, 0.206619)

Position: (-1.47274, -0.0916311, 0.314943)
Size: (0.261908, 0.144489, 0.19956)

Position: (0.599927, -0.150522, -1.41312)
Size: (0.0675371, 0.264741, 0.265678)

Position: (0.233866, -1.12435, -0.906105)
Size: (0.286168, 0.00586132, 0.186216)

Position: (1.07977, 1.49863, -0.387968)
Size: (0.0376675, 0.235782, 0.233072)

Position: (-0.446104, -1.4387, -0.245652)
Size: (0.266892, 0.225031, 0.162474)

Position: (-1.2438, 0.350249, 0.864026)
Size: (0.220515, 0.0550414, 0.0850841)

Position: (-1.34909, 0.114197, -0.255117)
Size: (0.128079, 0.188121, 0.183103)

Position: (-0.691717, -0.119596, -0.243472)
Size: (0.117383, 0.147221, 0.101143)

Position: (-0.651864, -0.202082, -0.830878)
Size: (0.106302, 0.224036, 0.289542)

Position: (-1.4128, 0.743493, 0.873751)
Size: (0.138988, 0.0947617, 0.0774797)

Position: (-0.946841, -0.571204, -0.158053)
Size: (0.023079, 0.121273, 0.000120464)

Position: (0.119901, -0.32771, -0.02981)
Size: (0.229636, 0.155511, 0.138446)

Position: (-0.593364, 0.696796, -1.13576)
Size: (0.260226, 0.0288195, 0.27008)

Position: (-0.0252345, -0.592016, -0.629567)
Size: (0.109146, 0.025778, 0.0714588)

Position: (0.698616, 0.509943, 0.950881)
Size: (0.00173392, 0.296711, 0.00834442)

Position: (0.489299, -1.44044, 0.831001)
Size: (0.207296, 0.251005, 0.28582)

Position: (-0.525169, -1.347, -1.14168)
Size: (0.193773, 0.0634125, 0.0613238)

Position: (1.04771, 0.730357, -0.31416)
Size: (0.0641076, 0.00532007, 0.0713403)

Position: (-0.982912, 0.0223266, -0.175147)
Size: (0.124395, 0.0812244, 0.10166)

Position: (0.38694, 0.847001, -0.319758)
Size: (0.227594, 0.299242, 0.233124)

Position: (0.841555, 1.05134, -1.32811)
Size: (0.0214907, 0.244913, 0.143435)

Position: (-1.2053, -0.832226, 0.0611015)
Size: (0.249974, 0.270136, 0.289104)

Position: (-0.536952, -1.00489, -0.00766833)
Size: (0.0539204, 0.151263, 0.219193)

Position: (0.671678, -0.625617, -1.4675)
Size: (0.243858, 0.0544066, 0.109919)

Position: (-0.186595, 0.724533, 1.22678)
Size: (0.197657, 0.270637, 0.217179)

Position: (-0.255986, -1.45066, -0.932855)
Size: (0.257793, 0.0595589, 0.19344)

Position: (0.218916, -0.0502633, 1.22707)
Size: (0.18758, 0.0896573, 0.0116522)

Position: (-0.999059, -0.346735, -0.984525)
Size: (0.237935, 0.293159, 0.170279)

Position: (0.23059, -0.66396, -0.937014)
Size: (0.0627612, 0.0153032, 0.261556)

Position: (-0.0407304, 0.911767, 0.26793)
Size: (0.0161616, 0.0536574, 0.0603426)

Position: (-0.313108, 0.17525, 0.0166588)
Size: (0.121523, 0.132845, 0.248783)

Position: (0.258839, 1.11088, -0.563384)
Size: (0.2187, 0.122844, 0.279442)

Position: (0.61214, 1.34869, -0.515365)
Size: (0.244707, 0.222934, 0.280867)

Position: (0.422261, -0.357759, 1.21857)
Size: (0.0299107, 0.121671, 0.213448)

Position: (0.47643, -1.23732, 0.888356)
Size: (0.185495, 0.0574426, 0.226958)

Position: (-1.42944, -1.33886, 0.763619)
Size: (0.20886, 0.204506, 0.24163)

Position: (-1.37441, -1.33747, -0.785527)
Size: (0.0152815, 0.0215364, 0.198674)

Position: (-0.969433, 1.0547, -1.07602)
Size: (0.106117, 0.236205, 0.188235)

Position: (0.415599, -0.100736, 1.14394)
Size: (0.0543838, 0.168697, 0.175652)

Position: (0.243852, 1.45323, -0.33886)
Size: (0.0852561, 0.0824331, 0.0355163)

