Position: (-1.00836, 0.0056333, 0.715914)
Size: (0.18218, 0.194923, 0.220875)

Position: (0.838811, 0.157204, 1.21881)
Size: (0.0743426, 0.189784, 0.209112)

Position: (0.0752689, -0.505681, 0.728332)
Size: (0.115204, 0.136858, 0.293484)

Position: (1.30359, 0.627712, -1.24464)
Size: (0.225835, 0.278956, 0.0798182)

Position: (1.1828, -1.13205, -0.27271)
Size: (0.213838, 0.0757299, 0.196392)

Position: (0.0726102, 1.20727, 0.344342)
Size: (0.181203, 0.106346, 0.00485425)

Position: (-0.171932, 0.379952, -0.780605)
Size: (0.223718, 0.0612856, 0.154781)

Position: (0.917324, -0.972779, -0.134736)
Size: (0.0288521, 0.0891585, 0.131933)

Position: (-0.610861, 1.43126, -0.89259)
Size: (0.209286, 0.173726, 0.0879848)

Position: (0.169495, -1.14087, -0.60018)
Size: (0.214423, 0.0254295, 0.0369867)

Position: (1.45409, -0.0834543, 1.1398)
Size: (0.0178775, 0.199482, 0.164064)

Position: (0.582085, -0.34808, -1.06668)
Size: (0.117851, 0.294383, 0.124001)

Position: (-1.4751, 0.209328, 0.341493)
Size: (0.202886, 0.212394, 0.195363)

Position: (-0.0162025, -0.551486, -0.435337)
Size: (0.0884367, 0.0544903, 0.0967042)

Position: (0.0285975, 0.230656, 1.12208)
Size: (0.163654, 0.173105, 0.0351907)

Position: (0.941359, -0.290445, 0.420817)
Size: (0.262521, 0.299315, 0.197417)

Position: (0.956772, -0.964414, 0.124631)
Size: (0.272904, 0.0425188, 0.0375335)

Position: (-0.63836, 0.541591, 0.748423)
Size: (0.0265437, 0.15198, 0.134768)

Position: (-1.49445, 0.380574, 0.605415)
Size: (0.28859, 0.203008, 0.229954)

Position: (1.43501, 1.08118, 1.188)
Size: (0.127361, 0.211367, 0.18658)

Position: (-0.804756, -0.824923, 0.882507)
Size: (0.235499, 0.00447523, 0.184632)

Position: (1.12769, -0.133563, -0.338362)
Size: (0.248955, 0.0141847, 0.245662)

Position: (0.945077, 1.01224, -0.987146)
Size: (0.1374, 0.243919, 0.0426628)

Position: (-0.0607922, -0.47156, -1.18886)
Size: (0.018737, 0.0267399, 0.0345812)

Position: (0.141754, 0.0166389, -1.15455)
Size: (0.0481619, 0.112708, 0.201351)

Position: (0.237943, -0.702617, 0.849415)
Size: (0.27048, 0.211829, 0.144706)

Position: (-1.27212, -0.0254526, -1.36757)
Size: (0.10935, 0.025417, 0.231083)

Position: (0.241766, -0.198429, -1.0856)
Size: (0.161562, 0.231144, 0.272093)

Position: (-0.388376, 0.744056, 0.936566)
Size: (0.297568, 0.17176, 0.28677)

Position: (-0.55249, -0.757744, -0.119728)
Size: (0.0016602, 0.123116, 0.00541499)

Position: (-0.0268873, -0.123798, 1.22767)
Size: (0.26401, 0.0457605, 0.263137)

Position: (0.424146, 0.7914, 1.13891)
Size: (0.278886, 0.185618, 0.283462)

Position: (-0.768696, 0.231872, 0.144019)
Size: (0.0481512, 0.112642, 0.228943)

Position: (0.0350928, 0.282337, -0.791992)
Size: (0.270157, 0.107878, 0.068417)

Position: (-1.20266, 1.06235, -0.0615475)
Size: (0.247044, 0.124579, 0.0985057)

Position: (0.0325293, -0.722676, 0.765632)
Size: (0.232665, 0.113083, 0.0130558)

Position: (-0.822431, 1.43414, -0.729293)
Size: (0.258958, 0.234694, 0.0512987)

Position: (1.27961, 0.431171, 1.3478)
Size: (0.229774, 0.225101, 0.097334)

Position: (-0.143128, -0.849257, -0.275272)
Size: (0.145573, 0.185677, 0.0818205)

Position: (-0.9444, -0.219464, -0.92116)
Size: (0.273217, 0.0807897, 0.0417955)

Position: (-0.569121, 0.671781, -0.313574)
Size: (0.144082, 0.0781286, 0.073972)

Position: (1.28933, -1.46692, -1.00235)
Size: (0.128042, 0.0137671, 0.12888)

Position: (1.00128, -0.945687, -0.52714)
Size: (0.102886, 0.0307915, 0.257591)

Position: (1.48616, 0.744603, 1.33822)
Size: (0.0871064, 0.268099, 0.20984)

Position: (0.814863, -0.436381, 0.309908)
Size: (0.188559, 0.203057, 0.0766071)

Position: (0.205338, -1.26527, -0.424282)
Size: (0.144743, 0.0452982, 0.287711)

Position: (0.654613, 0.114872, -0.336472)
Size: (0.0174276, 0.184989, 0.0692095)

Position: (-1.3016, -1.24399, 0.53804)
Size: (0.12186, 0.0804386, 0.265436)

