Position: (1.48855, 1.46474, -1.18752)
Size: (0.154198, 0.256377, 0.215001)

Position: (-1.46368, -0.338603, 1.1039)
Size: (0.237018, 0.0805246, 0.202057)

Position: (0.550327, -0.515892, 1.43677)
Size: (0.234238, 0.219023, 0.117965)

Position: (-0.468145, 1.03166, -0.64321)
Size: (0.00480435, 0.299492, 0.0530592)

Position: (0.967462, 1.14658, -0.702315)
Size: (0.223513, 0.176944, 0.0109194)

Position: (-0.48457, 0.730553, -0.178862)
Size: (0.119621, 0.244694, 0.220418)

Position: (0.638958, -0.533645, 0.936461)
Size: (0.175583, 0.0375449, 0.174644)

Position: (0.678202, 0.196304, -0.480804)
Size: (0.169596, 0.0713448, 0.0899884)

Position: (0.657817, -0.398744, 1.37856)
Size: (0.0562285, 0.247287, 0.052385)

Position: (-0.591592, -0.33511, -0.129666)
Size: (0.201765, 0.25278, 0.124861)

Position: (-0.526803, 1.48739, 0.135622)
Size: (0.0180294, 0.0099089, 0.0185077)

Position: (0.12999, 1.36377, 0.0251307)
Size: (0.188228, 0.0706944, 0.25414)

Position: (-0.936355, -0.0899443, 0.131565)
Size: (0.0158108, 0.27032, 0.0315404)

Position: (-0.631054, 0.408763, 0.215761)
Size: (0.0326103, 0.0947865, 0.270642)

Position: (-1.48533, -1.37742, -1.07822)
Size: (0.0376783, 0.169906, 0.0357055)

Position: (-0.349813, 0.251168, -0.797894)
Size: (0.190138, 0.242851, 0.218404)

Position: (-0.51304, 0.49614, 0.0418746)
Size: (0.246038, 0.171411, 0.0768348)

Position: (1.04305, 0.430093, -0.0308556)
Size: (0.232307, 0.201331, 0.0224)

Position: (0.495277, -0.060892, 0.257621)
Size: (0.0341993, 0.0246223, 0.219439)

Position: (1.19548, 0.121305, -0.364997)
Size: (0.169239, 0.229306, 0.195861)

Position: (0.933141, 0.433468, -1.32833)
Size: (0.0599605, 0.0535228, 0.134683)

Position: (-1.49169, -1.11053, -0.0336864)
Size: (0.114034, 0.0809142, 0.145697)

Position: (-0.119105, -0.888306, 0.230427)
Size: (0.0817669, 0.0738019, 0.0188301)

Position: (-1.11358, -1.35329, -1.47252)
Size: (0.0340665, 0.0565965, 0.152426)

Position: (-0.0295084, -0.683651, 1.22232)
Size: (0.00511745, 0.263198, 0.212652)

Position: (-0.372257, 0.547594, 0.957149)
Size: (0.0576428, 0.053534, 0.168069)

Position: (-0.986275, -0.0457952, -1.19154)
Size: (0.142919, 0.11162, 0.101369)

Position: (-0.0583902, -0.574723, 0.343632)
Size: (0.102491, 0.15598, 0.161089)

Position: (-0.360139, 0.10432, -0.164722)
Size: (0.115013, 0.197857, 0.179018)

Position: (-1.34881, -0.584712, 1.02253)
Size: (0.0242206, 0.141302, 0.27217)

Position: (1.24727, 1.44374, 0.808195)
Size: (0.256741, 0.0238371, 0.0149143)

Position: (-1.03455, 0.19036, 0.171837)
Size: (0.202675, 0.0309668, 0.154786)

Position: (1.05196, 0.468729, -0.423008)
Size: (0.207829, 0.179655, 0.0772318)

Position: (0.851847, 0.682589, -0.704828)
Size: (0.156402, 0.272732, 0.181553)

Position: (-0.628765, -1.49206, -1.23012)
Size: (0.200873, 0.162411, 0.117427)

Position: (0.720479, -1.08952, -1.1833)
Size: (0.216265, 0.226851, 0.162833)

Position: (0.983155, 0.0279301, -0.259453)
Size: (0.0157629, 0.271064, 0.114705)

Position: (0.78168, -1.3949, 1.03241)
Size: (0.0521402, 0.266342, 0.210603)

Position: (-1.2447, -1.07505, 0.0353963)
Size: (0.295011, 0.0292409, 0.148783)

Position: (0.403737, -0.424537, 0.232347)
Size: (0.190737, 0.174859, 0.279221)

Position: (0.397735, -0.05572, 1.22496)
Size: (0.0608373, 0.114155, 0.0593716)

Position: (1.29209, -0.808857, 0.0873109)
Size: (0.186526, 0.108274, 0.106356)

Position: (0.857978, -0.976268, -0.129733)
Size: (0.152728, 0.171549, 0.0115829)

Position: (-0.799298, -0.790694, 0.0509547)
Size: (0.295022, 0.241661, 0.0179284)

Position: (0.773597, -1.42211, -0.887185)
Size: (0.299608, 0.188682, 0.0591748)

Position: (-1.05884, 0.0179188, -1.28632)
Size: (0.0318253, 0.227217, 0.105079)

Position: (0.0556943, 0.631693, 0.212817)
Size: (0.0114016, 0.0432846, 0.0788409)

Position: (1.31651, -1.23038, -1.46087)
Size: (0.227102, 0.249459, 0.197608)

