Position: (-0.779843, -0.956783, -0.100177)
Size: (0.130809, 0.205062, 0.259177)

Position: (1.1507, 0.145444, 0.759668)
Size: (0.155786, 0.241278, 0.279579)

Position: (-1.31311, 0.362817, 1.18022)
Size: (0.0221857, 0.201814, 0.1475)

Position: (1.15201, -0.354087, -1.47317)
Size: (0.00207668, 0.0746335, 0.198856)

Position: (0.414758, 1.04701, 0.579407)
Size: (0.153355, 0.119968, 0.146614)

Position: (1.12835, -0.932792, -0.531822)
Size: (0.0512318, 0.221069, 0.0716938)

Position: (1.40264, 0.812939, -0.841063)
Size: (0.212522, 0.124169, 0.289499)

Position: (-1.16968, -1.33685, 0.0957447)
Size: (0.165333, 0.169232, 0.212196)

Position: (-0.646999, 1.3745, 0.51447)
Size: (0.195477, 0.016218, 0.102073)

Position: (1.16879, 1.0407, 0.638284)
Size: (0.2614, 0.267026, 0.262862)

Position: (-1.33926, 1.44347, 0.308081)
Size: (0.159683, 0.184671, 0.147882)

Position: (-0.681009, -1.27653, 0.977752)
Size: (0.289478, 0.270446, 0.134397)

Position: (0.0607773, 1.42762, 0.672025)
Size: (0.174963, 0.278848, 0.164474)

Position: (1.12803, -1.22636, -0.82994)
Size: (0.131326, 0.20409, 0.264264)

Position: (-0.0497441, 0.720584, -0.518025)
Size: (0.087697, 0.283713, 0.251671)

Position: (0.433946, 0.532228, -0.160634)
Size: (0.140989, 0.208062, 0.105617)

Position: (0.572169, -0.763133, -0.694129)
Size: (0.102714, 0.067849, 0.173544)

Position: (0.813078, -1.15687, 0.749821)
Size: (0.217147, 0.0535495, 0.271052)

Position: (1.23605, -0.675929, 1.4574)
Size: (0.139426, 0.218801, 0.0484318)

Position: (-0.304767, -1.22052, -0.515672)
Size: (0.115729, 0.274044, 0.223924)

Position: (-1.41637, 0.547872, 1.24839)
Size: (0.0971435, 0.24981, 0.127754)

Position: (0.985236, 0.410998, -0.517073)
Size: (0.247839, 0.283129, 0.298283)

Position: (1.04244, -1.21836, 0.0679744)
Size: (0.284082, 0.246288, 0.239619)

Position: (0.758455, -0.803612, 0.292519)
Size: (0.0421363, 0.073478, 0.240738)

Position: (-0.785703, 0.37106, -0.656809)
Size: (0.233145, 0.109338, 0.0710804)

Position: (-0.51294, 1.31795, -1.15391)
Size: (0.0511248, 0.258141, 0.16582)

Position: (1.05211, -0.687763, 0.192014)
Size: (0.0619311, 0.0785072, 0.0889563)

Position: (0.656049, -1.06163, -1.36227)
Size: (0.089989, 0.260044, 0.288047)

Position: (1.485, 0.645777, 1.42225)
Size: (0.148772, 0.231807, 0.0749936)

Position: (-1.4738, -0.587726, 0.255495)
Size: (0.22435, 0.174678, 0.231875)

Position: (0.25137, 0.39595, 1.39635)
Size: (0.00777825, 0.294591, 0.211562)

Position: (-0.715524, -0.329028, -1.1565)
Size: (0.237951, 0.173454, 0.249831)

Position: (0.818638, 1.28338, -0.517296)
Size: (0.113025, 0.0863442, 0.0248917)

Position: (-1.03564, 1.21596, -0.33272)
Size: (0.0802848, 0.0616924, 0.299726)

Position: (1.32927, -0.355982, -1.23269)
Size: (0.298298, 0.23314, 0.0825351)

Position: (1.00574, -0.350073, -1.41438)
Size: (0.145197, 0.22312, 0.289121)

Position: (-0.773004, -0.879016, 0.99068)
Size: (0.188814, 0.0529239, 0.0372609)

Position: (-0.911951, -0.206001, -0.0965602)
Size: (0.289507, 0.115375, 0.127321)

Position: (-0.800827, 0.217263, 0.175622)
Size: (0.231084, 0.0271874, 0.297107)

Position: (1.21929, 1.14018, -0.456579)
Size: (0.248565, 0.290177, 0.168928)

Position: (-1.41481, -1.23535, 0.799793)
Size: (0.234558, 0.103318, 0.269362)

Position: (-0.487074, -0.835015, 0.178119)
Size: (0.152335, 0.235199, 0.177629)

Position: (0.584007, 0.311162, 0.927722)
Size: (0.0205447, 0.231765, 0.0416117)

Position: (0.37236, 0.559289, -1.18013)
Size: (0.0192715, 0.298085, 0.244395)

Position: (0.982014, 1.09273, -0.545437)
Size: (0.0947648, 0.217849, 0.112697)

Position: (-1.1887, 1.06465, 0.567536)
Size: (0.069862, 0.0701571, 0.0625289)

Position: (-1.16859, -0.901027, -0.79075)
Size: (0.205858, 0.238805, 0.201286)

Position: (-0.40225, -0.501142, 0.369011)
Size: (0.243375, 0.0135775, 0.198405)

