Position: (-1.18672, -0.26642, 0.214082)
Size: (0.200341, 0.169222, 0.217842)

Position: (-0.690604, -1.35432, -0.158013)
Size: (0.13055, 0.142176, 0.0857668)

Position: (-0.594587, -0.154924, 0.197044)
Size: (0.255581, 0.210225, 0.12532)

Position: (-0.800669, 0.348347, 1.15204)
Size: (0.0359288, 0.177276, 0.0228066)

Position: (0.302715, 1.31228, 1.46464)
Size: (0.201091, 0.100699, 0.0448635)

Position: (-1.02969, -0.281303, -0.871447)
Size: (0.164228, 0.135921, 0.254415)

Position: (0.4913, -1.45305, -0.0328224)
Size: (0.0986242, 0.274586, 0.180594)

Position: (-0.9556, -1.21992, -0.109301)
Size: (0.108264, 0.078604, 0.10984)

Position: (1.25366, -1.22226, -0.33299)
Size: (0.11662, 0.00643296, 0.0688963)

Position: (-0.874951, 0.289366, 0.207374)
Size: (0.157827, 0.0132057, 0.203147)

Position: (-1.03066, 0.936421, 0.44551)
Size: (0.0566189, 0.239416, 0.157385)

Position: (0.885342, 0.243873, -0.0618186)
Size: (0.140971, 0.0515193, 0.200737)

Position: (0.710768, -1.21428, 1.25736)
Size: (0.122727, 0.265914, 0.258956)

Position: (-0.562735, -1.07285, -1.19617)
Size: (0.236207, 0.254182, 0.218835)

Position: (-0.743096, -1.45891, -1.19878)
Size: (0.148708, 0.282004, 0.139338)

Position: (0.0456502, 1.3296, 0.41905)
Size: (0.223287, 0.0752978, 0.128439)

Position: (0.703581, -1.23361, -1.30954)
Size: (0.103866, 0.214171, 0.146473)

Position: (1.30108, -1.48016, 1.15099)
Size: (0.297005, 0.140757, 0.236947)

Position: (1.2928, 1.19898, -1.23707)
Size: (0.187155, 0.0983338, 0.194847)

Position: (0.384104, -0.580622, -0.775877)
Size: (0.224648, 0.251075, 0.0984588)

Position: (-0.445554, 1.28944, -1.3501)
Size: (0.293622, 0.228195, 0.0682626)

Position: (-0.335064, 0.846663, 0.94707)
Size: (0.218215, 0.204022, 0.236635)

Position: (-0.41702, 1.34264, -1.46872)
Size: (0.275359, 0.0859609, 0.10804)

Position: (0.530976, -1.44358, -1.1495)
Size: (0.297284, 0.284166, 0.179265)

Position: (0.726771, -0.781345, -0.750465)
Size: (0.139845, 0.00570504, 0.248248)

Position: (-0.351525, -1.27993, 0.983042)
Size: (0.294467, 0.136744, 0.144396)

Position: (-1.32641, 0.308568, -1.42413)
Size: (0.187154, 0.0542612, 0.090244)

Position: (0.688865, 0.68782, 1.05573)
Size: (0.278709, 0.273611, 0.193596)

Position: (-1.49392, 0.079435, 0.820101)
Size: (0.225273, 0.131714, 0.229554)

Position: (0.860435, 0.0716708, -0.985111)
Size: (0.102289, 0.216616, 0.189951)

Position: (-0.354169, -0.723937, -1.00678)
Size: (0.233065, 0.0651837, 0.110946)

Position: (0.75284, -1.08725, -0.684413)
Size: (0.224259, 0.247426, 0.220158)

Position: (1.24893, 1.31851, 0.370073)
Size: (0.273005, 0.172275, 0.0672059)

Position: (0.737176, 0.821932, -0.248183)
Size: (0.286463, 0.000375968, 0.143592)

Position: (0.915864, -0.580607, 1.1855)
Size: (0.0214699, 0.244831, 0.113646)

Position: (-0.513809, -1.29996, -0.514562)
Size: (0.288454, 0.182246, 0.167588)

Position: (1.1274, -0.0924212, 0.652391)
Size: (0.122066, 0.180614, 0.253693)

Position: (-0.895728, 1.01118, 1.30283)
Size: (0.105264, 0.187992, 0.180015)

Position: (-0.224114, -0.672432, 0.349114)
Size: (0.27001, 0.193496, 0.0649872)

Position: (1.11204, -0.529502, -1.27032)
Size: (0.264459, 0.0179863, 0.265886)

Position: (-0.215065, 1.06328, 1.00863)
Size: (0.013948, 0.137318, 0.106937)

Position: (0.88257, -0.319794, -0.640581)
Size: (0.194163, 0.124229, 0.125429)

Position: (1.35475, -0.0585233, 0.67403)
Size: (0.0949569, 0.258104, 0.199859)

Position: (-0.910201, 0.735258, -1.18396)
Size: (0.276432, 0.299944, 0.0192209)

Position: (-1.27312, 0.891443, 0.432692)
Size: (0.149516, 0.000370207, 0.0890238)

Position: (0.755463, -0.818614, -0.614255)
Size: (0.254985, 0.138813, 0.183566)

Position: (-0.307169, -1.35241, 1.00788)
Size: (0.00962781, 0.140671, 0.0815045)

Position: (1.3999, 0.77914, 0.194322)
Size: (0.0252242, 0.0767568, 0.149882)

