Position: (-0.756574, 1.30519, 0.784093)
Size: (0.0225226, 0.079016, 0.1966)

Position: (-1.49108, -1.4236, -1.42144)
Size: (0.0243954, 0.147638, 0.0562991)

Position: (0.157388, -0.977523, -0.514282)
Size: (0.197683, 0.119239, 0.169745)

Position: (-1.05936, 0.735512, 1.15462)
Size: (0.223833, 0.198627, 0.0690437)

Position: (-0.553842, 1.47865, -0.358766)
Size: (0.0909068, 0.0363931, 0.254942)

Position: (-1.22863, -0.695897, -0.98204)
Size: (0.183542, 0.0844876, 0.121087)

Position: (0.490533, 1.26946, -1.16341)
Size: (0.209529, 0.180181, 0.104485)

Position: (-0.00502068, 0.833853, -0.645157)
Size: (0.116161, 0.0850328, 0.123067)

Position: (-0.822016, -1.38431, 0.635295)
Size: (0.00631583, 0.258727, 0.157292)

Position: (1.29801, 0.201482, 0.776666)
Size: (0.0782256, 0.0718941, 0.100083)

Position: (-1.28088, -0.305495, 0.917387)
Size: (0.0464237, 0.285389, 0.0563455)

Position: (0.688885, -0.580621, 1.40934)
Size: (0.270111, 0.0311933, 0.0927868)

Position: (-1.24987, -0.419067, -0.93091)
Size: (0.29858, 0.095129, 0.149352)

Position: (-0.871793, 0.721109, -1.24324)
Size: (0.291019, 0.087477, 0.113471)

Position: (-0.564589, 0.0178893, -0.354113)
Size: (0.0233576, 0.0235052, 0.254457)

Position: (-0.393618, -1.16496, -0.650352)
Size: (0.175833, 0.133066, 0.156758)

Position: (0.572778, 1.37016, -1.23863)
Size: (0.0244857, 0.275557, 0.00627899)

Position: (0.0210049, 0.760726, 0.687238)
Size: (0.260018, 0.224867, 0.0107079)

Position: (0.324999, 1.15185, -0.834384)
Size: (0.119138, 0.169326, 0.181279)

Position: (1.39104, 0.00429364, 0.325121)
Size: (0.0438845, 0.222084, 0.0376244)

Position: (-0.765933, 0.315818, 0.505997)
Size: (0.200434, 0.0971212, 0.295586)

Position: (-0.282793, -0.897615, 0.783208)
Size: (0.27068, 0.295183, 0.171796)

Position: (1.17205, -1.40602, -1.30191)
Size: (0.143874, 0.0470251, 0.299282)

Position: (-0.447908, -1.19209, -1.10563)
Size: (0.203513, 0.163868, 0.289079)

Position: (0.578032, 0.149733, -1.15348)
Size: (0.141506, 0.224828, 0.271449)

Position: (1.0058, -0.0740295, 0.109689)
Size: (0.236981, 0.0413629, 0.276209)

Position: (0.641771, -0.425972, 1.19339)
Size: (0.274901, 0.0054884, 0.236182)

Position: (-0.982448, 0.624664, -0.33921)
Size: (0.194503, 0.0831769, 0.146114)

Position: (-0.787677, 1.13382, -0.652265)
Size: (0.150921, 0.176859, 0.244988)

Position: (0.546672, -1.40453, 0.478575)
Size: (0.073051, 0.0380529, 0.138598)

Position: (-1.26429, -0.970102, -1.19213)
Size: (0.25307, 0.224932, 0.0636569)

Position: (1.31007, 0.963946, 0.486811)
Size: (0.0387667, 0.0578436, 0.26855)

Position: (-0.280007, 1.03181, 1.05678)
Size: (0.0824645, 0.279177, 0.0860268)

Position: (-1.20051, 0.4838, -0.0645099)
Size: (0.106907, 0.206854, 0.0457127)

Position: (0.0878057, 1.38419, -1.21281)
Size: (0.220111, 0.0768264, 0.231537)

Position: (-1.25127, -1.02253, -0.266736)
Size: (0.239968, 0.0185095, 0.159739)

Position: (-0.320182, -0.958847, 0.8637)
Size: (0.00278614, 0.134073, 0.152179)

Position: (-0.153829, -0.0215246, -0.759893)
Size: (0.0367574, 0.186902, 0.0544376)

Position: (-1.25651, -0.465382, 0.69072)
Size: (0.0216797, 0.185667, 0.12765)

Position: (-0.44322, 1.3793, -0.708218)
Size: (0.162674, 0.267528, 0.0280366)

Position: (0.421871, -0.410292, 0.0780011)
Size: (0.185706, 0.206532, 0.264115)

Position: (-0.584662, -0.319027, 0.315373)
Size: (0.192674, 0.268353, 0.148087)

Position: (-0.498179, -1.44076, 1.15777)
Size: (0.200362, 0.0572082, 0.025895)

Position: (0.72547, -0.251268, -0.0250939)
Size: (0.163001, 0.270103, 0.0541823)

Position: (-1.36153, -0.68254, 0.911074)
Size: (0.068073, 0.249008, 0.204186)

Position: (0.985768, -0.883452, -0.680775)
Size: (0.0867747, 0.205002, 0.250124)

Position: (-0.703101, -0.252835, 1.18174)
Size: (0.0443176, 0.116458, 0.129086)

Position: (0.325046, 0.0697518, -0.4122)
Size: (0.14039, 0.292492, 0.0789326)

