Position: (1.24911, -1.48332, -0.28779)
Size: (0.174405, 0.183688, 0.0830547)

Position: (1.34845, 0.875696, 1.15111)
Size: (0.208342, 0.192476, 0.269074)

Position: (-0.908404, 0.94818, 0.380854)
Size: (0.115892, 0.276593, 0.170158)

Position: (0.989616, 1.41427, 0.100919)
Size: (0.275047, 0.125404, 0.144338)

Position: (0.706777, 1.03753, 0.631015)
Size: (0.18352, 0.116634, 0.0525605)

Position: (-0.694734, -0.404763, 0.699581)
Size: (0.143155, 0.105585, 0.244178)

Position: (-0.498222, -0.28514, 0.163705)
Size: (0.0448876, 0.0343951, 0.183367)

Position: (-1.12103, 1.32043, 1.40374)
Size: (0.176353, 0.213432, 0.280811)

Position: (-0.99043, -0.820079, -0.324812)
Size: (0.126079, 0.142614, 0.133383)

Position: (-0.643701, -0.298991, -0.439824)
Size: (0.196399, 0.0122785, 0.0192697)

Position: (-0.301241, 0.922324, 0.683817)
Size: (0.26705, 0.214792, 0.192302)

Position: (-1.14984, -0.770345, 0.578878)
Size: (0.294954, 0.126314, 0.185206)

Position: (-0.710251, -1.42798, -0.274124)
Size: (0.228488, 0.260179, 0.278974)

Position: (-0.95978, 1.39387, -1.30832)
Size: (0.218756, 0.22026, 0.0631488)

Position: (-0.964144, 0.0337835, -0.813041)
Size: (0.137349, 0.147258, 0.140954)

Position: (-0.824685, -0.843824, 1.16565)
Size: (0.0258893, 0.23684, 0.0991591)

Position: (-0.631803, -0.0278723, -0.982231)
Size: (0.066171, 0.297826, 0.264828)

Position: (-1.03828, -0.134508, -0.652749)
Size: (0.122521, 0.0951314, 0.0905241)

Position: (0.885132, -1.31059, 1.37422)
Size: (0.239403, 0.131055, 0.0910645)

Position: (0.955583, 0.493249, 0.00475923)
Size: (0.219367, 0.224225, 0.0704543)

Position: (1.38344, 0.274909, -1.21463)
Size: (0.214777, 0.146979, 0.211022)

Position: (1.20406, 0.595377, 0.316524)
Size: (0.0248869, 0.275419, 0.172906)

Position: (-1.37946, 0.564574, 1.14115)
Size: (0.0282183, 0.0309506, 0.269175)

Position: (0.879135, -0.103452, 1.41716)
Size: (0.241873, 0.186722, 0.0507226)

Position: (-0.956236, 1.4154, 0.198712)
Size: (0.258622, 0.126976, 0.239538)

Position: (-1.40063, 0.789505, -1.34749)
Size: (0.199547, 0.231557, 0.0160976)

Position: (-0.544681, 0.511263, 1.29737)
Size: (0.297048, 0.0355138, 0.169332)

Position: (-0.27026, -0.835117, -0.777615)
Size: (0.119574, 0.120098, 0.144487)

Position: (-0.127844, -0.984423, 0.0695281)
Size: (0.16602, 0.0806554, 0.233388)

Position: (-1.31437, -0.740315, 1.39107)
Size: (0.0526521, 0.225874, 0.0988982)

Position: (-0.0114101, 1.19142, -0.120719)
Size: (0.0681946, 0.244425, 0.0517967)

Position: (-0.771616, -1.14677, -1.39221)
Size: (0.206157, 0.0968181, 0.184849)

