Position: (1.43477, 0.0194824, -0.718796)
Size: (0.27542, 0.0339138, 0.162884)

Position: (-1.14601, -0.80555, 0.867748)
Size: (0.197877, 0.0117307, 0.117566)

Position: (-0.0625745, 1.37221, 1.12199)
Size: (0.0487129, 0.261471, 0.0504554)

Position: (-0.246475, -0.546536, 0.743945)
Size: (0.0680236, 0.155886, 0.224928)

Position: (-0.987742, 0.539697, 0.0343999)
Size: (0.0793145, 0.234951, 0.0767503)

Position: (0.940649, 1.0324, -0.51923)
Size: (0.230074, 0.13305, 0.2892)

Position: (0.259016, 0.304236, 0.310578)
Size: (0.214757, 0.0363407, 0.215243)

Position: (0.388327, 0.733815, 0.207362)
Size: (0.166693, 0.181739, 0.0459115)

Position: (0.823413, 1.21317, 1.0679)
Size: (0.291801, 0.206991, 0.221546)

Position: (-0.965294, 0.463522, -0.349802)
Size: (0.0288968, 0.285808, 0.004561)

Position: (-1.26408, -0.856734, -0.564042)
Size: (0.231112, 0.269204, 0.132655)

Position: (-0.714897, 0.115822, 0.967307)
Size: (0.0476969, 0.050619, 0.221047)

Position: (-0.984029, -0.145676, -1.42483)
Size: (0.184468, 0.173387, 0.0538591)

Position: (-0.500615, -0.100656, 1.26919)
Size: (0.0497854, 0.280754, 0.18675)

Position: (0.875534, 1.30449, 1.0286)
Size: (0.255589, 0.249218, 0.156799)

Position: (-1.0706, 1.20629, 0.734072)
Size: (0.202837, 0.143758, 0.033389)

Position: (0.0882867, -1.44754, 0.201424)
Size: (0.00150071, 0.147082, 0.0565187)

Position: (-0.638588, -0.176082, 0.588623)
Size: (0.139325, 0.0406108, 0.168267)

Position: (1.29121, -1.11753, 1.36709)
Size: (0.275633, 0.135691, 0.288511)

Position: (-0.238542, -1.14189, -1.32211)
Size: (0.216271, 0.163293, 0.248578)

Position: (0.454587, 0.0501643, 0.312719)
Size: (0.177709, 0.0317361, 0.131481)

Position: (-0.569637, 0.451698, -1.10298)
Size: (0.0457512, 0.018145, 0.293367)

Position: (0.497547, 0.750292, 0.813518)
Size: (0.0700645, 0.0473519, 0.211032)

Position: (1.22273, -1.42001, -0.656519)
Size: (0.231771, 0.293278, 0.220047)

Position: (-0.27461, -0.131965, 0.274109)
Size: (0.0726989, 0.0386824, 0.285322)

Position: (1.42837, 0.104821, 1.15644)
Size: (0.279134, 0.0159966, 0.248348)

Position: (0.697627, -0.772662, -1.00769)
Size: (0.224917, 0.122879, 0.0786226)

Position: (-0.735049, -0.50264, -0.809015)
Size: (0.235358, 0.0389808, 0.247499)

Position: (-0.813002, -1.23726, -0.993929)
Size: (0.1556, 0.0495423, 0.259266)

Position: (1.41661, -1.30692, 1.25298)
Size: (0.142724, 0.025914, 0.266487)

Position: (0.295971, -1.35945, -1.31353)
Size: (0.218546, 0.137519, 0.235663)

Position: (-1.17902, -0.360211, -0.455237)
Size: (0.127246, 0.225508, 0.110995)

