Position: (1.08957, -0.0292092, -0.375663)
Size: (0.0316286, 0.164707, 0.284214)

Position: (-0.755362, -0.758071, 0.125428)
Size: (0.260952, 0.188687, 0.14231)

Position: (-0.306997, -1.1781, -0.981519)
Size: (0.0358749, 0.130281, 0.0865286)

Position: (0.252609, 0.602244, 0.772958)
Size: (0.177605, 0.0297814, 0.0759469)

Position: (1.25676, 0.0898195, -1.40497)
Size: (0.17187, 0.111714, 0.146627)

Position: (0.685832, -0.224284, -0.343746)
Size: (0.0625905, 0.211153, 0.18844)

Position: (-0.287912, 0.576393, -0.958508)
Size: (0.176129, 0.0703639, 0.282038)

Position: (-1.19766, -0.705273, 0.642225)
Size: (0.0205938, 0.0418302, 0.00910923)

Position: (-0.4625, -0.456558, -0.631496)
Size: (0.0529207, 0.289522, 0.0159771)

Position: (0.896455, -1.29811, -0.616635)
Size: (0.200089, 0.260739, 0.175942)

Position: (-0.232183, -1.41943, -0.482126)
Size: (0.217091, 0.0508873, 0.207417)

Position: (-1.11897, 0.36934, -1.16278)
Size: (0.291118, 0.113387, 0.120562)

Position: (-0.91169, 0.257022, 0.0132205)
Size: (0.241178, 0.223822, 0.25113)

Position: (-1.3442, 0.486852, -0.802338)
Size: (0.100794, 0.0632357, 0.221581)

Position: (0.397695, 1.25656, -0.672074)
Size: (0.0930287, 0.141288, 0.27289)

Position: (0.644673, -0.668311, -0.321041)
Size: (0.0792451, 0.191588, 0.0206573)

Position: (-1.43434, 0.197823, -0.81606)
Size: (0.0135047, 0.0462032, 0.0118425)

Position: (-0.704212, -1.41622, -0.0306924)
Size: (0.181321, 0.125459, 0.171035)

Position: (-1.37914, -0.0209978, -1.1096)
Size: (0.0385359, 0.0552316, 0.0487452)

Position: (-1.14016, 1.1117, -0.808238)
Size: (0.212136, 0.19328, 0.270605)

Position: (1.15275, 0.790473, -1.48987)
Size: (0.031079, 0.0259448, 0.189003)

Position: (-0.662448, 0.560108, -0.0762829)
Size: (0.226027, 0.226181, 0.173765)

Position: (1.05281, 0.786644, 1.33484)
Size: (0.230878, 0.101591, 0.0800629)

Position: (-1.01489, 1.12657, 0.691642)
Size: (0.0119507, 0.0973821, 0.295605)

Position: (0.647008, 1.24071, -0.888598)
Size: (0.173154, 0.187403, 0.257905)

Position: (-0.876263, 1.34188, 1.48105)
Size: (0.0581162, 0.228577, 0.06844)

Position: (-0.733808, 0.608167, -0.262295)
Size: (0.00187129, 0.0188075, 0.0933327)

Position: (0.190322, 0.614643, -0.572832)
Size: (0.131963, 0.114921, 0.164275)

Position: (-0.815529, 0.368239, -0.55602)
Size: (0.0590016, 0.0167025, 0.0762795)

Position: (0.944307, -0.8587, 0.626507)
Size: (0.221668, 0.164182, 0.282378)

Position: (0.166855, 1.42872, -1.2354)
Size: (0.0353763, 0.0369964, 0.212631)

Position: (-0.00472527, 0.695064, 0.458354)
Size: (0.139566, 0.264425, 0.00590135)

