Position: (-1.01563, -1.41572, 1.08819)
Size: (0.247246, 0.0174809, 0.144425)

Position: (-1.38554, 1.14426, -1.34714)
Size: (0.0102619, 0.107244, 0.139371)

Position: (0.640815, 0.24854, 0.88719)
Size: (0.17323, 0.143593, 0.0119047)

Position: (-0.0806402, -1.33631, -1.0586)
Size: (0.2138, 0.155596, 0.073785)

Position: (0.992312, 0.549046, 0.381344)
Size: (0.0287086, 0.196171, 0.0376389)

Position: (-0.221537, 0.050939, -1.28219)
Size: (0.260763, 0.10225, 0.0707039)

Position: (-1.24543, -0.0678533, 0.0327777)
Size: (0.115607, 0.0773872, 0.150265)

Position: (1.02223, -0.0599961, 0.514329)
Size: (0.241107, 0.246335, 0.265786)

Position: (0.41941, -1.34199, -1.08138)
Size: (0.225093, 0.0665385, 0.0316301)

Position: (-0.725739, 0.53548, -1.45039)
Size: (0.140458, 0.117707, 0.0586803)

Position: (0.570639, 1.01102, -0.750803)
Size: (0.0641606, 0.250035, 0.0497928)

Position: (-1.36854, 1.2208, -0.108057)
Size: (0.16738, 0.279319, 0.210339)

Position: (-0.555917, 0.240292, 0.249514)
Size: (0.294945, 0.238027, 0.0691592)

Position: (0.396583, 0.902795, 0.91546)
Size: (0.208232, 0.0989433, 0.0814066)

Position: (-1.22319, 0.623873, -1.42863)
Size: (0.000681102, 0.145684, 0.0321896)

Position: (-0.241267, 0.673841, 1.12441)
Size: (0.17705, 0.102422, 0.250616)

Position: (-1.38143, 0.564555, 0.368818)
Size: (0.17015, 0.115019, 0.00463075)

Position: (0.68319, -0.493845, -0.0467707)
Size: (0.265391, 0.142967, 0.104283)

Position: (-1.31717, 0.46537, -0.0351419)
Size: (0.155566, 0.0555957, 0.261575)

Position: (0.626868, 0.217987, -0.0108215)
Size: (0.100911, 0.257361, 0.236982)

Position: (0.261006, -1.01754, -0.193069)
Size: (0.0813247, 0.100584, 0.0770264)

Position: (-1.14515, 1.45197, 0.203608)
Size: (0.281992, 0.0999894, 0.182577)

Position: (0.0436427, -1.44391, 0.324529)
Size: (0.238502, 0.0217384, 0.236688)

Position: (0.838122, -0.550338, 0.326882)
Size: (0.150603, 0.264712, 0.0397748)

Position: (-0.0384715, -0.57435, -0.829211)
Size: (0.243073, 0.209229, 0.138598)

Position: (-1.2279, 1.02992, -0.341766)
Size: (0.191961, 0.0683054, 0.17153)

Position: (0.653815, -0.843166, -0.367218)
Size: (0.217027, 0.113823, 0.14423)

Position: (0.528445, 0.104974, 1.17905)
Size: (0.0685447, 0.298402, 0.172894)

Position: (-1.39267, -1.12214, 0.518966)
Size: (0.271577, 0.197882, 0.113697)

Position: (-0.594101, 1.38601, -0.011178)
Size: (0.0155872, 0.279597, 0.0717154)

Position: (1.24643, 1.0165, -0.677938)
Size: (0.0732878, 0.231362, 0.0325405)

Position: (0.220726, -0.108053, 1.1902)
Size: (0.19025, 0.0563643, 0.128072)

