Position: (0.527353, 1.28517, 0.0371193)
Size: (0.184316, 0.276654, 0.248233)

Position: (0.880792, 0.522782, -0.168882)
Size: (0.292244, 0.113236, 0.126523)

Position: (0.299684, 0.292681, 0.0188665)
Size: (0.194735, 0.000943233, 0.0365451)

Position: (-0.0244298, -1.05547, -1.19012)
Size: (0.181636, 0.071909, 0.0516428)

Position: (-0.404934, -0.11477, -0.0211247)
Size: (0.0609566, 0.258353, 0.297811)

Position: (-0.351936, 0.159461, 0.556353)
Size: (0.131219, 0.0603878, 0.068977)

Position: (-0.423924, 1.33675, -1.33411)
Size: (0.13525, 0.191211, 0.221653)

Position: (0.288741, -0.557994, 0.454357)
Size: (0.0544534, 0.113771, 0.225477)

Position: (-1.27435, 0.328135, 1.10446)
Size: (0.228135, 0.144576, 0.129285)

Position: (0.560523, 0.453353, 1.11728)
Size: (0.285964, 0.254062, 0.103321)

Position: (0.300355, -0.559805, 0.229399)
Size: (0.184814, 0.247781, 0.192023)

Position: (-0.933433, 1.11573, -0.605564)
Size: (0.0281637, 0.0262789, 0.268814)

Position: (-0.858822, 0.913741, 0.227144)
Size: (0.0818285, 0.198432, 0.121904)

Position: (-0.723645, 0.354172, 1.05779)
Size: (0.237427, 0.108654, 0.248165)

Position: (-0.577009, -1.02968, 1.33133)
Size: (0.107991, 0.051175, 0.143555)

Position: (0.0310061, -0.166016, 1.11297)
Size: (0.238062, 0.0834912, 0.246868)

Position: (0.64849, 1.03667, -1.27963)
Size: (0.176831, 0.16601, 0.184744)

Position: (-0.161128, 1.26332, -0.48443)
Size: (0.120554, 0.246144, 0.0760279)

Position: (-0.383792, -0.769317, -0.352489)
Size: (0.125926, 0.200434, 0.0576357)

Position: (-0.795475, -1.00672, 0.778668)
Size: (0.054514, 0.118311, 0.0477931)

Position: (0.777596, 0.509652, 0.090347)
Size: (0.240848, 0.0409372, 0.14395)

Position: (1.20162, 0.466737, -1.20451)
Size: (0.289333, 0.142599, 0.140295)

Position: (0.203343, -0.765402, -0.0865477)
Size: (0.242118, 0.217814, 0.0926123)

Position: (0.0321315, -0.696223, 1.17624)
Size: (0.249151, 0.0135662, 0.294463)

Position: (-0.536321, 0.0257458, 0.783854)
Size: (0.0756675, 0.261481, 0.277383)

Position: (-0.632227, 1.05334, -0.256788)
Size: (0.109236, 0.0432487, 0.0609133)

Position: (-1.1329, -0.0294828, 0.749944)
Size: (0.218177, 0.0112639, 0.021829)

Position: (0.46709, -0.988773, -0.138473)
Size: (0.00638765, 0.105953, 0.226989)

Position: (-0.0714061, -1.41298, -1.21326)
Size: (0.249527, 0.217236, 0.0436488)

Position: (1.00948, 1.05802, -0.49773)
Size: (0.0154603, 0.0130524, 0.0957298)

Position: (-1.31891, -1.15611, 0.366795)
Size: (0.297177, 0.272876, 0.028186)

Position: (-0.410863, -1.11926, 0.852481)
Size: (0.039617, 0.0872529, 0.0987154)

