Position: (0.0694678, 1.36473, 1.33428)
Size: (0.131445, 0.0103326, 0.185288)

Position: (1.04628, -1.28042, -1.2083)
Size: (0.280307, 0.132371, 0.0918853)

Position: (0.56363, 0.104347, 0.827241)
Size: (0.180894, 0.297924, 0.0321238)

Position: (-1.12032, -0.684521, 0.711854)
Size: (0.0368606, 0.00790715, 0.251386)

Position: (-0.916722, -0.173406, 0.773182)
Size: (0.0737941, 0.0102615, 0.137127)

Position: (0.00289474, -0.225434, 0.240609)
Size: (0.0665361, 0.125788, 0.196561)

Position: (0.346003, -0.751942, -0.220073)
Size: (0.0442672, 0.226669, 0.118028)

Position: (1.39832, 0.882093, 0.21542)
Size: (0.00565453, 0.00209852, 0.0426468)

Position: (-0.834413, 0.686754, 0.415202)
Size: (0.0583727, 0.0356971, 0.220685)

Position: (0.584084, 0.588808, 1.4365)
Size: (0.168246, 0.0154343, 0.201833)

Position: (-0.894825, 0.611034, -1.30274)
Size: (0.0501508, 0.184438, 0.276683)

Position: (1.40073, 0.203082, -0.661772)
Size: (0.054769, 0.104378, 0.150294)

Position: (0.71006, 1.16081, 0.479552)
Size: (0.0047839, 0.124957, 0.0829289)

Position: (-0.68303, 0.48609, 1.35311)
Size: (0.21102, 0.050601, 0.0411976)

Position: (0.525532, 1.24025, -0.167291)
Size: (0.111368, 0.0102406, 0.205175)

Position: (-1.43908, 1.39776, 1.13588)
Size: (0.186804, 0.172573, 0.0411604)

Position: (-0.16991, -0.895206, -0.373349)
Size: (0.171365, 0.121738, 0.216144)

Position: (1.32334, 0.314161, 1.46602)
Size: (0.123315, 0.138173, 0.0928639)

Position: (0.554384, 0.7677, -1.09509)
Size: (0.057525, 0.284149, 0.121981)

Position: (-0.147249, -0.425273, -0.059733)
Size: (0.243988, 0.2689, 0.213575)

Position: (0.44046, -0.67732, -0.362989)
Size: (0.210743, 0.266417, 0.00245147)

Position: (1.04702, 0.750192, -1.2782)
Size: (0.255687, 0.18482, 0.284119)

Position: (0.763079, 0.513431, 0.0260961)
Size: (0.0531158, 0.127006, 0.154334)

Position: (-0.671821, 0.929463, -0.398625)
Size: (0.266619, 0.132695, 0.15848)

Position: (-0.563102, -0.638566, 0.815293)
Size: (0.23861, 0.206498, 0.244935)

Position: (-0.611274, -0.436592, -1.085)
Size: (0.256166, 0.279991, 0.0570065)

Position: (-1.08411, -0.462456, -0.975133)
Size: (0.159274, 0.25029, 0.233343)

Position: (0.272578, -0.21369, 1.16766)
Size: (0.0442869, 0.0479747, 0.220018)

Position: (1.44699, -0.666365, 0.0296657)
Size: (0.230152, 0.036505, 0.244302)

Position: (0.664343, -1.42115, 0.10188)
Size: (0.0553532, 0.00543191, 0.162187)

Position: (-0.305716, 0.160222, 0.723897)
Size: (0.197805, 0.0272329, 0.157999)

Position: (0.0996477, -1.27494, -0.0376526)
Size: (0.283985, 0.090783, 0.140184)

