Position: (1.33232, 0.890259, 1.41233)
Size: (0.293432, 0.0695822, 0.227933)

Position: (1.44516, -0.87172, -1.25436)
Size: (0.0281655, 0.190924, 0.0141035)

Position: (-0.367037, -1.06854, -0.96433)
Size: (0.278766, 0.205122, 0.118623)

Position: (1.43216, 0.527426, -0.236903)
Size: (0.270701, 0.298688, 0.102193)

Position: (1.1225, 1.25459, -0.98275)
Size: (0.0475943, 0.059822, 0.181166)

Position: (0.919124, -1.46291, 0.42478)
Size: (0.0309119, 0.264112, 0.152416)

Position: (1.15376, -0.695949, 0.621333)
Size: (0.204864, 0.0221124, 0.141349)

Position: (-1.01494, 1.36904, -0.795538)
Size: (0.208339, 0.139617, 0.0952582)

Position: (0.540434, 0.77739, 1.07814)
Size: (0.0718885, 0.188771, 0.207867)

Position: (1.04305, -1.40549, 1.44)
Size: (0.21724, 0.0543719, 0.104056)

Position: (-1.09565, -0.427436, 1.03909)
Size: (0.203814, 0.0749481, 0.286363)

Position: (-0.741416, -0.319658, -1.32772)
Size: (0.0214993, 0.252904, 0.138981)

Position: (1.04832, 1.30368, 1.45376)
Size: (0.216376, 0.147441, 0.259358)

Position: (0.172962, -1.04753, 0.544909)
Size: (0.263748, 0.062369, 0.061478)

Position: (-0.410915, -1.40799, -0.122754)
Size: (0.0783333, 0.0237199, 0.159289)

Position: (-0.232169, 0.856552, 0.649138)
Size: (0.0419063, 0.0861648, 0.17494)

Position: (0.460111, 0.0554442, 0.0221834)
Size: (0.145268, 0.238687, 0.0596564)

Position: (1.28998, -1.03552, -0.525834)
Size: (0.125256, 0.0798224, 0.216441)

Position: (0.914072, -1.11268, -1.34108)
Size: (0.181005, 0.281317, 0.0111319)

Position: (0.429774, -0.211749, -1.22114)
Size: (0.114921, 0.0295506, 0.0563208)

Position: (1.48146, -0.36722, -0.629738)
Size: (0.224676, 0.194518, 0.27584)

Position: (0.060572, 1.09774, 1.2438)
Size: (0.181554, 0.109086, 0.0163992)

Position: (0.332712, -0.80822, -1.4654)
Size: (0.256521, 0.127807, 0.0847659)

Position: (-0.883673, 1.31159, -0.0345253)
Size: (0.165715, 0.176371, 0.0829338)

Position: (-0.0744153, -1.42955, -0.788292)
Size: (0.265193, 0.194793, 0.196707)

Position: (-0.939671, -1.42454, 0.637542)
Size: (0.254199, 0.150589, 0.177489)

Position: (-1.426, 1.29439, -0.811982)
Size: (0.0653126, 0.29875, 0.0599432)

Position: (-0.371799, 0.657209, 0.509984)
Size: (0.114936, 0.136389, 0.239773)

Position: (0.140281, 0.164793, 0.282324)
Size: (0.214613, 0.00793935, 0.276116)

Position: (1.14739, 0.0951005, 0.936435)
Size: (0.254479, 0.252062, 0.173068)

Position: (0.774077, -1.25782, -0.322754)
Size: (0.205774, 0.228155, 0.105354)

Position: (1.09849, 1.31353, 1.18807)
Size: (0.1142, 0.24803, 0.217825)

