Position: (0.0870258, 1.18954, -0.223423)
Size: (0.110939, 0.024052, 0.0951725)

Position: (-0.0430409, -1.02922, -0.887808)
Size: (0.110391, 0.163966, 0.242932)

Position: (-0.588905, -1.21643, -0.769987)
Size: (0.227173, 0.017368, 0.065984)

Position: (0.702759, -0.185025, 1.32787)
Size: (0.10515, 0.118767, 0.143302)

Position: (0.745048, 0.577632, -1.08554)
Size: (0.285403, 0.264769, 0.199368)

Position: (-1.04743, -0.409706, 0.234057)
Size: (0.247789, 0.211709, 0.160111)

Position: (0.217784, 0.74693, 0.0649185)
Size: (0.0194257, 0.0460744, 0.250547)

Position: (-1.49906, -0.826914, -0.39069)
Size: (0.2941, 0.214111, 0.263916)

Position: (-0.0375329, -1.31297, 0.563442)
Size: (0.116683, 0.105975, 0.187353)

Position: (-0.617835, -1.43746, 0.359892)
Size: (0.151934, 0.230813, 0.247033)

Position: (-0.780034, 0.0932213, -1.47076)
Size: (0.169694, 0.0501248, 0.126402)

Position: (0.702359, -0.163064, 0.589726)
Size: (0.166648, 0.0476571, 0.130958)

Position: (1.00939, 1.42465, 0.696148)
Size: (0.225612, 0.206202, 0.00251231)

Position: (-0.202202, -1.26673, -0.144689)
Size: (0.0607612, 0.128931, 0.107642)

Position: (0.209724, 0.558617, -0.171685)
Size: (0.0834475, 0.0376392, 0.106343)

Position: (-0.684382, -1.23705, -0.884014)
Size: (0.155037, 0.00303327, 0.239498)

Position: (-0.149912, 0.0482162, -1.43154)
Size: (0.229519, 0.248701, 0.155404)

Position: (-0.349917, -0.537757, 0.42113)
Size: (0.187297, 0.29472, 0.22958)

Position: (0.440913, -0.880012, -1.23856)
Size: (0.0808189, 0.0765362, 0.0258137)

Position: (-0.846798, -1.01751, 0.329996)
Size: (0.262603, 0.0654111, 0.0639521)

Position: (0.807116, -0.850468, -0.790181)
Size: (0.0737873, 0.000253744, 0.27404)

Position: (-0.968243, 1.17383, -0.354334)
Size: (0.278959, 0.174471, 0.229783)

Position: (1.43792, 0.427636, 0.821815)
Size: (0.248371, 0.271197, 0.0330119)

Position: (0.51222, 0.0945102, 1.42356)
Size: (0.0655266, 0.163577, 0.0195363)

Position: (-0.897167, -0.0482716, -0.999552)
Size: (0.0711597, 0.293361, 0.0600948)

Position: (0.118318, 0.87452, -0.494969)
Size: (0.0266751, 0.111879, 0.192884)

Position: (1.17668, 0.447617, 0.181345)
Size: (0.233096, 0.207467, 0.24223)

Position: (0.865405, 1.2558, -1.39222)
Size: (0.0841693, 0.089332, 0.0716722)

Position: (0.280423, 0.567175, -1.40344)
Size: (0.238467, 0.108076, 0.0720005)

Position: (-1.42961, -0.809519, 0.0476585)
Size: (0.0120384, 0.271786, 0.184159)

Position: (-0.183673, 0.385087, -0.495967)
Size: (0.207513, 0.0759956, 0.226448)

Position: (-0.755848, 1.20734, 1.30453)
Size: (0.101723, 0.127492, 0.0980816)

