Position: (-0.137268, -0.786665, 1.24316)
Size: (0.0657563, 0.144902, 0.150182)

Position: (0.779548, 1.29383, -0.199011)
Size: (0.18496, 0.166517, 0.129177)

Position: (-1.30439, 1.03355, 0.546012)
Size: (0.0102655, 0.217753, 0.0459232)

Position: (-1.08391, -1.0408, -1.13913)
Size: (0.0913295, 0.246662, 0.296957)

Position: (0.2571, -0.506542, 0.957458)
Size: (0.0266793, 0.0136438, 0.188987)

Position: (0.935411, -0.553972, -0.678362)
Size: (0.199949, 0.117368, 0.0731082)

Position: (-0.76485, 1.04674, -0.15332)
Size: (0.173723, 0.126595, 0.292688)

Position: (0.951965, 0.846832, 1.38437)
Size: (0.0371549, 0.190868, 0.181402)

Position: (-0.720767, -0.94389, 0.993079)
Size: (0.17882, 0.297353, 0.100473)

Position: (-0.285197, 1.38798, 1.41716)
Size: (0.0861184, 0.074562, 0.176109)

Position: (-0.39128, 0.81988, 1.08992)
Size: (0.118268, 0.161294, 0.159243)

Position: (1.34314, 0.0896529, 1.41386)
Size: (0.0796408, 0.142411, 0.0637298)

Position: (1.18013, -0.851991, -1.40583)
Size: (0.133794, 0.0281613, 0.0167665)

Position: (-0.603452, 1.39061, 0.105768)
Size: (0.0362405, 0.0464076, 0.0441895)

Position: (-1.47876, 1.40657, 0.420741)
Size: (0.0478645, 0.13682, 0.286479)

Position: (1.36815, 0.635978, -1.49428)
Size: (0.0375137, 0.198159, 0.0895093)

Position: (-1.24381, -1.44022, -0.205643)
Size: (0.219612, 0.157847, 0.000648945)

Position: (0.647123, -0.977211, -1.09062)
Size: (0.299056, 0.132424, 0.22989)

Position: (0.691577, -1.4577, -0.997162)
Size: (0.0800108, 0.0737273, 0.0937566)

Position: (-0.0883784, 0.113652, -1.16869)
Size: (0.182497, 0.110163, 0.225924)

Position: (-0.661607, -0.975356, -0.937801)
Size: (0.193569, 0.245827, 0.0686965)

Position: (-1.10474, -0.451682, -0.44913)
Size: (0.112626, 0.00421038, 0.205871)

Position: (0.413284, 0.764853, 0.129737)
Size: (0.0996653, 0.15337, 0.0791833)

Position: (0.755261, -0.815595, 1.23194)
Size: (0.242772, 0.14927, 0.0591753)

Position: (-0.144285, -0.910499, -0.46945)
Size: (0.11669, 0.0490069, 0.269921)

Position: (-0.311156, 0.536273, 0.811275)
Size: (0.211038, 0.297408, 0.173138)

Position: (-0.0144398, 1.09716, 1.27281)
Size: (0.0727435, 0.206505, 0.202512)

Position: (0.465769, 1.33537, 0.246362)
Size: (0.114074, 0.191928, 0.254548)

Position: (0.0107644, 1.12517, 1.01227)
Size: (0.20064, 0.230292, 0.183594)

Position: (-0.466552, -1.30426, -1.16769)
Size: (0.241146, 0.0479829, 0.070767)

Position: (-0.778594, -0.598944, -1.35215)
Size: (0.0998464, 0.198806, 0.146764)

Position: (0.36033, 0.694712, 1.19356)
Size: (0.258742, 0.110147, 0.138734)

