Position: (-0.24368, 0.971091, 0.10075)
Size: (0.0979073, 0.269817, 0.207775)

Position: (1.40539, -0.208054, 1.36205)
Size: (0.165992, 0.195877, 0.199722)

Position: (-0.820852, -0.904109, 1.04159)
Size: (0.143747, 0.18191, 0.226459)

Position: (-0.187231, 0.149196, 1.32795)
Size: (0.077522, 0.185508, 0.191486)

Position: (0.46385, -1.15333, -0.434664)
Size: (0.220825, 0.261254, 0.130566)

Position: (0.712194, -0.596045, -0.380327)
Size: (0.0738702, 0.0288786, 0.0517886)

Position: (-0.277366, 1.11248, 1.33396)
Size: (0.0891301, 0.229281, 0.211597)

Position: (-1.13743, 0.780603, -0.646811)
Size: (0.135182, 0.172535, 0.238967)

Position: (-0.371086, 1.05819, 0.969713)
Size: (0.0624485, 0.24444, 0.292542)

Position: (1.04495, 1.23102, 0.883203)
Size: (0.16669, 0.0253202, 0.213156)

Position: (-1.24635, 0.0915903, 0.515689)
Size: (0.244055, 0.275402, 0.172106)

Position: (-1.48293, -0.486091, 1.46504)
Size: (0.224724, 0.0713594, 0.0694885)

Position: (0.137188, 1.47684, -1.39428)
Size: (0.259576, 0.00839352, 0.287879)

Position: (-0.371714, 1.17974, -0.0597854)
Size: (0.263083, 0.162071, 0.140071)

Position: (-1.35906, -0.0829843, -0.440067)
Size: (0.271269, 0.00853523, 0.0533539)

Position: (-0.407405, 0.110144, -0.509857)
Size: (0.275834, 0.00124481, 0.018216)

Position: (-0.491552, -0.398231, -1.31106)
Size: (0.0420731, 0.131421, 0.175116)

Position: (0.152641, 0.454046, 0.371027)
Size: (0.196964, 0.00352946, 0.271831)

Position: (-0.107104, -0.942286, 0.33259)
Size: (0.291332, 0.296905, 0.082952)

Position: (1.26374, -1.01619, -0.357412)
Size: (0.151851, 0.210485, 0.194873)

Position: (-0.44253, -1.16759, -1.24918)
Size: (0.157386, 0.0411231, 0.237733)

Position: (-1.37828, 0.890544, 0.815326)
Size: (0.0358031, 0.238917, 0.129467)

Position: (0.562308, -0.211219, -0.76219)
Size: (0.120922, 0.0906758, 0.117896)

Position: (0.217883, -0.858504, 1.35571)
Size: (0.077384, 0.224773, 0.282371)

Position: (0.38432, 0.0642682, -0.949532)
Size: (0.0675779, 0.242721, 0.195151)

Position: (0.644796, 1.00731, 1.18982)
Size: (0.10567, 0.0560401, 0.272595)

Position: (-0.901643, -0.0767287, -1.12944)
Size: (0.126411, 0.142128, 0.267411)

Position: (0.23015, -1.18029, 0.90004)
Size: (0.287412, 0.0523232, 0.208782)

Position: (-0.851722, -0.474294, 0.564073)
Size: (0.266349, 0.159621, 0.0180894)

Position: (-0.825156, 0.970674, 1.28355)
Size: (0.187959, 0.147889, 0.164815)

Position: (0.342617, -1.47652, 1.18135)
Size: (0.13265, 0.236258, 0.0572891)

Position: (1.38459, 0.260248, 0.147793)
Size: (0.252985, 0.263174, 0.0946046)

