Position: (-0.281574, -1.09069, -0.831736)
Size: (0.262781, 0.124192, 0.00139732)

Position: (-0.721462, -0.802407, 0.663279)
Size: (0.0253002, 0.237765, 0.196241)

Position: (-0.660704, 0.539626, -0.807318)
Size: (0.285151, 0.0015308, 0.169026)

Position: (-0.801055, 1.37621, 0.925946)
Size: (0.224849, 0.109583, 0.241312)

Position: (-1.26199, 0.648376, -0.837363)
Size: (0.277181, 0.201877, 0.102278)

Position: (-1.49936, -1.39644, 1.40992)
Size: (0.283475, 0.208614, 0.279861)

Position: (-0.850266, -1.27202, 1.32407)
Size: (0.00440581, 0.128524, 0.138557)

Position: (-0.294206, 0.787962, 0.0421047)
Size: (0.130011, 0.19983, 0.0480036)

Position: (-0.297198, 1.40219, -0.64182)
Size: (0.108668, 0.136505, 0.132546)

Position: (0.587296, -0.922328, 0.592119)
Size: (0.0269428, 0.0814167, 0.193531)

Position: (-0.221052, 0.953471, -1.20513)
Size: (0.199957, 0.190485, 0.263839)

Position: (-0.165656, -0.940982, 0.438636)
Size: (0.228326, 0.0671598, 0.102475)

Position: (0.147741, -0.564669, -1.32661)
Size: (0.292154, 0.24508, 0.113266)

Position: (0.479784, 0.379125, 0.285229)
Size: (0.21656, 0.297273, 0.21898)

Position: (-1.33428, -0.00777134, -0.751511)
Size: (0.24494, 0.0851389, 0.144204)

Position: (-1.43562, -1.34988, 0.633715)
Size: (0.0558947, 0.112087, 0.288876)

Position: (0.482792, 0.751936, 1.24867)
Size: (0.250733, 0.175794, 0.135051)

Position: (0.0191271, -1.47889, -1.19513)
Size: (0.101879, 0.287699, 0.0263063)

Position: (-0.746952, 1.03553, -0.951796)
Size: (0.0452782, 0.0148772, 0.178985)

Position: (0.233527, 0.960004, -0.365116)
Size: (0.170024, 0.266058, 0.0562963)

Position: (-0.529715, 0.884091, -1.28146)
Size: (0.0514944, 0.043022, 0.109621)

Position: (-0.16031, 1.43512, 1.07992)
Size: (0.114929, 0.0826229, 0.248684)

Position: (0.521781, -0.191976, -0.284057)
Size: (0.19599, 0.144581, 0.152543)

Position: (-0.188211, 0.797994, -0.132339)
Size: (0.192063, 0.203057, 0.241971)

Position: (-0.973969, -1.38398, -0.435839)
Size: (0.27866, 0.197411, 0.183054)

Position: (0.250946, 0.40576, 1.47913)
Size: (0.0176807, 0.0314664, 0.0771953)

Position: (0.100163, -0.797935, -1.14894)
Size: (0.274813, 0.129788, 0.117915)

Position: (0.547421, -0.281626, -1.41367)
Size: (0.296759, 0.0766544, 0.0775445)

Position: (0.152834, 0.306426, 0.56151)
Size: (0.203955, 0.157738, 0.235018)

Position: (1.03336, 1.21598, 0.870009)
Size: (0.0102685, 0.179687, 0.229105)

Position: (-0.773444, -1.4352, 0.715968)
Size: (0.012266, 0.129805, 0.155474)

Position: (1.13755, 0.309777, 0.697949)
Size: (0.201124, 0.0785456, 0.114065)

