Position: (0.266311, -0.681364, -1.47986)
Size: (0.197962, 0.209171, 0.178077)

Position: (1.04197, 0.700245, 0.250259)
Size: (0.259788, 0.0760307, 0.126013)

Position: (-0.449754, -0.208946, 1.04356)
Size: (0.202167, 0.0197565, 0.00158528)

Position: (-0.685122, -1.44699, 0.412962)
Size: (0.133686, 0.0857526, 0.0802311)

Position: (0.433977, 0.232311, 1.02539)
Size: (0.251071, 0.0234487, 0.0353192)

Position: (-0.85723, 0.808532, 0.36872)
Size: (0.268925, 0.101828, 0.286024)

Position: (-0.323385, 0.740557, 0.584163)
Size: (0.162885, 0.214727, 0.192926)

Position: (0.94, -0.27438, 1.1141)
Size: (0.206772, 0.129365, 0.0118371)

Position: (1.31128, 1.38533, -1.35766)
Size: (0.0745067, 0.268019, 0.154505)

Position: (-1.0139, 0.56932, 0.0305252)
Size: (0.197186, 0.164616, 0.107347)

Position: (-1.17286, 0.615666, 0.457983)
Size: (0.210203, 0.27505, 0.124117)

Position: (0.728779, 0.110502, -1.28301)
Size: (0.0335257, 0.134053, 0.173208)

Position: (-0.426861, 0.0322748, 1.33902)
Size: (0.0999346, 0.208892, 0.26197)

Position: (0.601966, 0.756346, 0.977021)
Size: (0.0692146, 0.245147, 0.0362753)

Position: (0.818248, -0.419077, 1.42607)
Size: (0.0934702, 0.0058489, 0.254598)

Position: (-0.383854, -0.81602, 1.23875)
Size: (0.109672, 0.179706, 0.149806)

Position: (0.354417, 0.0112509, -0.86249)
Size: (0.105837, 0.12532, 0.263339)

Position: (1.17053, -0.178128, 0.520231)
Size: (0.228434, 0.0353409, 0.0237624)

Position: (-0.880837, 0.288853, -0.704136)
Size: (0.175201, 0.267849, 0.0721498)

Position: (-0.433531, 0.135581, 0.314622)
Size: (0.141926, 0.0277637, 0.155288)

Position: (-0.182486, -0.344876, 0.417092)
Size: (0.106995, 0.235819, 0.152816)

Position: (-1.31783, 1.38875, 0.587484)
Size: (0.267443, 0.242042, 0.00819253)

Position: (-0.0505917, -0.947431, -0.704554)
Size: (0.151484, 0.246743, 0.0337068)

Position: (-1.39814, -0.468567, 0.198808)
Size: (0.258101, 0.0521141, 0.12058)

Position: (1.40142, -0.925666, 0.691747)
Size: (0.219953, 0.128478, 0.0496401)

Position: (-0.916195, -0.29675, 0.262039)
Size: (0.227588, 0.175139, 0.175963)

Position: (1.46435, 0.765412, 0.0181439)
Size: (0.119077, 0.149742, 0.0361037)

Position: (0.0056581, 0.938131, -0.351317)
Size: (0.244818, 0.146098, 0.164733)

Position: (-0.533331, 0.474925, 0.902422)
Size: (0.0372569, 0.015624, 0.263821)

Position: (-0.906427, -0.448187, 0.412344)
Size: (0.155423, 0.107542, 0.28591)

Position: (-0.782482, 1.3606, -1.03442)
Size: (0.0868916, 0.277894, 0.114282)

Position: (0.688209, 0.373656, 0.838464)
Size: (0.295099, 0.209829, 0.142374)

