Position: (-0.437404, 0.617621, 0.421403)
Size: (0.0728655, 0.152605, 0.0317137)

Position: (-0.0417882, 0.910108, 1.23577)
Size: (0.102785, 0.298042, 0.144309)

Position: (0.556267, 0.987958, -1.18481)
Size: (0.0989077, 0.00976328, 0.156082)

Position: (0.530642, -0.683979, -0.120273)
Size: (0.175678, 0.239699, 0.0810404)

Position: (0.00418725, -0.212039, 0.192432)
Size: (0.0402634, 0.0541662, 0.132308)

Position: (0.260207, 1.08267, -0.454997)
Size: (0.0453965, 0.137148, 0.0105758)

Position: (-1.02625, -0.903544, -0.645989)
Size: (0.0103777, 0.0876153, 0.0650785)

Position: (0.348338, 0.0336177, 0.738955)
Size: (0.298869, 0.277122, 0.195171)

Position: (-0.333772, -1.29287, -1.47564)
Size: (0.182356, 0.130936, 0.235638)

Position: (-0.188167, -0.526419, 1.26796)
Size: (0.0189105, 0.0774483, 0.0683919)

Position: (-0.913615, -0.646805, 0.220687)
Size: (0.26818, 0.295889, 0.151775)

Position: (0.515454, -1.32442, -1.31445)
Size: (0.0165796, 0.142897, 0.0126541)

Position: (0.340204, 0.817935, 0.334689)
Size: (0.175505, 0.0498274, 0.119959)

Position: (0.148847, 0.5301, -1.08543)
Size: (0.23112, 0.238509, 0.125621)

Position: (-1.29802, 0.570998, 0.351222)
Size: (0.265633, 0.126519, 0.250997)

Position: (-1.23648, -1.40204, -0.743857)
Size: (0.245815, 0.284879, 0.22068)

Position: (0.331982, 1.25715, 0.510322)
Size: (0.0974276, 0.217144, 0.137156)

Position: (0.96245, 1.42813, -0.783123)
Size: (0.0857244, 0.191754, 0.29263)

Position: (0.0284799, -0.00508724, 1.48545)
Size: (0.0871667, 0.186571, 0.12904)

Position: (-0.172526, -0.556039, -0.381511)
Size: (0.287472, 0.181587, 0.069144)

Position: (-0.212871, 0.717005, -0.69042)
Size: (0.230754, 0.194698, 0.0458916)

Position: (-0.583624, -0.0938187, 0.0168211)
Size: (0.295897, 0.0156679, 0.0766788)

Position: (1.4268, 0.397216, -0.0739429)
Size: (0.0156948, 0.0780854, 0.0237587)

Position: (-1.34583, -1.01667, -0.660075)
Size: (0.0692933, 0.138462, 0.0474102)

Position: (-0.346702, 0.540345, 0.641578)
Size: (0.175209, 0.0765709, 0.0907197)

Position: (-0.884049, 0.564067, -0.737822)
Size: (0.0199389, 0.031232, 0.00929452)

Position: (-0.923475, -0.0197821, 0.179409)
Size: (0.104813, 0.150224, 0.22635)

Position: (-1.15347, 0.747305, -0.633233)
Size: (0.161371, 0.174137, 0.295003)

Position: (1.28329, -0.062681, 1.05839)
Size: (0.269797, 0.277954, 0.250541)

Position: (-0.394297, -0.0577394, -0.132447)
Size: (0.0928711, 0.0552312, 0.146769)

Position: (1.27821, -0.175428, 1.3699)
Size: (0.152971, 0.230289, 0.150899)

Position: (0.858208, 0.909659, 0.152916)
Size: (0.0671882, 0.129171, 0.08783)

