Position: (-0.778874, -0.615939, -1.34354)
Size: (0.294579, 0.288617, 0.24057)

Position: (-1.05109, 0.904043, 0.946309)
Size: (0.0127805, 0.274617, 0.00641853)

Position: (1.43314, 0.476795, -0.276829)
Size: (0.0115132, 0.280834, 0.122503)

Position: (-0.543466, 1.29701, 0.445474)
Size: (0.183036, 0.13247, 0.0272728)

Position: (1.41006, 0.463054, -0.342563)
Size: (0.0340295, 0.0369983, 0.14041)

Position: (1.11496, -1.25571, 0.964559)
Size: (0.108822, 0.10438, 0.0828799)

Position: (0.560875, -0.44409, 1.22419)
Size: (0.092161, 0.210986, 0.0522081)

Position: (-1.17657, 1.42458, 0.39049)
Size: (0.224118, 0.221779, 0.202988)

Position: (-0.471095, 0.70495, 0.669083)
Size: (0.175589, 0.0791977, 0.228439)

Position: (0.276259, 1.27184, -0.278264)
Size: (0.188807, 0.130586, 0.20658)

Position: (1.30262, 0.015928, -1.03711)
Size: (0.0533579, 0.243917, 0.169809)

Position: (-0.727058, 0.527395, 0.739582)
Size: (0.20227, 0.137492, 0.221706)

Position: (0.357463, -0.630944, 0.378394)
Size: (0.256997, 0.234894, 0.27982)

Position: (-0.819398, 1.4958, 0.385245)
Size: (0.264033, 0.208411, 0.182648)

Position: (-1.24667, 1.41168, -0.413961)
Size: (0.0683792, 0.0546789, 0.164207)

Position: (1.41331, 1.15785, -0.590828)
Size: (0.0512825, 0.00433516, 0.086898)

Position: (-0.501809, -0.267848, -0.643153)
Size: (0.145528, 0.219622, 0.0958168)

Position: (0.459329, -0.472685, -0.0967648)
Size: (0.0622525, 0.127388, 0.222599)

Position: (-0.53748, 0.17162, 0.163728)
Size: (0.160042, 0.228152, 0.014061)

Position: (-0.518844, -1.03123, 0.689015)
Size: (0.108877, 0.166318, 0.239949)

Position: (-0.464724, 0.298729, -1.41887)
Size: (0.189256, 0.213263, 0.27299)

Position: (0.78365, 1.49078, -0.722168)
Size: (0.292316, 0.254783, 0.0134918)

Position: (-0.0660115, -0.173475, -1.36166)
Size: (0.157624, 0.135936, 0.0791868)

Position: (0.429707, -1.29884, -0.298771)
Size: (0.232396, 0.157443, 0.253781)

Position: (-1.25963, -1.20945, -1.4467)
Size: (0.212788, 0.0413873, 0.0354392)

Position: (-0.965739, 0.451814, 0.126894)
Size: (0.0437458, 0.224879, 0.111144)

Position: (-1.338, 1.21151, 0.717192)
Size: (0.226254, 0.00120025, 0.290763)

Position: (-1.46816, -0.577661, -0.337192)
Size: (0.233689, 0.160901, 0.299654)

Position: (-1.37197, -1.06868, 0.58032)
Size: (0.226758, 0.032128, 0.275576)

Position: (1.36727, -0.859961, 0.71125)
Size: (0.196252, 0.0887325, 0.0566828)

Position: (0.934165, 0.812174, 0.896482)
Size: (0.173868, 0.284106, 0.124281)

Position: (-0.875258, 0.353445, 0.00420459)
Size: (0.0105292, 0.0647788, 0.074436)

