Position: (1.2501, -1.46143, 1.07278)
Size: (0.0553477, 0.252652, 0.165694)

Position: (1.20867, 0.613988, 1.38868)
Size: (0.17613, 0.261913, 0.149282)

Position: (1.31664, 1.49492, 1.47646)
Size: (0.0807286, 0.188907, 0.0453262)

Position: (-0.378996, -1.01246, 0.813935)
Size: (0.181636, 0.21881, 0.297403)

Position: (1.17023, -1.09395, -1.34639)
Size: (0.0801196, 0.0563974, 0.0131412)

Position: (-0.311613, 0.485245, 0.134006)
Size: (0.151845, 0.182435, 0.148443)

Position: (0.792557, -0.547613, -0.531941)
Size: (0.224605, 0.141949, 0.291338)

Position: (-0.187268, 0.564462, 0.518786)
Size: (0.123537, 0.280266, 0.0869081)

Position: (0.242161, -1.0508, 0.000957341)
Size: (0.168286, 0.293803, 0.013483)

Position: (1.01254, 0.137856, 1.00168)
Size: (0.185742, 0.058266, 0.0723967)

Position: (1.06978, 0.894, -0.5116)
Size: (0.168526, 0.0111596, 0.113901)

Position: (1.07857, 1.05432, 1.18191)
Size: (0.0356687, 0.248189, 0.0697405)

Position: (1.27697, -0.960628, -0.19678)
Size: (0.00332508, 0.118618, 0.0209946)

Position: (-1.47319, 0.604595, 1.43457)
Size: (0.107102, 0.286675, 0.0740456)

Position: (0.996615, 1.06858, -1.11384)
Size: (0.0516489, 0.0127505, 0.0592486)

Position: (1.432, 0.0349602, 0.993652)
Size: (0.111365, 0.173923, 0.0884245)

Position: (0.163142, -0.675398, 0.731101)
Size: (0.00615754, 0.248882, 0.0665413)

Position: (-1.10164, -1.08451, -1.26854)
Size: (0.225078, 0.105595, 0.17559)

Position: (-0.33167, 0.518217, 1.47433)
Size: (0.276116, 0.139749, 0.135934)

Position: (-0.0556967, 0.862571, 0.860809)
Size: (0.00877761, 0.164211, 0.251413)

Position: (1.01595, 1.28503, -0.965828)
Size: (0.0128352, 0.119195, 0.241399)

Position: (0.571771, -0.866041, 0.0625781)
Size: (0.10684, 0.00989361, 0.256231)

Position: (-1.26833, -0.726198, -1.47033)
Size: (0.0417688, 0.200353, 0.0618506)

Position: (-0.620731, 0.0851563, -0.680525)
Size: (0.186028, 0.264683, 0.266379)

Position: (1.30592, 0.703276, -1.01379)
Size: (0.292528, 0.279888, 0.17745)

Position: (1.08398, 1.3883, 1.41341)
Size: (0.194674, 0.104234, 0.0649062)

Position: (-1.12793, -0.750644, 0.242374)
Size: (0.264017, 0.233999, 0.0552223)

Position: (-0.201426, -1.49488, 0.636646)
Size: (0.227864, 0.0332063, 0.0211808)

Position: (1.44798, -0.104132, 1.34083)
Size: (0.199168, 0.19038, 0.275643)

Position: (-1.21568, 0.274137, 0.0533302)
Size: (0.154845, 0.200449, 0.0615838)

Position: (-1.00342, -1.12278, 0.825993)
Size: (0.094008, 0.141203, 0.130879)

Position: (-0.426691, -1.31258, -1.28933)
Size: (0.111263, 0.0480933, 0.109635)

