Position: (1.03176, -0.725098, -0.87478)
Size: (0.12533, 0.073588, 0.0540987)

Position: (-0.584775, -1.17629, -1.06131)
Size: (0.0379109, 0.0550208, 0.183986)

Position: (0.0650352, -1.45472, -1.32366)
Size: (0.0499318, 0.0172814, 0.214028)

Position: (-1.46659, 0.984074, -0.814151)
Size: (0.0300521, 0.0925007, 0.240504)

Position: (1.07199, -0.0210532, -0.828046)
Size: (0.0489456, 0.0209957, 0.253692)

Position: (-0.0474056, 0.0948611, 1.29335)
Size: (0.0873661, 0.278268, 0.194399)

Position: (0.946406, 0.0507252, 1.01834)
Size: (0.199447, 0.221579, 0.182947)

Position: (1.06315, -0.768904, 1.19125)
Size: (0.0657414, 0.084502, 0.0275084)

Position: (-1.16949, -0.462235, -0.751822)
Size: (0.13418, 0.139372, 0.14112)

Position: (0.00987404, 0.933568, -0.769409)
Size: (0.122449, 0.127551, 0.221344)

Position: (-1.0973, 1.48839, 0.19595)
Size: (0.295233, 0.000585306, 0.256373)

Position: (-1.46461, -1.48844, -0.653754)
Size: (0.0053602, 0.293342, 0.165733)

Position: (1.08914, 0.857368, -1.27911)
Size: (0.266189, 0.0387666, 0.0718061)

Position: (-1.21516, 1.265, 0.527563)
Size: (0.0755636, 0.233753, 0.252044)

Position: (-0.816416, 0.745668, -0.892927)
Size: (0.111488, 0.141897, 0.13434)

Position: (-0.331255, 0.635693, -1.07244)
Size: (0.115393, 0.18391, 0.281465)

Position: (1.15964, 1.37263, -1.26464)
Size: (0.274979, 0.0297306, 0.134048)

Position: (0.0930039, -1.42363, -1.22264)
Size: (0.193062, 0.20111, 0.270228)

Position: (-0.372449, 0.463334, -0.371024)
Size: (0.167125, 0.295172, 0.069099)

Position: (-0.193447, 0.381839, 0.418334)
Size: (0.241944, 0.0844738, 0.0947893)

Position: (-1.24346, 1.26968, 0.558463)
Size: (0.244719, 0.155098, 0.0803738)

Position: (-1.31298, -0.879433, 1.21874)
Size: (0.140604, 0.0818833, 0.0890733)

Position: (0.906309, -0.375049, -1.46439)
Size: (0.0648728, 0.0155306, 0.101999)

Position: (-0.634532, 0.938782, -1.28308)
Size: (0.0115649, 0.127446, 0.175799)

Position: (0.896844, -0.514541, 0.504074)
Size: (0.277905, 0.00265653, 0.154701)

Position: (1.16248, 1.40069, 1.43344)
Size: (0.280835, 0.284796, 0.250806)

Position: (0.200935, 0.31155, 0.613536)
Size: (0.0818492, 0.284061, 0.0217577)

Position: (0.0912878, -1.12549, -0.121172)
Size: (0.182624, 0.200003, 0.0356566)

Position: (1.35176, -1.12899, -0.105437)
Size: (0.101416, 0.0179864, 0.122917)

Position: (1.14577, -1.43569, 1.41396)
Size: (0.110335, 0.152061, 0.129078)

Position: (-0.988278, -0.713609, 0.182434)
Size: (0.21969, 0.107013, 0.233048)

Position: (-0.0255944, -0.665681, 0.179893)
Size: (0.138177, 0.0743941, 0.249549)

