Position: (-0.992796, 0.0522062, -0.140477)
Size: (0.195802, 0.276076, 0.295465)

Position: (0.860686, 0.503654, 0.610863)
Size: (0.0419766, 0.110571, 0.278689)

Position: (0.249684, -1.23012, -1.33733)
Size: (0.0308485, 0.167535, 0.168555)

Position: (0.549517, -0.0473383, -0.736069)
Size: (0.0733912, 0.273535, 0.184799)

Position: (-0.990175, 0.647226, -0.780667)
Size: (0.207519, 0.136354, 0.139637)

Position: (0.44011, -0.965782, 0.863579)
Size: (0.208193, 0.145531, 0.0795961)

Position: (-0.915348, -1.45743, 0.594505)
Size: (0.253792, 0.210087, 0.235953)

Position: (0.762819, -0.128829, 0.3201)
Size: (0.258282, 0.250127, 0.10483)

Position: (0.322032, -0.281554, -1.43358)
Size: (0.164682, 0.133812, 0.0686661)

Position: (1.48413, 0.547457, -0.00953754)
Size: (0.173622, 0.18448, 0.111378)

Position: (1.04245, 0.90759, -1.07221)
Size: (0.0836414, 0.115779, 0.149046)

Position: (-0.882126, -0.352414, -0.337468)
Size: (0.241995, 0.274505, 0.204196)

Position: (0.854216, -1.34867, -0.110544)
Size: (0.216962, 0.110035, 0.173799)

Position: (0.901247, 1.47232, 1.45511)
Size: (0.248295, 0.00823884, 0.285473)

Position: (0.277516, -0.107276, 1.15548)
Size: (0.166496, 0.222942, 0.00770701)

Position: (1.43241, 0.329461, -1.17072)
Size: (0.036312, 0.21513, 0.183959)

Position: (-1.29724, 1.00454, -0.787507)
Size: (0.241187, 0.014612, 0.0390529)

Position: (-0.659864, 0.466834, 0.245917)
Size: (0.163628, 0.218457, 0.280733)

Position: (0.937681, 1.34894, 0.478688)
Size: (0.284758, 0.173907, 0.148446)

Position: (1.2833, 1.49676, -1.2429)
Size: (0.208097, 0.224683, 0.195318)

Position: (-0.66795, 0.370683, -0.303958)
Size: (0.0372601, 0.237813, 0.220544)

Position: (0.794691, 1.25374, -1.08123)
Size: (0.050778, 0.0277753, 0.160734)

Position: (0.2454, 1.40748, 0.737282)
Size: (0.202568, 0.0687079, 0.114475)

Position: (0.691962, -1.39036, 1.15767)
Size: (0.0675814, 0.147307, 0.260747)

Position: (0.0391268, -1.2359, -1.43435)
Size: (0.00167687, 0.0119463, 0.257764)

Position: (0.76067, 0.828846, 0.847283)
Size: (0.132549, 0.120482, 0.220272)

Position: (0.225723, -0.798109, -0.577571)
Size: (0.258187, 0.217684, 0.197123)

Position: (1.01841, 1.18253, -0.348287)
Size: (0.132644, 0.0601865, 0.221495)

Position: (1.20506, 1.31503, 0.7791)
Size: (0.264796, 0.225731, 0.137664)

Position: (0.483264, -0.676304, -1.07202)
Size: (0.103012, 0.130615, 0.267085)

Position: (1.22896, 0.958628, 0.702871)
Size: (0.108727, 0.271602, 0.244432)

Position: (0.417268, 0.954972, 0.82238)
Size: (0.242231, 0.153666, 0.179947)

