Position: (-0.754263, -0.974412, -0.533327)
Size: (0.257302, 0.0633966, 0.113323)

Position: (1.06557, -1.45483, 0.10589)
Size: (0.145229, 0.196987, 0.204284)

Position: (-0.127748, 0.602408, 0.593188)
Size: (0.268243, 0.0226834, 0.176813)

Position: (0.410897, 0.205217, 0.511127)
Size: (0.187385, 0.246791, 0.12313)

Position: (1.47603, -0.943574, -1.14315)
Size: (0.0588568, 0.204012, 0.15558)

Position: (0.891908, -0.757022, -1.40063)
Size: (0.0717204, 0.166905, 0.287022)

Position: (1.07763, 0.972377, -0.228835)
Size: (0.253316, 0.167596, 0.297222)

Position: (-0.719177, 0.200047, 0.738079)
Size: (0.299567, 0.241801, 0.0229335)

Position: (1.38969, 0.747827, -0.238932)
Size: (0.164545, 0.270042, 0.0355174)

Position: (0.168533, -0.936209, 0.530995)
Size: (0.222332, 0.0309049, 0.0431628)

Position: (-0.270349, 1.19194, -0.362029)
Size: (0.0835661, 0.0688696, 0.221843)

Position: (-0.0287797, -0.776365, -0.948245)
Size: (0.0795756, 0.104541, 0.273669)

Position: (-1.21629, 0.433439, 0.943791)
Size: (0.0286169, 0.0872328, 0.0491353)

Position: (0.185994, 0.0645704, 0.054915)
Size: (0.00445448, 0.158397, 0.0416929)

Position: (-0.37503, -1.36769, 1.1011)
Size: (0.145041, 0.0912504, 0.294972)

Position: (-0.2862, 1.09995, -0.814913)
Size: (0.26064, 0.248638, 0.243717)

Position: (0.165305, -0.601781, 0.390861)
Size: (0.292209, 0.0261094, 0.130836)

Position: (0.742908, 1.38985, 1.27767)
Size: (0.175193, 0.160303, 0.0395856)

Position: (1.45237, -0.850211, -0.817296)
Size: (0.20067, 0.233727, 0.291748)

Position: (0.497667, -0.202502, -0.170315)
Size: (0.0435149, 0.0941329, 0.209355)

Position: (-0.627661, -1.42599, 1.15576)
Size: (0.0664056, 0.260967, 0.0317782)

Position: (-0.569084, -0.939467, -0.187324)
Size: (0.281331, 0.28514, 0.119642)

Position: (-0.480683, -0.985079, -0.441999)
Size: (0.263899, 0.12269, 0.234164)

Position: (1.31614, 1.2374, -0.777604)
Size: (0.0424349, 0.0850912, 0.0675053)

Position: (-1.13324, 1.25909, -0.26355)
Size: (0.276286, 0.0285804, 0.145373)

Position: (-0.668549, -0.338474, -0.720046)
Size: (0.278502, 0.209088, 0.0685279)

Position: (0.121147, 1.28827, 0.0231374)
Size: (0.142578, 0.0514738, 0.0827668)

Position: (-0.652799, 1.19691, -0.582619)
Size: (0.168875, 0.276974, 0.044545)

Position: (0.955849, -0.471365, 0.530178)
Size: (0.0147921, 0.163193, 0.00698612)

Position: (-0.981981, 0.205182, -0.919595)
Size: (0.269685, 0.0285104, 0.25293)

Position: (0.165448, 1.29944, -0.714841)
Size: (0.272652, 0.167906, 0.01202)

Position: (-1.13053, 0.959247, -0.194827)
Size: (0.21432, 0.0955574, 0.199101)

