Position: (-0.516933, 0.850045, -0.237849)
Size: (0.18474, 0.249085, 0.0877875)

Position: (-1.38421, 0.45125, 0.546578)
Size: (0.00163623, 0.0460759, 0.00432955)

Position: (-0.164307, 0.689103, -0.708543)
Size: (0.248945, 0.0739845, 0.217465)

Position: (-0.400754, -0.654637, -1.45097)
Size: (0.0101194, 0.216415, 0.0364416)

Position: (1.34862, -0.462061, -1.16751)
Size: (0.299262, 0.260795, 0.0286719)

Position: (-0.871973, 0.396108, 0.500974)
Size: (0.0693549, 0.227419, 0.148808)

Position: (-1.07244, -1.00763, 0.858865)
Size: (0.024248, 0.12653, 0.0570288)

Position: (1.1076, -1.30077, -0.28423)
Size: (0.0514213, 0.285679, 0.067361)

Position: (0.0996514, -0.849747, -0.303825)
Size: (0.00280455, 0.192436, 0.243268)

Position: (-0.635918, -1.10753, 0.58134)
Size: (0.0997221, 0.21576, 0.120337)

Position: (1.4022, -0.172977, 0.178454)
Size: (0.0314546, 0.0084264, 0.0930426)

Position: (0.402115, -0.61318, -1.11881)
Size: (0.17643, 0.15375, 0.00701945)

Position: (-0.884491, -1.13771, -0.0374825)
Size: (0.152453, 0.127533, 0.0623483)

Position: (-0.348265, -1.07047, 1.36625)
Size: (0.144595, 0.115841, 0.205225)

Position: (0.55967, -0.789176, -0.396137)
Size: (0.0757977, 0.142411, 0.27018)

Position: (-1.0198, 1.07374, 0.708321)
Size: (0.0551969, 0.181267, 0.0343747)

Position: (-0.918638, -0.574728, 0.0814725)
Size: (0.218677, 0.0777724, 0.0166361)

Position: (0.956746, -0.110282, -1.01206)
Size: (0.0756354, 0.0901731, 0.0948296)

Position: (0.192265, 1.17561, -1.10676)
Size: (0.102292, 0.0295809, 0.0106795)

Position: (-0.957641, -1.22702, 0.75989)
Size: (0.29689, 0.0628507, 0.0135161)

Position: (-1.40281, -0.949776, -0.65482)
Size: (0.177312, 0.282503, 0.222863)

Position: (-0.527709, -0.728358, 0.89626)
Size: (0.0649095, 0.208558, 0.118496)

Position: (0.794798, -0.43456, -0.00783691)
Size: (0.238314, 0.204396, 0.295321)

Position: (0.565244, 1.46039, -1.46428)
Size: (0.078391, 0.150731, 0.275549)

Position: (-1.45574, 0.0227583, 0.0944314)
Size: (0.254455, 0.124752, 0.116138)

Position: (-1.46697, 0.72089, 0.416158)
Size: (0.112914, 0.0774982, 0.0129676)

Position: (-0.234769, -0.815837, -0.544436)
Size: (0.235455, 0.123148, 0.203692)

Position: (0.606816, 1.41904, -0.472808)
Size: (0.063273, 0.23411, 0.171858)

Position: (1.19897, -0.190337, -0.930782)
Size: (0.143821, 0.262134, 0.0481312)

Position: (0.824914, -0.511567, 1.29988)
Size: (0.266664, 0.234513, 0.114191)

Position: (1.25848, 0.936968, 1.4178)
Size: (0.266094, 0.114843, 0.0342697)

Position: (-0.860303, 1.34868, -0.615152)
Size: (0.171187, 0.0529597, 0.0192107)

