Position: (-0.369066, -1.18359, 0.491171)
Size: (0.278229, 0.164248, 0.258617)

Position: (-0.512864, -1.43765, 0.846714)
Size: (0.0908657, 0.207494, 0.0756581)

Position: (0.989988, 1.02662, -0.079126)
Size: (0.128854, 0.253889, 0.0571866)

Position: (-0.739264, -1.14621, 1.21148)
Size: (0.261361, 0.225836, 0.109286)

Position: (0.63067, -0.329192, 0.847716)
Size: (0.0317223, 0.284331, 0.0579345)

Position: (-0.734546, 1.23479, 0.0998546)
Size: (0.00865844, 0.11091, 0.0679009)

Position: (-0.675502, 0.126265, -0.384177)
Size: (0.210439, 0.067867, 0.164764)

Position: (0.895419, -0.491108, 1.44449)
Size: (0.278632, 0.0107052, 0.292861)

Position: (1.18865, -0.0926292, -0.620046)
Size: (0.0384331, 0.237196, 0.070555)

Position: (1.45889, 0.0205629, 0.266199)
Size: (0.0196739, 0.265357, 0.0429088)

Position: (-0.647721, 0.79293, -0.661186)
Size: (0.0430145, 0.199526, 0.107048)

Position: (0.416331, -0.222631, 0.0093739)
Size: (0.249885, 0.250217, 0.125035)

Position: (0.0631902, -0.0658178, 1.41271)
Size: (0.0849099, 0.130489, 0.211959)

Position: (-0.925342, -0.808694, 1.00966)
Size: (0.0523428, 0.200063, 0.115297)

Position: (1.1856, 0.560542, 1.14456)
Size: (0.0261299, 0.108563, 0.1029)

Position: (-1.01588, -0.166354, -1.38404)
Size: (0.131044, 0.104313, 0.256952)

Position: (-1.18017, 1.32955, 0.969295)
Size: (0.121293, 0.0636062, 0.00735622)

Position: (1.4677, -0.233554, -1.15556)
Size: (0.131088, 0.0865414, 0.157536)

Position: (0.0648291, 0.567088, 0.52553)
Size: (0.0214586, 0.0578304, 0.135643)

Position: (-1.10273, -1.33132, 0.711769)
Size: (0.0999823, 0.104928, 0.101136)

Position: (-1.07977, 0.465171, -0.44157)
Size: (0.160419, 0.243537, 0.0763449)

Position: (0.73194, -1.17811, 1.03298)
Size: (0.108297, 0.0778278, 0.15577)

Position: (0.0304036, -0.0388919, -0.0780105)
Size: (0.15709, 0.00497399, 0.245473)

Position: (0.628653, -0.116576, 1.26891)
Size: (0.242694, 0.260095, 0.148066)

Position: (-0.68589, 0.169784, -1.45799)
Size: (0.232864, 0.226881, 0.215453)

Position: (-1.26473, -1.02499, 1.33478)
Size: (0.296407, 0.160343, 0.194332)

Position: (0.635836, -1.10211, -0.281134)
Size: (0.241521, 0.0130456, 0.293519)

Position: (0.265211, 0.0177562, -1.17807)
Size: (0.0770301, 0.165087, 0.20804)

Position: (-0.559316, -0.0779211, 1.44099)
Size: (0.0592192, 0.282144, 0.0781701)

Position: (-0.665516, 0.445769, -0.304053)
Size: (0.234632, 0.0165658, 0.0619503)

Position: (-0.794161, 0.284154, -1.00189)
Size: (0.0247959, 0.015128, 0.000352417)

Position: (-0.0188029, 0.211647, 1.09814)
Size: (0.264437, 0.214507, 0.00516463)

