Position: (-0.863435, -0.356727, 1.21154)
Size: (0.226437, 0.231872, 0.0373882)

Position: (-1.14796, -1.1597, -1.16955)
Size: (0.214214, 0.0294011, 0.288741)

Position: (0.451101, -1.0985, 0.631671)
Size: (0.257085, 0.0156113, 0.238194)

Position: (1.24522, -0.896141, 1.30997)
Size: (0.111714, 0.170695, 0.185616)

Position: (0.511798, -1.38923, 0.663033)
Size: (0.219521, 0.242557, 0.0939291)

Position: (-0.125022, -1.29829, -1.29457)
Size: (0.03716, 0.0246193, 0.295369)

Position: (-0.297972, -0.971528, 0.0165066)
Size: (0.00744273, 0.197101, 0.0474358)

Position: (-1.24566, -0.744606, 0.823709)
Size: (0.182944, 0.297053, 0.246977)

Position: (0.16697, 0.309112, -0.472454)
Size: (0.0598777, 0.0205707, 0.159265)

Position: (1.0001, -1.33246, -0.949784)
Size: (0.207153, 0.265199, 0.28516)

Position: (-0.707824, 1.23452, -0.525778)
Size: (0.0108124, 0.22264, 0.274924)

Position: (0.46317, 1.09921, 0.0882521)
Size: (0.0695334, 0.181561, 0.130063)

Position: (-0.542179, 0.682295, -0.831126)
Size: (0.117487, 0.264637, 0.235884)

Position: (1.3263, 1.09538, 1.3811)
Size: (0.0657463, 0.222178, 0.0594322)

Position: (-0.00387283, -0.873868, 0.384638)
Size: (0.267435, 0.162383, 0.0220622)

Position: (1.47762, 0.21841, -0.944128)
Size: (0.116913, 0.174707, 0.148847)

Position: (0.672727, -1.00379, 1.10454)
Size: (0.0155732, 0.0760271, 0.231707)

Position: (0.759754, -1.27774, 1.10148)
Size: (0.244762, 0.121783, 0.13673)

Position: (0.292143, 0.183168, 0.130392)
Size: (0.224869, 0.119539, 0.0188831)

Position: (-0.316768, 0.0251053, -1.00556)
Size: (0.161363, 0.126741, 0.0477953)

Position: (-1.19717, 0.741799, -1.14786)
Size: (0.188506, 0.00910512, 0.218129)

Position: (1.38656, 0.411441, -0.962921)
Size: (0.273152, 0.156447, 0.235973)

Position: (-1.01849, 0.621192, 0.865992)
Size: (0.0424744, 0.150386, 0.209019)

Position: (0.253315, -0.138631, -1.24591)
Size: (0.164098, 0.121435, 0.0544658)

Position: (-0.304025, -1.43033, -0.399454)
Size: (0.139619, 0.0387414, 0.0893316)

Position: (0.274291, 0.923873, 0.0775739)
Size: (0.00563326, 0.197859, 0.0785015)

Position: (-1.30231, 1.29491, -0.795931)
Size: (0.19356, 0.199871, 0.249378)

Position: (-1.45055, 0.878054, 0.892795)
Size: (0.0929609, 0.260595, 0.281657)

Position: (-0.874855, 1.34688, 1.12758)
Size: (0.0418546, 0.151102, 0.0760723)

Position: (-0.76121, -0.333004, 0.518683)
Size: (0.193355, 0.143415, 0.112451)

Position: (-1.29057, 0.677035, 1.13403)
Size: (0.283378, 0.0792763, 0.131988)

Position: (0.744038, 1.16543, -1.2492)
Size: (0.137445, 0.113896, 0.0301335)

