Position: (-0.961392, 0.309964, -0.428902)
Size: (0.0828496, 0.255697, 0.0104094)

Position: (0.979174, 1.22721, -0.446303)
Size: (0.10665, 0.297205, 0.0484464)

Position: (1.36696, -1.12935, -0.202406)
Size: (0.0784062, 0.288687, 0.0412454)

Position: (0.865176, 0.644328, 0.966592)
Size: (0.0830524, 0.17593, 0.0149153)

Position: (-0.0758486, 0.244515, -1.18803)
Size: (0.139107, 0.217461, 0.187106)

Position: (-1.31661, 0.482282, -1.05774)
Size: (0.179468, 0.160639, 0.0802021)

Position: (-0.030752, 1.20331, 0.935128)
Size: (0.120428, 0.203277, 0.228331)

Position: (-0.760034, 1.27156, -0.615049)
Size: (0.285395, 0.165006, 0.248339)

Position: (0.335847, -1.39607, -0.270106)
Size: (0.173721, 0.14416, 0.108661)

Position: (-0.373902, 0.480502, -0.754045)
Size: (0.280927, 0.197773, 0.0776598)

Position: (0.531416, -1.18834, 0.490057)
Size: (0.292316, 0.102635, 0.196296)

Position: (0.570345, 0.860683, -0.165064)
Size: (0.0604399, 0.273584, 0.11274)

Position: (0.0341053, 1.14649, -0.940689)
Size: (0.0267794, 0.293597, 0.0919533)

Position: (-1.21121, 1.40566, -0.217292)
Size: (0.0700658, 0.137073, 0.217198)

Position: (-1.07909, 0.795031, 0.225861)
Size: (0.074822, 0.167589, 0.270029)

Position: (-1.44424, 0.846655, 1.29097)
Size: (0.0485475, 0.143924, 0.126085)

Position: (-0.910448, 0.896741, 0.66216)
Size: (0.155421, 0.1077, 0.26546)

Position: (-0.2038, -0.830475, -0.85935)
Size: (0.0361042, 0.03494, 0.260333)

Position: (-0.733986, 1.12174, 0.914113)
Size: (0.131001, 0.191079, 0.0469584)

Position: (0.435846, -1.14433, 1.36724)
Size: (0.103894, 0.136401, 0.130141)

Position: (0.217404, 0.45481, -0.220739)
Size: (0.197992, 0.224216, 0.000515346)

Position: (1.43095, -1.3064, 0.610251)
Size: (0.00812245, 0.295053, 0.213798)

Position: (-1.27168, -0.99165, -0.39872)
Size: (0.052596, 0.0651013, 0.0671074)

Position: (-0.920256, -0.236595, 0.736377)
Size: (0.230774, 0.000125242, 0.0509283)

Position: (0.0727825, -0.999571, -1.17082)
Size: (0.19902, 0.0370134, 0.167931)

Position: (-1.03565, -1.22108, -0.861856)
Size: (0.0353036, 0.102251, 0.0476247)

Position: (0.270471, -1.26845, -0.993587)
Size: (0.105966, 0.251435, 0.155146)

Position: (-1.22072, 0.268717, -0.598424)
Size: (0.000199713, 0.239149, 0.159556)

Position: (0.40682, -0.116217, -1.06064)
Size: (0.217409, 0.0636695, 0.256456)

Position: (1.43929, 0.997719, 0.186632)
Size: (0.173028, 0.258516, 0.0895753)

Position: (-1.34508, -0.5497, 0.0506658)
Size: (0.223924, 0.117503, 0.229097)

Position: (-1.49228, 0.667061, -1.02001)
Size: (0.24265, 0.116752, 0.00906746)

