Position: (0.378123, 0.691501, 0.387509)
Size: (0.29649, 0.0283474, 0.0155289)

Position: (-1.47406, -0.80588, -0.179289)
Size: (0.179082, 0.156484, 0.0413841)

Position: (-1.416, 1.3952, 0.730786)
Size: (0.236783, 0.292169, 0.183051)

Position: (-0.254045, 1.12062, -1.43251)
Size: (0.215226, 0.181667, 0.0681242)

Position: (-0.139607, -0.871088, 1.33171)
Size: (0.0163406, 0.0377945, 0.0877456)

Position: (0.187335, -0.152794, 0.901247)
Size: (0.213945, 0.267661, 0.216173)

Position: (-0.496596, -1.24934, 0.829809)
Size: (0.282703, 0.138269, 0.235342)

Position: (1.20223, -0.386232, -0.244157)
Size: (0.204182, 0.0912911, 0.266574)

Position: (-1.39483, -0.0210467, 1.04396)
Size: (0.236603, 0.223434, 0.14657)

Position: (1.45901, -0.932945, -0.602929)
Size: (0.270354, 0.0762487, 0.0729946)

Position: (0.160525, 0.572687, -0.429269)
Size: (0.299548, 0.227426, 0.0831653)

Position: (0.871453, 0.990899, -0.844253)
Size: (0.0494242, 0.0525983, 0.0778976)

Position: (0.257017, 0.164317, -0.46512)
Size: (0.182454, 0.211047, 0.184923)

Position: (-0.210787, 0.195474, -1.16642)
Size: (0.290676, 0.049061, 0.282704)

Position: (-1.43011, 1.26678, 0.801414)
Size: (0.0196686, 0.239546, 0.273467)

Position: (-0.487243, -1.41385, 0.437308)
Size: (0.284297, 0.269373, 0.232956)

Position: (-0.093341, 0.136381, -1.09025)
Size: (0.18181, 0.227289, 0.00700652)

Position: (-0.361269, 1.17431, -0.47716)
Size: (0.272863, 0.214705, 0.274435)

Position: (-1.19185, 0.869916, -1.13293)
Size: (0.00585945, 0.289067, 0.18337)

Position: (1.19845, 0.401751, -0.0869444)
Size: (0.241352, 0.122625, 0.110253)

Position: (-1.07772, -1.34289, 0.733932)
Size: (0.0455651, 0.151732, 0.171643)

Position: (-0.826833, 0.567006, -0.278516)
Size: (0.0505626, 0.134111, 0.159683)

Position: (1.15483, -1.15193, 0.657866)
Size: (0.0425035, 0.183106, 0.144048)

Position: (0.749116, -1.47411, 1.05365)
Size: (0.205028, 0.298471, 0.244287)

Position: (-0.097882, 0.205501, -1.06023)
Size: (0.291195, 0.0946721, 0.291286)

Position: (0.453188, 0.743458, 0.584259)
Size: (0.14108, 0.195473, 0.0640483)

Position: (-0.766522, 0.828193, 1.26955)
Size: (0.173687, 0.1596, 0.022644)

Position: (0.000964522, -0.601693, 0.855028)
Size: (0.204567, 0.240318, 0.292341)

Position: (-1.16854, 1.24866, 0.0999557)
Size: (0.0631148, 0.0522348, 0.0255257)

Position: (0.658268, -0.401635, -1.362)
Size: (0.0970749, 0.297328, 0.143589)

Position: (-1.30783, -1.08231, -1.13535)
Size: (0.109601, 0.176179, 0.163839)

Position: (0.871158, 0.0943428, 1.26374)
Size: (0.189334, 0.108366, 0.16107)

