Position: (1.33711, 0.888193, 0.924949)
Size: (8.63333e-05, 0.00203493, 0.135246)

Position: (0.614806, -0.583194, -1.35999)
Size: (0.288212, 0.216672, 0.0551757)

Position: (1.4042, -0.016461, 0.644315)
Size: (0.293586, 0.0818581, 0.249243)

Position: (0.118658, 1.4203, -1.08634)
Size: (0.269437, 0.0774473, 0.28847)

Position: (0.171001, -1.32074, -0.868314)
Size: (0.0473462, 0.0658358, 0.182515)

Position: (-1.28607, 0.814782, 0.699035)
Size: (0.131572, 0.217116, 0.0526753)

Position: (-1.46872, 0.0274416, -0.949944)
Size: (0.0115453, 0.135208, 0.243393)

Position: (1.22722, -0.847653, -0.929776)
Size: (0.244099, 0.0606702, 0.129498)

Position: (0.233062, -1.43359, -0.79257)
Size: (0.231092, 0.297716, 0.223863)

Position: (-0.519251, -1.06482, -0.0328939)
Size: (0.123386, 0.252291, 0.278594)

Position: (0.645576, -0.191593, 1.2732)
Size: (0.101352, 0.0296214, 0.185037)

Position: (-0.32226, 0.135979, 0.632157)
Size: (0.241777, 0.0804116, 0.00683614)

Position: (0.245179, -0.104572, -0.241339)
Size: (0.0980209, 0.224359, 0.20932)

Position: (1.44066, -0.2552, 0.0271408)
Size: (0.230987, 0.0788011, 0.272393)

Position: (0.279278, -0.460462, 0.491475)
Size: (0.111881, 0.181414, 0.00995485)

Position: (-1.45629, 0.0167386, -1.25754)
Size: (0.207759, 0.23945, 0.175022)

Position: (1.01923, -0.400329, -0.529711)
Size: (0.190535, 0.0306709, 0.00709067)

Position: (-0.807546, -1.42455, -0.839979)
Size: (0.226747, 0.110738, 0.00890459)

Position: (-1.14415, -0.313307, 1.04732)
Size: (0.132394, 0.0998397, 0.164286)

Position: (-0.708149, 0.240391, -1.06722)
Size: (0.244186, 0.170553, 0.175722)

Position: (-1.1816, -0.312049, 0.548102)
Size: (0.0179044, 0.0498574, 0.0960465)

Position: (-1.29222, -1.34648, -0.044314)
Size: (0.238771, 0.0102792, 0.138854)

Position: (-1.33129, 1.2751, -0.786885)
Size: (0.219727, 0.166284, 0.0769192)

Position: (-0.829422, -0.642116, 1.09181)
Size: (0.00683924, 0.280131, 0.264097)

Position: (1.21963, 0.863373, -0.753386)
Size: (0.216317, 0.26211, 0.263235)

Position: (0.339665, -0.930651, -0.464628)
Size: (0.228412, 0.0615662, 0.135359)

Position: (-1.24137, 0.319382, 0.495613)
Size: (0.0678787, 0.295877, 0.147926)

Position: (-1.40849, 0.525097, 0.629641)
Size: (0.182319, 0.131693, 0.0335244)

Position: (-0.45913, -0.0337841, 1.34715)
Size: (0.17804, 0.290318, 0.249081)

Position: (1.07403, 0.849025, -0.237292)
Size: (0.106743, 0.149145, 0.0734758)

Position: (-0.39264, -0.0610102, 0.759168)
Size: (0.272061, 0.127193, 0.0455881)

Position: (0.080063, 1.07395, -0.791616)
Size: (0.164574, 0.226159, 0.147206)

