Position: (-0.402037, -1.3647, -0.823388)
Size: (0.288299, 0.0381364, 0.293185)

Position: (-1.39067, 0.622656, 0.579597)
Size: (0.296777, 0.135406, 0.0454324)

Position: (0.163373, 0.62861, 1.04742)
Size: (0.251465, 0.135342, 0.0258892)

Position: (0.659794, 1.49606, -0.754615)
Size: (0.218616, 0.208886, 0.132756)

Position: (0.690835, -0.525726, 1.36868)
Size: (0.125338, 0.149782, 0.0861425)

Position: (-1.47286, -0.955547, 0.138902)
Size: (0.0151634, 0.27889, 0.123646)

Position: (0.306301, -0.276252, -0.378362)
Size: (0.299246, 0.0149893, 0.075835)

Position: (1.27072, -0.29804, -1.14293)
Size: (0.0739026, 0.203795, 0.263156)

Position: (1.29932, 1.45928, 0.689193)
Size: (0.249467, 0.265877, 0.0224996)

Position: (-0.206985, 0.08361, -1.41057)
Size: (0.000751762, 0.110058, 0.247301)

Position: (-1.074, 0.835988, -0.335273)
Size: (0.0831034, 0.17545, 0.0317589)

Position: (0.0372311, -0.823768, -1.28911)
Size: (0.264141, 0.090264, 0.0646653)

Position: (-1.20912, 0.762776, -1.36454)
Size: (0.222234, 0.150691, 0.0938011)

Position: (-1.02799, 0.339521, -1.13498)
Size: (0.0328692, 0.113175, 0.171841)

Position: (0.826728, 0.55814, 1.15901)
Size: (0.280377, 0.0387905, 0.222846)

Position: (1.15218, -0.167743, -1.3792)
Size: (0.152844, 0.066793, 0.266706)

Position: (0.317148, 0.817392, -1.00068)
Size: (0.281282, 0.147241, 0.0651651)

Position: (-0.481494, 1.0221, -0.234385)
Size: (0.227967, 0.081229, 0.193988)

Position: (-0.901004, -1.10989, -1.33928)
Size: (0.265959, 0.224927, 0.265168)

Position: (0.686963, -0.925489, 0.846166)
Size: (0.143468, 0.200863, 0.255077)

Position: (1.20537, 0.795669, -0.0955303)
Size: (0.257762, 0.234203, 0.0192252)

Position: (1.31183, -0.309492, -0.519886)
Size: (0.118475, 0.281977, 0.14893)

Position: (-1.25756, 1.28948, 1.41309)
Size: (0.0935418, 0.234858, 0.0647598)

Position: (-1.10533, 0.556867, -0.76709)
Size: (0.189861, 0.083554, 0.108004)

Position: (-1.42721, 1.44151, 0.151286)
Size: (0.175828, 0.237637, 0.153894)

Position: (-0.419473, -0.0974449, 1.11441)
Size: (0.296087, 0.104511, 0.0758517)

Position: (-0.706188, -1.0559, -1.19691)
Size: (0.248527, 0.275168, 0.0720617)

Position: (-0.0613103, 0.548923, 1.17981)
Size: (0.256241, 0.26305, 0.0458452)

Position: (0.742845, 0.724701, -1.38787)
Size: (0.140611, 0.298124, 0.276327)

Position: (-0.532265, 0.58496, 0.637923)
Size: (0.166178, 0.134579, 0.129672)

Position: (1.17128, -0.345417, -0.825179)
Size: (0.211496, 0.0223114, 0.260844)

Position: (0.706926, 0.794381, -0.876324)
Size: (0.18463, 0.258464, 0.0194848)

