Position: (-0.2398, -0.276059, -0.752245)
Size: (0.271523, 0.0520211, 0.15747)

Position: (0.0227911, -0.740895, -0.441149)
Size: (0.129868, 0.253573, 0.248834)

Position: (-0.778497, 0.904046, -0.0361074)
Size: (0.133878, 0.0196672, 0.0513164)

Position: (1.29985, 0.0812926, 0.867628)
Size: (0.00769905, 0.260443, 0.0733213)

Position: (0.570526, 1.06808, -0.937282)
Size: (0.0826389, 0.0608399, 0.237113)

Position: (1.03907, -0.826616, 0.497301)
Size: (0.277817, 0.219204, 0.146707)

Position: (-0.691066, 0.423037, -0.862691)
Size: (0.201663, 0.121129, 0.293327)

Position: (-0.376148, -0.830316, 0.130858)
Size: (0.259298, 0.0753386, 0.234796)

Position: (1.04022, 0.74866, -1.26442)
Size: (0.265261, 0.184216, 0.269373)

Position: (0.515552, 0.448076, 0.443814)
Size: (0.182372, 0.14875, 0.120014)

Position: (1.31306, 0.18286, 1.06499)
Size: (0.13866, 0.0533565, 0.103265)

Position: (1.42785, 0.150294, -0.403779)
Size: (0.150405, 0.166272, 0.155755)

Position: (0.512294, 0.908515, -1.22854)
Size: (0.240236, 0.0943092, 0.207403)

Position: (1.10644, 0.459973, -0.832392)
Size: (0.121665, 0.288239, 0.00822893)

Position: (1.13753, -1.26509, 0.00554274)
Size: (0.211056, 0.022564, 0.065834)

Position: (-1.05454, 1.25449, 1.09046)
Size: (0.17143, 0.285821, 0.241869)

Position: (0.0194599, 0.370319, -1.36772)
Size: (0.221382, 0.0512513, 0.087414)

Position: (0.900427, 0.204301, -0.429108)
Size: (0.0317224, 0.183614, 0.258606)

Position: (-0.475274, -0.722932, 1.34131)
Size: (0.137582, 0.180216, 0.243936)

Position: (-1.44518, -0.212439, 1.03353)
Size: (0.016559, 0.229007, 0.240385)

Position: (0.596832, 0.145182, -1.45455)
Size: (0.285292, 0.297682, 0.030839)

Position: (-0.192944, -1.48325, -0.356808)
Size: (0.0119358, 0.256128, 0.144041)

Position: (0.0460165, 0.0871973, -0.234318)
Size: (0.0520429, 0.0679815, 0.191468)

Position: (0.116893, -0.00479122, 0.739166)
Size: (0.276648, 0.047105, 0.122332)

Position: (-0.218362, -1.19205, 0.411295)
Size: (0.205298, 0.0812616, 0.24323)

Position: (-0.0409685, -0.116383, -0.349479)
Size: (0.250194, 0.00903229, 0.0484693)

Position: (0.314786, -0.597021, -0.285412)
Size: (0.0562257, 0.207807, 0.223528)

Position: (-1.47783, 1.03438, 0.463458)
Size: (0.0674342, 0.0332764, 0.014359)

Position: (-0.393329, 0.0985511, -1.25963)
Size: (0.00243629, 0.0617284, 0.157923)

Position: (-1.21834, -0.47128, -0.112323)
Size: (0.27278, 0.298679, 0.0419985)

Position: (0.723087, -1.06507, -0.164283)
Size: (0.121553, 0.272525, 0.256034)

Position: (-1.29508, 0.877525, -0.61382)
Size: (0.236459, 0.236912, 0.0481091)

