Position: (0.961017, -0.109269, -0.733744)
Size: (0.0666265, 0.0303185, 0.0347641)

Position: (0.0698788, -0.637532, -1.33555)
Size: (0.000349427, 0.0555142, 0.212646)

Position: (-0.0326691, 0.650772, 1.37809)
Size: (0.281717, 0.166453, 0.0162211)

Position: (-0.0275959, 1.39536, 0.122857)
Size: (0.031945, 0.0339747, 0.171945)

Position: (1.45246, -0.692824, 0.597326)
Size: (0.197137, 0.229859, 0.0964814)

Position: (-0.522175, -0.745867, -1.47199)
Size: (0.165581, 0.271917, 0.187762)

Position: (-0.581504, -1.23718, -1.43898)
Size: (0.00103846, 0.185113, 0.0496193)

Position: (1.48597, -1.41538, -0.670418)
Size: (0.294545, 0.0521745, 0.175796)

Position: (0.435085, 1.18026, -0.0934594)
Size: (0.171037, 0.0454297, 0.126929)

Position: (0.209065, -1.04898, -0.291308)
Size: (0.00946717, 0.117826, 0.123742)

Position: (0.65766, -0.622673, 0.411275)
Size: (0.0292817, 0.291713, 0.126669)

Position: (0.995367, 1.10545, -1.47851)
Size: (0.2229, 0.191898, 0.287479)

Position: (0.87439, -0.432672, 0.857643)
Size: (0.193001, 0.236485, 0.0994411)

Position: (0.204433, -0.601368, -1.30888)
Size: (0.180132, 0.222877, 0.280008)

Position: (-1.01712, -1.46494, -0.222424)
Size: (0.2021, 0.0886807, 0.158621)

Position: (0.238693, 0.184954, -0.714971)
Size: (0.261294, 0.236952, 0.0667649)

Position: (-0.173955, -1.18207, -0.17099)
Size: (0.295791, 0.127935, 0.041036)

Position: (0.779017, -0.0173109, 0.203436)
Size: (0.230807, 0.00745, 0.253578)

Position: (1.12666, 1.1684, -0.252465)
Size: (0.205882, 0.0517487, 0.137095)

Position: (1.16435, -1.40152, 0.0581128)
Size: (0.0552873, 0.10534, 0.294059)

Position: (-0.411745, -0.0827163, 0.703247)
Size: (0.252741, 0.266456, 0.0453462)

Position: (-0.239097, -0.694768, 1.3936)
Size: (0.073615, 0.169396, 0.0827446)

Position: (-0.360712, 0.529142, 0.427227)
Size: (0.114123, 0.0932823, 0.213759)

Position: (-0.83049, -0.462762, -0.194137)
Size: (0.101985, 0.252377, 0.225705)

Position: (-0.901622, 1.15772, 1.33106)
Size: (0.155134, 0.231909, 0.212415)

Position: (-0.519031, 1.38651, -1.33857)
Size: (0.102654, 0.000456442, 0.079726)

Position: (1.27021, 0.966828, 0.819821)
Size: (0.260874, 0.201586, 0.0490357)

Position: (1.38902, 1.2347, 0.108553)
Size: (0.127498, 0.0887518, 0.298704)

Position: (-1.40974, 0.50693, -0.527829)
Size: (0.271165, 0.0498537, 0.0278551)

Position: (0.709398, 0.531832, 1.23428)
Size: (0.19329, 0.0609983, 0.218344)

Position: (-1.22542, -1.28464, 0.841804)
Size: (0.0818062, 0.232821, 0.180235)

Position: (-0.551223, 1.27918, -1.26035)
Size: (0.218557, 0.210376, 0.111285)

