Position: (-1.31704, -0.626299, -0.506568)
Size: (0.00284394, 0.276333, 0.159146)

Position: (-1.36351, 0.262726, -1.19983)
Size: (0.139588, 0.187859, 0.126783)

Position: (0.225744, 1.36151, 0.0718944)
Size: (0.132565, 0.278481, 0.274335)

Position: (-1.1432, -1.25896, 0.254233)
Size: (0.0845573, 0.0326937, 0.144087)

Position: (1.48677, -0.289451, -0.461655)
Size: (0.160348, 0.0578944, 0.0336344)

Position: (0.799778, 0.460296, 0.714958)
Size: (0.183841, 0.282061, 0.0868977)

Position: (1.0923, -1.18609, 1.07739)
Size: (0.0830143, 0.230808, 0.177718)

Position: (-0.819879, 1.20062, 1.21876)
Size: (0.148337, 0.0577268, 0.140146)

Position: (0.257784, -0.410497, -0.261711)
Size: (0.232999, 0.217587, 0.219806)

Position: (-0.280966, 0.76933, 0.834928)
Size: (0.173864, 0.171843, 0.267201)

Position: (-0.847141, 0.37248, 0.984837)
Size: (0.1303, 0.0673222, 0.0405383)

Position: (1.42653, 1.13792, 0.608131)
Size: (0.253801, 0.258732, 0.025132)

Position: (1.07662, 0.0500368, -0.833366)
Size: (0.074713, 0.0878429, 0.163613)

Position: (-0.531369, 1.2021, 0.709163)
Size: (0.166669, 0.268832, 0.0320859)

Position: (0.576238, 0.392131, 0.736775)
Size: (0.243353, 0.0329088, 0.148601)

Position: (0.846037, -1.35491, -0.266402)
Size: (0.0339312, 0.231479, 0.0127034)

Position: (-0.462154, -0.681026, 0.908935)
Size: (0.0205637, 0.176778, 0.253027)

Position: (-0.441681, 0.79129, -1.07248)
Size: (0.0910743, 0.0299312, 0.144624)

Position: (-0.499977, -0.019062, 0.318932)
Size: (0.240987, 0.0101552, 0.148663)

Position: (0.449573, 0.0718514, -1.18171)
Size: (0.086118, 0.254324, 0.299942)

Position: (-1.23194, -0.709078, 1.4992)
Size: (0.0118414, 0.258016, 0.00303455)

Position: (0.409204, 1.40217, 0.624126)
Size: (0.106731, 0.182115, 0.286239)

Position: (0.352981, -1.30732, -1.40474)
Size: (0.0993746, 0.0937015, 0.19256)

Position: (-0.462399, -0.577201, -1.08122)
Size: (0.148285, 0.291758, 0.131302)

Position: (1.26953, 1.30626, 1.25189)
Size: (0.187054, 0.0637308, 0.257153)

Position: (-0.166234, 0.512547, 0.827145)
Size: (0.0605818, 0.0934803, 0.153406)

Position: (-1.0582, 0.637539, 0.473801)
Size: (0.108151, 0.234283, 0.283374)

Position: (-0.787841, -1.00686, 0.177837)
Size: (0.132626, 0.263416, 0.142975)

Position: (-0.0924542, 1.48922, 0.392066)
Size: (0.128867, 0.0610489, 0.184119)

Position: (0.23645, 0.370774, -1.03792)
Size: (0.0881757, 0.251432, 0.243976)

Position: (-0.286419, 0.0262488, -0.423493)
Size: (0.269373, 0.233524, 0.0766266)

Position: (0.770279, -1.10832, 0.316141)
Size: (0.217392, 0.247157, 0.000641987)

