Position: (1.18531, 0.822392, -0.947155)
Size: (0.209818, 0.0493571, 0.060822)

Position: (0.968186, -0.806631, 1.21621)
Size: (0.0549364, 0.237791, 0.270639)

Position: (-0.388191, 0.808348, 0.152603)
Size: (0.206591, 0.224094, 0.134984)

Position: (-1.27376, -1.17945, -1.23842)
Size: (0.268248, 0.0498557, 0.143442)

Position: (1.27646, -1.09785, 1.0145)
Size: (0.0112129, 0.0122415, 0.011141)

Position: (-1.15847, 0.51457, 0.0722788)
Size: (0.198, 0.00317176, 0.259124)

Position: (1.20013, 0.239612, -0.711138)
Size: (0.24431, 0.282684, 0.141982)

Position: (0.669052, 1.04957, 0.735745)
Size: (0.263014, 0.187098, 0.163371)

Position: (1.08203, -1.14121, 0.118305)
Size: (0.00476132, 0.0199561, 0.294131)

Position: (-1.06608, -1.19435, -1.37719)
Size: (0.12936, 0.25309, 0.0802021)

Position: (0.0244865, 0.476669, -0.632761)
Size: (0.26276, 0.0953695, 0.279778)

Position: (-1.47013, -0.999257, 1.15972)
Size: (0.128466, 0.0334989, 0.289867)

Position: (1.36815, -0.657088, -0.695874)
Size: (0.086676, 0.00665961, 0.0847948)

Position: (1.15729, 1.02531, 1.34451)
Size: (0.00360654, 0.0571161, 0.109161)

Position: (0.986614, 1.45573, 0.391539)
Size: (0.280911, 0.210192, 0.188159)

Position: (-1.1002, 0.037033, 0.304892)
Size: (0.255347, 0.288251, 0.233263)

Position: (-0.169179, 1.05848, 1.41111)
Size: (0.100443, 0.260906, 0.136975)

Position: (1.1098, -1.45519, 0.539328)
Size: (0.208973, 0.167439, 0.0236594)

Position: (-1.24753, -0.474639, -0.0962243)
Size: (0.160636, 0.242741, 0.113172)

Position: (0.519732, -0.178076, -0.566149)
Size: (0.0356022, 0.0647714, 0.139427)

Position: (0.5938, -0.310071, 0.0227784)
Size: (0.0254399, 0.202457, 0.0934601)

Position: (-1.14325, 0.0270248, 0.598198)
Size: (0.283152, 0.23332, 0.011486)

Position: (-0.29842, -0.0107721, -0.731501)
Size: (0.278302, 0.0421914, 0.279859)

Position: (-1.43385, -1.03125, -0.559765)
Size: (0.0959891, 0.0571936, 0.105397)

Position: (-0.417312, -0.708041, -0.439622)
Size: (0.146934, 0.0505603, 0.066778)

Position: (0.179701, 0.319028, 0.91931)
Size: (0.0801094, 0.177041, 0.0782743)

Position: (0.0399391, -1.2028, -1.0031)
Size: (0.107589, 0.294982, 0.0022691)

Position: (-0.517569, 1.27058, -0.545314)
Size: (0.0389236, 0.168681, 0.299967)

Position: (0.810222, -0.656171, 0.564864)
Size: (0.0210376, 0.0936607, 0.0383011)

Position: (-0.712634, 1.04939, 0.993054)
Size: (0.213228, 0.193256, 0.174515)

Position: (-0.824748, -1.24481, 0.936102)
Size: (0.182296, 0.251893, 0.196182)

Position: (-1.16015, 0.58434, 0.403483)
Size: (0.246646, 0.132394, 0.0445037)

