Position: (0.463562, -1.42548, 1.48117)
Size: (0.22783, 0.229814, 0.1398)

Position: (-0.839219, 1.04991, -1.46473)
Size: (0.201652, 0.00283455, 0.176003)

Position: (-1.49968, 0.435448, 1.2037)
Size: (0.00256643, 0.233661, 0.234143)

Position: (-0.8506, -0.248604, 0.499793)
Size: (0.226067, 0.115396, 0.182901)

Position: (1.4439, -0.513632, 0.525342)
Size: (0.225907, 0.201364, 0.27162)

Position: (1.34009, -0.151678, 0.367164)
Size: (0.166623, 0.167866, 0.107432)

Position: (-1.45856, -0.226763, 0.684561)
Size: (0.0346398, 0.277471, 0.221501)

Position: (0.0881545, -0.164084, -1.26535)
Size: (0.140506, 0.0131369, 0.17966)

Position: (-0.490536, -1.03221, 0.408201)
Size: (0.139693, 0.0866425, 0.174948)

Position: (0.576469, -0.519447, 0.559449)
Size: (0.021026, 0.136382, 0.215687)

Position: (0.933884, -1.21387, -1.49021)
Size: (0.0621242, 0.0727914, 0.250837)

Position: (0.728244, 0.954302, 1.24435)
Size: (0.24624, 0.0443826, 0.0270257)

Position: (-1.09782, -0.538467, -0.905503)
Size: (0.20868, 0.0199154, 0.0511572)

Position: (0.513878, -1.33747, 0.243601)
Size: (0.2988, 0.0221613, 0.0672555)

Position: (-1.24553, 0.778557, -0.0348236)
Size: (0.237489, 0.208128, 0.0764538)

Position: (1.12218, -1.41216, 0.280694)
Size: (0.0198901, 0.195383, 0.206541)

Position: (-0.32679, -1.35207, 1.12664)
Size: (0.0524607, 0.0682016, 0.0301152)

Position: (-0.486381, 1.08341, -0.863776)
Size: (0.173073, 0.0443928, 0.220327)

Position: (-1.30365, -0.244474, 1.10571)
Size: (0.123607, 0.0209701, 0.0233006)

Position: (1.28378, -0.813175, -0.627774)
Size: (0.172972, 0.267066, 0.14758)

Position: (0.682712, 0.185449, 0.53587)
Size: (0.251611, 0.160549, 0.0367727)

Position: (1.17924, -1.09457, 1.47907)
Size: (0.0241832, 0.129899, 0.0747498)

Position: (0.319105, 1.18311, -0.286076)
Size: (0.168267, 0.129604, 0.139939)

Position: (-0.604244, 0.989808, 1.35301)
Size: (0.0495379, 0.0982648, 0.170169)

Position: (1.03099, 0.787368, 0.218901)
Size: (0.152081, 0.0947051, 0.0910854)

Position: (-0.643008, 0.764093, -1.38928)
Size: (0.151829, 0.027548, 0.0283458)

Position: (1.35654, -1.37172, 0.940042)
Size: (0.101667, 0.0501879, 0.286815)

Position: (-1.22815, -1.30198, -1.19475)
Size: (0.131781, 0.241055, 0.2009)

Position: (1.44318, 1.4176, -0.642619)
Size: (0.287519, 0.110593, 0.167191)

Position: (-0.108335, -1.08151, -0.48113)
Size: (0.298162, 0.242033, 0.0376272)

Position: (0.900042, -1.29172, 0.796222)
Size: (0.177638, 0.283305, 0.0127404)

Position: (0.899859, 0.851126, -0.997038)
Size: (0.251604, 0.248386, 0.235265)

