Position: (1.09096, 0.0643934, 0.63479)
Size: (0.175841, 0.0294885, 0.118012)

Position: (0.850437, -0.320123, 1.43489)
Size: (0.178609, 0.00748782, 0.0451349)

Position: (0.606818, -0.316523, -0.56456)
Size: (0.0783797, 0.25512, 0.258917)

Position: (-0.985457, 1.10186, 1.42044)
Size: (0.263569, 0.214136, 0.296785)

Position: (1.03768, 1.43238, 0.417337)
Size: (0.0146879, 0.146298, 0.116928)

Position: (-1.13072, 0.339544, -1.05989)
Size: (0.1079, 0.164745, 0.013697)

Position: (0.671741, 0.494978, -0.318509)
Size: (0.0853511, 0.069316, 0.297372)

Position: (1.34719, 0.280389, -0.750497)
Size: (0.283421, 0.239441, 0.010111)

Position: (0.414062, -0.528514, -0.848656)
Size: (0.155416, 0.244134, 0.288145)

Position: (1.0174, -0.907394, -0.187199)
Size: (0.180609, 0.0660518, 0.0839627)

Position: (-1.42708, 0.67877, 1.3053)
Size: (0.215861, 0.013853, 0.197888)

Position: (0.255082, -0.594368, 0.363784)
Size: (0.0607493, 0.0419106, 0.16943)

Position: (0.864948, 0.49554, -0.0945236)
Size: (0.283434, 0.0816012, 0.171144)

Position: (-1.09378, -0.346994, 1.20159)
Size: (0.0718911, 0.130266, 0.225901)

Position: (0.722843, -0.615826, -0.272298)
Size: (0.263606, 0.000817221, 0.279309)

Position: (-0.108139, -0.340186, -1.47105)
Size: (0.285765, 0.282864, 0.206304)

Position: (0.147153, 0.999959, -0.716094)
Size: (0.289715, 0.160348, 0.00838375)

Position: (-0.371367, 0.295659, -1.48218)
Size: (0.256321, 0.0138604, 0.151094)

Position: (-0.876476, 0.279616, 1.34744)
Size: (0.0363115, 0.207393, 0.0184095)

Position: (0.518822, -0.764287, 0.274773)
Size: (0.149785, 0.0603744, 0.144927)

Position: (1.34552, -1.36117, 0.690932)
Size: (0.0858932, 0.0807489, 0.177566)

Position: (1.49003, -0.436154, 0.607934)
Size: (0.180767, 0.197456, 0.0491607)

Position: (-0.993224, 1.21264, 1.06896)
Size: (0.127489, 0.00768243, 0.117431)

Position: (-1.48162, -0.139909, -1.26722)
Size: (0.0244604, 0.238595, 0.262335)

Position: (0.753459, 0.497299, 1.20279)
Size: (0.00899032, 0.0798422, 0.120306)

Position: (0.0610973, 0.993175, -0.427149)
Size: (0.136106, 0.127152, 0.0597171)

Position: (0.345645, -0.631362, -0.766305)
Size: (0.136469, 0.277088, 0.154555)

Position: (-0.309578, -1.22385, -0.170844)
Size: (0.102457, 0.0165692, 0.141865)

Position: (1.30797, 0.590047, -0.00234553)
Size: (0.157228, 0.169619, 0.0163273)

Position: (-0.668059, 0.13023, 0.261209)
Size: (0.222406, 0.0278642, 0.0222355)

Position: (-1.05938, 0.412425, -1.02745)
Size: (0.14356, 0.149445, 0.298707)

Position: (-0.227092, -0.0965201, 0.434904)
Size: (0.192645, 0.143564, 0.0509666)

