Position: (-0.311714, -1.41081, -1.16365)
Size: (0.13705, 0.064367, 0.188635)

Position: (0.376516, 1.29877, 0.230783)
Size: (0.196964, 0.0695051, 0.208841)

Position: (-1.08892, 0.861262, 0.617787)
Size: (0.181318, 0.251199, 0.29069)

Position: (0.442557, -1.14028, -0.561761)
Size: (0.132442, 0.21669, 0.223302)

Position: (-0.303451, -0.699828, 0.394656)
Size: (0.0948812, 0.0753115, 0.299191)

Position: (-0.426596, -1.12534, -1.13741)
Size: (0.105391, 0.0412703, 0.0963351)

Position: (-0.330234, -1.0108, 0.995958)
Size: (0.14035, 0.239048, 0.0872165)

Position: (-0.139032, -1.20247, -0.686263)
Size: (0.22891, 0.268078, 0.0104807)

Position: (0.1868, 0.243827, 0.888313)
Size: (0.131832, 0.0141894, 0.159984)

Position: (-1.36793, -0.0908316, -0.749117)
Size: (0.0683251, 0.0579023, 0.0865039)

Position: (-0.479617, 0.0490766, -0.721934)
Size: (0.294388, 0.110482, 0.220215)

Position: (0.877462, -0.44028, 1.38009)
Size: (0.24874, 0.067349, 0.0269116)

Position: (-1.45463, 0.987375, 1.03506)
Size: (0.218426, 0.113109, 0.209889)

Position: (0.721385, 1.09346, -1.08389)
Size: (0.17931, 0.234306, 0.210815)

Position: (-0.890716, -1.13709, 0.907925)
Size: (0.104899, 0.179737, 0.220651)

Position: (0.821575, 0.699435, 1.29219)
Size: (0.0352042, 0.050157, 0.205762)

Position: (-0.169386, -0.697506, -0.613133)
Size: (0.0416074, 0.0384277, 0.219406)

Position: (-0.875886, -0.2811, 0.520623)
Size: (0.114392, 0.0706778, 0.238268)

Position: (-1.16982, 0.295757, 0.969662)
Size: (0.203743, 0.220739, 0.297723)

Position: (-1.19848, -0.170486, -0.557859)
Size: (0.254386, 0.13601, 0.0854423)

Position: (-0.121654, 0.106444, -0.109031)
Size: (0.0819558, 0.165731, 0.13468)

Position: (0.35526, -0.504974, 1.33773)
Size: (0.057337, 0.289945, 0.103795)

Position: (1.3737, -0.709722, -0.894471)
Size: (0.0515536, 0.238437, 0.0438013)

Position: (0.984858, 0.854118, 1.04776)
Size: (0.0775659, 0.0332317, 0.0708829)

Position: (-1.40066, 1.18121, 1.40758)
Size: (0.235676, 0.227128, 0.140554)

Position: (1.14014, 0.889668, 0.87103)
Size: (0.12795, 0.097064, 0.283365)

Position: (-1.33554, -0.797649, 0.552)
Size: (0.210905, 0.0283211, 0.246986)

Position: (0.67372, 0.559782, 0.403551)
Size: (0.293348, 0.101823, 0.292639)

Position: (0.138129, -0.226898, 0.754693)
Size: (0.0762385, 0.047012, 0.0435606)

Position: (-0.23913, 1.19397, 0.10131)
Size: (0.0972191, 0.00806342, 0.207278)

Position: (-0.148747, 1.17166, 0.0951372)
Size: (0.0735304, 0.233764, 0.253456)

Position: (0.451291, 1.23958, 1.26193)
Size: (0.221327, 0.0202427, 0.189854)

