Position: (-0.678494, -1.26837, 1.22954)
Size: (0.177378, 0.0418138, 0.140772)

Position: (-0.0195269, 1.11018, 1.16043)
Size: (0.0638442, 0.236486, 0.107809)

Position: (1.31833, 0.0699896, 0.31644)
Size: (0.230713, 0.103965, 0.16933)

Position: (-0.31298, 0.948247, -0.413909)
Size: (0.0821766, 0.127747, 0.220812)

Position: (-1.0829, 0.320888, 0.410328)
Size: (0.0232181, 0.222042, 0.162232)

Position: (0.25382, 0.94305, -0.0843473)
Size: (0.141658, 0.212972, 0.1885)

Position: (0.206335, -0.357201, -1.47618)
Size: (0.190654, 0.0161276, 0.0377058)

Position: (0.403623, 1.34669, -1.39227)
Size: (0.171649, 0.256206, 0.240605)

Position: (0.555494, -1.34295, -0.454628)
Size: (0.142315, 0.224531, 0.109544)

Position: (0.714586, -1.30012, -0.59911)
Size: (0.0883372, 0.27127, 0.127481)

Position: (-0.917237, 0.541493, -1.19003)
Size: (0.0671938, 0.250459, 0.132141)

Position: (0.630339, -0.196329, 0.534429)
Size: (0.00947161, 0.100164, 0.228744)

Position: (-1.30698, -1.39281, 1.16045)
Size: (0.273494, 0.0436325, 0.221855)

Position: (0.965348, -0.375407, 0.910778)
Size: (0.0496198, 0.0705984, 0.195516)

Position: (0.57515, -0.271951, -0.253035)
Size: (0.111102, 0.0283183, 0.281568)

Position: (-1.24925, 1.35827, 0.00385989)
Size: (0.0469474, 0.0528429, 0.0810212)

Position: (1.2025, 0.101597, -0.886887)
Size: (0.0559642, 0.145038, 0.0830761)

Position: (-1.04807, 1.30318, -0.0476234)
Size: (0.219544, 0.0963553, 0.136389)

Position: (0.340739, 0.033021, -0.193165)
Size: (0.197968, 0.0977219, 0.287388)

Position: (-0.137311, 1.03147, 0.43226)
Size: (0.254286, 0.199312, 0.101063)

Position: (0.0293031, 0.530222, 0.642069)
Size: (0.0639865, 0.0821149, 0.240175)

Position: (-1.0897, -1.37683, 0.342573)
Size: (0.169272, 0.0402577, 0.00449263)

Position: (0.121871, -0.176274, 0.0436672)
Size: (0.279513, 0.273095, 0.182642)

Position: (1.08602, 0.289849, 1.31405)
Size: (0.0398364, 0.234393, 0.0778861)

Position: (-0.291388, -0.24608, 0.409484)
Size: (0.172497, 0.0688315, 0.0374483)

Position: (0.63015, 0.448934, 0.246117)
Size: (0.191276, 0.227078, 0.197911)

Position: (-1.08106, -1.04802, 1.37871)
Size: (0.154197, 0.125289, 0.217474)

Position: (1.15264, -0.252096, 1.43695)
Size: (0.223226, 0.0555585, 0.191458)

Position: (-0.675732, 0.617476, 0.441914)
Size: (0.0102636, 0.283463, 0.113459)

Position: (-1.26165, -0.00854583, -0.81531)
Size: (0.139769, 0.229983, 0.209805)

Position: (1.27506, -0.651623, -0.734286)
Size: (0.261472, 0.160673, 0.111646)

Position: (-1.27323, -0.189721, -0.495189)
Size: (0.248889, 0.0555283, 0.217156)

