Position: (1.31816, -0.424412, 1.03613)
Size: (0.0424071, 0.296851, 0.191935)

Position: (-0.632796, 0.46109, -1.18781)
Size: (0.0236863, 0.191751, 0.0925285)

Position: (1.48459, 0.0692667, 0.135943)
Size: (0.289419, 0.282155, 0.00641248)

Position: (-0.597838, 0.0137052, -1.24904)
Size: (0.0288478, 0.0917341, 0.247818)

Position: (-0.227568, 0.831545, -0.674117)
Size: (0.00926114, 0.158141, 0.164226)

Position: (0.870821, 0.79982, 1.31392)
Size: (0.161824, 0.275047, 0.122395)

Position: (-0.115206, 1.2443, -1.12567)
Size: (0.190402, 0.0512644, 0.0100522)

Position: (-0.0390623, -0.754931, -0.229103)
Size: (0.0289872, 0.142434, 0.0017791)

Position: (1.10961, -0.0386224, -0.023497)
Size: (0.1364, 0.173094, 0.25885)

Position: (1.13599, 0.277005, -1.14546)
Size: (0.221889, 0.132941, 0.149747)

Position: (-0.621209, 1.38632, -0.43547)
Size: (0.0577523, 0.0373094, 0.282016)

Position: (0.620311, -0.532913, -0.479828)
Size: (0.293036, 0.140662, 0.120461)

Position: (0.714015, -1.16703, -0.313895)
Size: (0.0325205, 0.0182464, 0.157188)

Position: (-0.107414, 1.43719, 1.18267)
Size: (0.233508, 0.0279077, 0.00357416)

Position: (-1.05305, 1.47311, -0.550546)
Size: (0.0554826, 0.00134475, 0.0376993)

Position: (-0.844333, -0.91618, 1.09475)
Size: (0.207148, 0.226416, 0.232037)

Position: (-1.1041, -0.877056, -0.845205)
Size: (0.245175, 0.27056, 0.176084)

Position: (-1.09551, 0.517705, -1.29144)
Size: (0.0933321, 0.0917663, 0.228929)

Position: (-1.29789, 0.926625, 0.924742)
Size: (0.148507, 0.147989, 0.0916154)

Position: (-1.18491, -1.30138, -0.192817)
Size: (0.215561, 0.262404, 0.11282)

Position: (1.07544, -0.648368, 0.882459)
Size: (0.00655542, 0.0278344, 0.0479949)

Position: (0.960764, -0.671912, -1.09162)
Size: (0.0291904, 0.0454981, 0.0593756)

Position: (-0.786902, 0.210488, -1.37099)
Size: (0.127318, 0.19883, 0.277551)

Position: (-1.37704, 0.918552, -0.577616)
Size: (0.22825, 0.257502, 0.170906)

Position: (0.518655, 1.09199, -0.925328)
Size: (0.175218, 0.22793, 0.0869707)

Position: (1.02796, -0.419607, -0.631841)
Size: (0.11084, 0.126749, 0.243766)

Position: (-0.743598, -0.0192877, 1.27467)
Size: (0.0506228, 0.136814, 0.189808)

Position: (-1.05716, 0.590081, -0.757128)
Size: (0.0984423, 0.117839, 0.0267289)

Position: (1.46256, 0.585034, 1.39071)
Size: (0.0159798, 0.244663, 0.127116)

Position: (-1.4368, -0.308798, 0.543023)
Size: (0.263511, 0.0875764, 0.144251)

Position: (0.607275, -0.606308, 0.459393)
Size: (0.0119433, 0.0755717, 0.128398)

Position: (8.39977e-06, -0.292033, -0.437709)
Size: (0.213725, 0.274846, 0.159165)

