Position: (-1.22906, 1.4946, 0.377345)
Size: (0.200937, 0.075829, 0.263481)

Position: (0.476907, 0.280038, 0.525707)
Size: (0.147271, 0.0488867, 0.127874)

Position: (-1.15304, 0.595931, -1.01032)
Size: (0.271224, 0.246876, 0.211309)

Position: (-0.0797296, 0.926842, 1.47351)
Size: (0.0952327, 0.231489, 0.177775)

Position: (-0.675183, 1.3036, 1.40859)
Size: (0.205256, 0.202808, 0.0534546)

Position: (0.887231, 1.11736, 1.07286)
Size: (0.139865, 0.261132, 0.292356)

Position: (0.689696, 1.18164, -0.98382)
Size: (0.0432528, 0.087164, 0.283131)

Position: (-1.34532, 0.735672, -0.753439)
Size: (0.267952, 0.261527, 0.127456)

Position: (-1.37927, 1.29201, 1.49476)
Size: (0.2453, 0.168386, 0.0385156)

Position: (-1.13221, 1.34484, 0.30783)
Size: (0.115284, 0.205801, 0.215813)

Position: (0.620819, -1.27538, 0.421272)
Size: (0.113411, 0.287186, 0.0283788)

Position: (0.632621, 1.21544, 0.631703)
Size: (0.0348122, 0.0142523, 0.263594)

Position: (0.228548, 1.00054, 0.00752295)
Size: (0.171306, 0.176119, 0.00164261)

Position: (-0.0380831, 0.0762204, 1.05243)
Size: (0.144479, 0.229745, 0.215204)

Position: (-1.1032, -0.977409, 0.141479)
Size: (0.0138901, 0.067802, 0.175282)

Position: (1.49484, -0.275297, -0.451277)
Size: (0.186001, 0.171559, 0.0373347)

Position: (1.02618, 0.0896951, -0.170043)
Size: (0.255971, 0.0472768, 0.05258)

Position: (0.546818, 1.41725, -0.0736417)
Size: (0.0574145, 0.139367, 0.279606)

Position: (-0.257513, 1.2375, 1.18368)
Size: (0.299881, 0.185069, 0.0212554)

Position: (-0.75009, 0.170064, -0.819946)
Size: (0.0828842, 0.060905, 0.0892612)

Position: (-0.201644, 0.791495, 0.143723)
Size: (0.279028, 0.0321004, 0.276178)

Position: (0.189606, 0.171427, 1.19002)
Size: (0.211091, 0.0122796, 0.170928)

Position: (-0.495975, 0.0568774, 1.24784)
Size: (0.247289, 0.106875, 0.0637251)

Position: (-0.529847, -0.49628, -0.360076)
Size: (0.280626, 0.0162611, 0.248837)

Position: (-0.301234, 0.982393, 0.215505)
Size: (0.108848, 0.0590447, 0.0646008)

Position: (0.0510247, -0.463775, 0.824822)
Size: (0.278319, 0.233562, 0.0654993)

Position: (1.2793, 0.349895, -0.144827)
Size: (0.151829, 0.21747, 0.196102)

Position: (-1.02891, 1.49357, -1.08306)
Size: (0.181671, 0.0164055, 0.0423331)

Position: (-0.214405, 1.44167, 0.603183)
Size: (0.273028, 0.220519, 0.0200151)

Position: (-0.40901, 0.409266, 1.49184)
Size: (0.0908058, 0.0890407, 0.155593)

Position: (0.912696, -0.339166, -1.4011)
Size: (0.0975108, 0.00888954, 0.041825)

Position: (-1.06749, -0.35546, -1.14929)
Size: (0.265102, 0.198983, 0.0585496)

