Position: (1.1679, -1.01794, 0.464262)
Size: (0.0818149, 0.145994, 0.0710866)

Position: (-1.12456, -0.805296, -1.1346)
Size: (0.152795, 0.194284, 0.0216576)

Position: (-0.346019, -1.28627, 0.443722)
Size: (0.0441631, 0.118438, 0.0197106)

Position: (-0.31758, -0.359015, -1.24797)
Size: (0.0512899, 0.239751, 0.215723)

Position: (-1.36579, 0.421001, -0.327495)
Size: (0.144823, 0.203192, 0.101698)

Position: (0.663421, 0.597243, 0.906265)
Size: (0.103458, 0.066305, 0.199161)

Position: (0.750021, -0.877709, -0.644629)
Size: (0.151742, 0.293745, 0.00273762)

Position: (-0.757918, -1.24542, -1.34533)
Size: (0.0707679, 0.252912, 0.0374368)

Position: (-0.207596, 0.0444888, 0.735765)
Size: (0.228073, 0.197389, 0.232304)

Position: (0.859561, 0.916553, 0.682781)
Size: (0.0111026, 0.0945405, 0.0800336)

Position: (-0.192758, -0.341614, 1.09251)
Size: (0.12213, 0.0138247, 0.0608494)

Position: (-0.471982, 0.0727794, 0.60399)
Size: (0.0806245, 0.0794755, 0.234165)

Position: (0.365334, -1.19789, -0.286993)
Size: (0.208365, 0.293932, 0.281695)

Position: (1.04055, 0.012773, -0.388943)
Size: (0.24117, 0.144773, 0.0530603)

Position: (0.694212, 0.0635799, 0.8945)
Size: (0.121914, 0.162804, 0.251372)

Position: (0.76745, -1.02221, -0.317695)
Size: (0.110605, 0.0767803, 0.233088)

Position: (1.49119, -0.0460001, -1.40563)
Size: (0.147263, 0.0131626, 0.135871)

Position: (-0.906273, 0.535985, 1.25911)
Size: (0.077144, 0.133729, 0.0655087)

Position: (0.504339, -0.0135022, -0.860527)
Size: (0.285818, 0.00890539, 0.0275888)

Position: (-1.09622, 0.586953, -1.2616)
Size: (0.0510172, 0.207071, 0.0616877)

Position: (0.920593, 1.20835, -0.106269)
Size: (0.140539, 0.202289, 0.0127689)

Position: (0.106993, -1.4362, 0.666622)
Size: (0.18045, 0.123474, 0.135809)

Position: (-0.664636, -0.440401, 1.04846)
Size: (0.00551074, 0.157064, 0.26426)

Position: (-1.25541, 0.39495, -0.638425)
Size: (0.260803, 0.142462, 0.165675)

Position: (0.356864, -0.306503, -0.691406)
Size: (0.221705, 0.00352283, 0.0651346)

Position: (1.10169, -0.526759, 1.0495)
Size: (0.255231, 0.139399, 0.295315)

Position: (1.41604, -0.862296, -1.41168)
Size: (0.104138, 0.176852, 0.167693)

Position: (-1.34745, -1.3719, 0.954474)
Size: (0.190136, 0.145134, 0.066643)

Position: (0.235195, 0.335844, 1.19102)
Size: (0.118905, 0.0617244, 0.0138529)

Position: (-1.33511, 0.503871, -0.15856)
Size: (0.161436, 0.182435, 0.278743)

Position: (1.20869, 0.20174, -0.867619)
Size: (0.174517, 0.271902, 0.162886)

Position: (-1.25486, -1.18885, -0.0114738)
Size: (0.205491, 0.0365457, 0.0715306)

