Position: (-1.28004, 1.28863, 0.584664)
Size: (0.169367, 0.271942, 0.261613)

Position: (1.1752, 0.237777, -0.936127)
Size: (0.113959, 0.135499, 0.0481562)

Position: (1.46562, 0.704755, -0.879162)
Size: (0.0818823, 0.290526, 0.242988)

Position: (0.777849, 0.79828, 0.389238)
Size: (0.209731, 0.0645011, 0.216185)

Position: (1.01536, 0.0908524, 0.990431)
Size: (0.116909, 0.0882571, 0.0343223)

Position: (0.377359, 0.961928, -0.159455)
Size: (0.213861, 0.213347, 0.287845)

Position: (0.962996, 1.38038, 0.994764)
Size: (0.27448, 0.263512, 0.0769898)

Position: (0.0528977, -0.00476845, -0.100169)
Size: (0.0917519, 0.265047, 0.181758)

Position: (0.239806, 0.971375, -1.32969)
Size: (0.122157, 0.249937, 0.178075)

Position: (0.164845, -0.126763, 1.3547)
Size: (0.115144, 0.215266, 0.234587)

Position: (0.388692, 0.955438, 0.174203)
Size: (0.263304, 0.125248, 0.17547)

Position: (0.929945, -0.27207, -0.167748)
Size: (0.081497, 0.04027, 0.299923)

Position: (-0.270296, -0.993582, -1.48064)
Size: (0.0907902, 0.230668, 0.254531)

Position: (0.180245, -1.43424, 1.2449)
Size: (0.118293, 0.0495009, 0.231979)

Position: (-0.563593, -0.999614, -0.0347953)
Size: (0.260952, 0.280369, 0.0232012)

Position: (-1.37401, -0.936544, 1.14797)
Size: (0.0200641, 0.174883, 0.177893)

Position: (1.4488, 0.803393, -0.271649)
Size: (0.260695, 0.15407, 0.174717)

Position: (-0.979442, 1.14303, 0.148032)
Size: (0.0349004, 0.279134, 0.144934)

Position: (-1.43651, -0.810861, -1.26001)
Size: (0.194791, 0.188496, 0.0202358)

Position: (0.755238, 1.09026, -0.459411)
Size: (0.0913057, 0.123097, 0.126197)

Position: (1.03262, 0.899892, 1.41394)
Size: (0.180301, 0.0626703, 0.277368)

Position: (0.429455, 0.543604, 0.759565)
Size: (0.0200558, 0.129241, 0.103481)

Position: (0.609545, -0.449559, 1.09965)
Size: (0.124187, 0.0517122, 0.197826)

Position: (1.30103, -0.299834, 1.32965)
Size: (0.0806767, 0.0553546, 0.293493)

Position: (-0.448584, -0.105843, 0.868366)
Size: (0.104675, 0.046486, 0.236145)

Position: (-0.529681, 0.368399, 0.265153)
Size: (0.0408336, 0.184245, 0.280213)

Position: (-0.0893731, -0.931079, 0.767756)
Size: (0.0625709, 0.109974, 0.0656245)

Position: (0.581794, 1.44163, 0.582312)
Size: (0.0966455, 0.161197, 0.20677)

Position: (0.178809, -1.1879, 0.421724)
Size: (0.199301, 0.0518908, 0.0718024)

Position: (-0.756701, 0.767165, -1.32712)
Size: (0.0762618, 0.0237717, 0.206756)

Position: (1.37592, 1.38617, -1.24079)
Size: (0.102994, 0.248517, 0.189282)

Position: (-1.26038, -0.246364, -0.826837)
Size: (0.0517816, 0.127712, 0.160467)

