Position: (0.850253, 0.530212, 0.641506)
Size: (0.182653, 0.0267364, 0.250696)

Position: (0.390107, 0.617635, 1.40798)
Size: (0.275172, 0.210831, 0.226616)

Position: (0.555468, -0.266163, 0.72956)
Size: (0.183872, 0.0732318, 0.000217414)

Position: (-1.39611, 0.462012, -1.09464)
Size: (0.0897792, 0.194237, 0.279938)

Position: (-0.0348039, 0.216037, 0.899947)
Size: (0.258691, 0.0755362, 0.225323)

Position: (0.255005, 1.3529, -1.32166)
Size: (0.0854414, 0.140994, 0.0728224)

Position: (-1.21653, -0.531038, 0.568868)
Size: (0.168266, 0.190741, 0.195647)

Position: (1.29228, -1.28315, -0.4344)
Size: (0.285292, 0.216886, 0.176333)

Position: (-0.231155, -0.621897, 1.4931)
Size: (0.258817, 0.197502, 0.138846)

Position: (-0.85646, -1.22252, -0.136473)
Size: (0.236538, 0.228544, 0.113689)

Position: (0.627918, -0.17317, 1.1068)
Size: (0.123323, 0.18592, 0.255349)

Position: (0.12674, -1.07145, 0.497259)
Size: (0.136349, 0.0137984, 0.0162443)

Position: (0.386111, -0.14146, -1.1688)
Size: (0.1977, 0.29929, 0.209081)

Position: (-1.49652, 1.46957, -0.443663)
Size: (0.0947368, 0.0589836, 0.296506)

Position: (0.225526, 1.00793, -0.2133)
Size: (0.287023, 0.127805, 0.290789)

Position: (0.0780421, -1.20518, -0.726453)
Size: (0.0677156, 0.117243, 0.288092)

Position: (-0.882209, -1.21114, -1.33534)
Size: (0.0756117, 0.0598012, 0.26654)

Position: (-0.773012, 0.248492, -1.40008)
Size: (0.0373021, 0.222688, 0.0484431)

Position: (-0.0498185, 1.18538, -1.07653)
Size: (0.191258, 0.230731, 0.147553)

Position: (-1.36541, 0.131906, 0.414172)
Size: (0.0666534, 0.251162, 0.0846331)

Position: (-0.554364, 1.06542, 0.257004)
Size: (0.150532, 0.250385, 0.012233)

Position: (-1.32229, 0.638234, -1.40929)
Size: (0.271404, 0.256427, 0.103776)

Position: (0.289159, -0.0594773, -1.21003)
Size: (0.136637, 0.0589687, 0.138728)

Position: (-0.851707, 0.508375, -0.661916)
Size: (0.196744, 0.174621, 0.104338)

Position: (1.31445, -1.32582, -0.352269)
Size: (0.0979095, 0.296112, 0.131179)

Position: (-1.04122, 1.28848, 1.25343)
Size: (0.145721, 0.0240853, 0.0361239)

Position: (-0.51804, 0.321601, 1.44233)
Size: (0.256655, 0.0657688, 0.065247)

Position: (-0.219879, -1.10764, 0.139153)
Size: (0.0360077, 0.271518, 0.0588444)

Position: (-0.0826899, -1.06551, 0.57615)
Size: (0.040068, 0.155862, 0.229777)

Position: (-0.469172, 1.29744, 0.760976)
Size: (0.109394, 0.284033, 0.18448)

Position: (0.68248, 1.29644, 1.30428)
Size: (0.0572709, 0.228694, 0.0661174)

Position: (0.66997, -1.48252, -1.11828)
Size: (0.117104, 0.0327351, 0.0821615)

