Position: (0.514102, -0.349014, 0.649611)
Size: (0.255433, 0.0839575, 0.250253)

Position: (0.116383, -0.615977, -0.335667)
Size: (0.154815, 0.262151, 0.144324)

Position: (0.264247, -0.207368, -1.37901)
Size: (0.155597, 0.0693411, 0.221895)

Position: (1.0317, 0.556778, -1.2286)
Size: (0.218037, 0.0231152, 0.0764041)

Position: (1.45086, 1.13796, 0.541683)
Size: (0.0675004, 0.113951, 0.127165)

Position: (0.41435, 1.07725, -0.643884)
Size: (0.10722, 0.0521644, 0.153218)

Position: (-0.552335, -0.207992, -0.901803)
Size: (0.208851, 0.109558, 0.0154135)

Position: (0.855677, 0.805578, 1.15687)
Size: (0.154481, 0.207313, 0.29065)

Position: (1.43745, -0.386316, 0.474864)
Size: (0.0387274, 0.053286, 0.107018)

Position: (-0.412035, 0.829799, 0.611186)
Size: (0.294521, 0.0375261, 0.217405)

Position: (0.0343544, -0.115595, -0.859584)
Size: (0.123126, 0.0790096, 0.269183)

Position: (0.599054, 0.0261458, 1.29338)
Size: (0.111036, 0.118441, 0.251514)

Position: (-1.13913, 1.14884, -1.45494)
Size: (0.0542181, 0.186082, 0.165433)

Position: (0.654128, 0.583587, -1.11947)
Size: (0.228741, 0.193442, 0.204028)

Position: (-1.33476, 0.0760036, -1.47986)
Size: (0.25622, 0.102826, 0.00601187)

Position: (-1.14875, -0.82801, 0.505492)
Size: (0.104008, 0.212233, 0.235785)

Position: (-0.35602, 0.548424, -0.0416009)
Size: (0.0370906, 0.0945409, 0.0665715)

Position: (0.84608, 0.788718, 0.166259)
Size: (0.219681, 0.00892547, 0.289738)

Position: (-1.42803, 0.590316, -0.0532102)
Size: (0.208799, 0.257095, 0.22415)

Position: (-0.786689, -0.955863, 1.41862)
Size: (0.13144, 0.154986, 0.166586)

Position: (-0.300958, 0.454318, 0.00640649)
Size: (0.174206, 0.0767532, 0.29633)

Position: (1.41828, 0.631432, 0.969645)
Size: (0.113135, 0.297552, 0.273958)

Position: (0.0604963, 0.78694, 0.271053)
Size: (0.24128, 0.207399, 0.18953)

Position: (0.535923, 1.48748, 1.47119)
Size: (0.191461, 0.0538533, 0.0139627)

Position: (1.07846, -0.747227, 1.32261)
Size: (0.0183217, 0.0686859, 0.183359)

Position: (-0.988822, 0.599421, -0.0952437)
Size: (0.133888, 0.0861749, 0.294885)

Position: (0.986963, 0.173562, 1.09714)
Size: (0.0808446, 0.0618308, 0.0631017)

Position: (-0.872835, 0.0995209, 1.3491)
Size: (0.040219, 0.108286, 0.240715)

Position: (-0.580912, 0.853163, -0.51613)
Size: (0.101397, 0.275989, 0.169349)

Position: (-1.4093, -0.213856, -0.569423)
Size: (0.142057, 0.0754432, 0.0999113)

Position: (-0.323553, -1.22023, -1.09784)
Size: (0.130047, 0.173335, 0.129378)

Position: (-0.540086, 0.0900251, -0.231799)
Size: (0.0279512, 0.205035, 0.174752)

