Position: (-1.25181, -0.935467, 0.96697)
Size: (0.29951, 0.179488, 0.129385)

Position: (-0.237949, 0.808655, -0.386808)
Size: (0.275944, 0.0889441, 0.00312151)

Position: (-0.711832, -0.189492, -0.234656)
Size: (0.0197356, 0.00156678, 0.144468)

Position: (-0.579, -0.0216546, -0.116308)
Size: (0.0465952, 0.201623, 0.10958)

Position: (1.36311, -1.45952, 0.455568)
Size: (0.0876749, 0.0700081, 0.175813)

Position: (-0.408239, 0.628179, 0.052589)
Size: (0.0773929, 0.0252205, 0.0720748)

Position: (-0.682761, 0.444555, -0.612555)
Size: (0.0208337, 0.1106, 0.100189)

Position: (0.859961, -0.555806, 0.685044)
Size: (0.267007, 0.00850385, 0.182714)

Position: (0.494106, 0.156082, -1.12255)
Size: (0.0703509, 0.0734814, 0.219751)

Position: (0.750153, -0.368928, 1.49436)
Size: (0.108591, 0.00641039, 0.202289)

Position: (0.552791, 0.472151, -0.395963)
Size: (0.196572, 0.240909, 0.227369)

Position: (-0.0821062, -0.0157325, -0.434656)
Size: (0.0812344, 0.0780726, 0.000933206)

Position: (0.242058, 0.817295, -0.377565)
Size: (0.262137, 0.24753, 0.100719)

Position: (-0.456961, 0.818895, -1.49949)
Size: (0.170347, 0.10268, 0.025253)

Position: (1.24617, 0.0675618, -0.765202)
Size: (0.211983, 0.0248877, 0.297834)

Position: (0.900335, 0.16879, -0.784598)
Size: (0.260097, 0.0426512, 0.0131943)

Position: (0.764782, -1.09798, 0.892833)
Size: (0.189628, 0.162943, 0.235348)

Position: (1.32102, 1.19101, 1.0612)
Size: (0.10543, 0.0981548, 0.0239302)

Position: (-0.202249, -1.45738, -0.550183)
Size: (0.291739, 0.166135, 0.24988)

Position: (0.571603, 0.155746, 0.755661)
Size: (0.0979111, 0.273999, 0.0028375)

Position: (-0.229058, -0.737342, -0.2997)
Size: (0.00292639, 0.289405, 0.251825)

Position: (0.0276188, -1.39574, 0.00387319)
Size: (0.154175, 0.0136342, 0.173974)

Position: (0.939036, -0.476897, -0.0898977)
Size: (0.137734, 0.123006, 0.148436)

Position: (0.995269, -1.25077, -0.630609)
Size: (0.180747, 0.156309, 0.0507038)

Position: (0.344221, 0.318099, 0.384956)
Size: (0.251426, 0.21304, 0.146466)

Position: (1.27386, -1.48875, -1.25937)
Size: (0.0192172, 0.219008, 0.158691)

Position: (0.704108, -0.230468, 0.41889)
Size: (0.0997252, 0.0814223, 0.238378)

Position: (1.18627, 0.344898, -0.467177)
Size: (0.0969492, 0.194372, 0.251043)

Position: (-0.858831, -0.625503, 0.979901)
Size: (0.186079, 0.299714, 0.0597229)

Position: (0.450287, -0.228333, 0.897848)
Size: (0.127153, 0.152259, 0.118675)

Position: (-0.248487, 0.579492, -0.541805)
Size: (0.175899, 0.206559, 0.0694137)

Position: (-0.314855, 0.591196, -0.749869)
Size: (0.0554272, 0.143639, 0.00914132)

