Position: (-1.11091, 1.37097, 0.836914)
Size: (0.294888, 0.0547111, 0.000680239)

Position: (-0.136671, -0.753753, -0.823727)
Size: (0.260844, 0.186265, 0.0861002)

Position: (0.234849, 0.321655, -0.752397)
Size: (0.182165, 0.0349172, 0.0954496)

Position: (0.0439617, 0.0731023, 1.45652)
Size: (0.158547, 0.129823, 0.0503951)

Position: (-0.573168, 0.188777, 0.214299)
Size: (0.167402, 0.1144, 0.207037)

Position: (0.665449, 1.10801, 0.398259)
Size: (0.204537, 0.0108923, 0.0204389)

Position: (0.366665, 0.858128, -0.590422)
Size: (0.142395, 0.0815755, 0.243898)

Position: (-1.46329, 1.26576, 1.38563)
Size: (0.158801, 0.241766, 0.0730448)

Position: (-1.30882, 0.929789, -0.602361)
Size: (0.281172, 0.267847, 0.242719)

Position: (0.92618, -0.715784, 0.994489)
Size: (0.0478046, 0.153084, 0.0784214)

Position: (1.45344, -1.41536, 1.23572)
Size: (0.262031, 0.0355513, 0.188041)

Position: (-0.241491, -0.443376, 0.943415)
Size: (0.0292129, 0.0501492, 0.0424846)

Position: (0.583112, -1.26296, -0.174426)
Size: (0.0430081, 0.281077, 0.179813)

Position: (-1.02404, -0.594593, -0.375957)
Size: (0.269223, 0.0119807, 0.257286)

Position: (-0.2881, -0.0292685, -0.292037)
Size: (0.0253114, 0.0658846, 0.0939225)

Position: (0.312278, -1.43724, -1.30127)
Size: (0.135885, 0.0166258, 0.0574422)

Position: (1.116, -0.0253799, -1.22999)
Size: (0.137505, 0.288971, 0.116407)

Position: (0.874814, 0.147974, -1.39407)
Size: (0.220396, 0.0265544, 0.296462)

Position: (0.957409, 0.0998097, -0.610284)
Size: (0.142161, 0.0738424, 0.0473842)

Position: (-1.48337, 0.0237175, 1.17686)
Size: (0.140447, 0.00945789, 0.287854)

Position: (0.794333, 1.08794, -0.604363)
Size: (0.151321, 0.0734404, 0.271587)

Position: (0.12241, -0.642091, 0.90276)
Size: (0.175767, 0.181458, 0.218673)

Position: (-0.789724, 0.76548, 0.915098)
Size: (0.112318, 0.0727029, 0.105175)

Position: (0.663552, -0.265186, -0.447178)
Size: (0.168741, 0.0705512, 0.0513658)

Position: (-0.69346, 0.420009, 0.796125)
Size: (0.198433, 0.0842624, 0.282915)

Position: (1.49148, 0.816642, 0.878498)
Size: (0.193539, 0.177756, 0.27011)

Position: (-0.513783, -0.894225, -1.23455)
Size: (0.0920417, 0.119268, 0.154145)

Position: (0.83134, -1.22354, 1.2918)
Size: (0.233062, 0.0136794, 0.0399821)

Position: (-0.197422, 0.100184, 0.00967039)
Size: (0.243165, 0.28468, 0.0659152)

Position: (0.237162, 1.39732, 1.16917)
Size: (0.0171511, 0.0139773, 0.22157)

Position: (0.600197, -0.699812, 0.285327)
Size: (0.291783, 0.27615, 0.109971)

Position: (-0.473307, 0.564942, 0.375852)
Size: (0.0766745, 0.2343, 0.00509583)

