Position: (0.697876, -0.136126, 0.845769)
Size: (0.296535, 0.243458, 0.0254666)

Position: (-0.263786, 0.0621243, 1.48827)
Size: (0.0645909, 0.278471, 0.112147)

Position: (-1.35973, 0.109115, -0.182999)
Size: (0.224226, 0.20878, 0.239865)

Position: (-1.4197, -0.128543, -0.991738)
Size: (0.0384965, 0.171649, 0.113543)

Position: (0.334859, 0.614916, -1.38083)
Size: (0.117234, 0.259981, 0.000539364)

Position: (-0.637624, -0.0909143, 0.361028)
Size: (0.232865, 0.139384, 0.000477127)

Position: (-1.11578, 1.482, -0.495597)
Size: (0.253901, 0.255319, 0.0399831)

Position: (1.0206, -1.00988, 0.930567)
Size: (0.179144, 0.233935, 0.092993)

Position: (-0.305401, 1.46292, 1.42954)
Size: (0.110175, 0.0622758, 0.159163)

Position: (1.12437, 0.141324, -1.11589)
Size: (0.296544, 0.268518, 0.0975524)

Position: (-1.35338, 0.494071, -0.809598)
Size: (0.0051272, 0.239073, 0.0783805)

Position: (1.40517, -0.369482, 0.642647)
Size: (0.189679, 0.000447552, 0.0784166)

Position: (-0.599185, -1.39435, -0.62545)
Size: (0.151355, 0.299271, 0.153646)

Position: (-0.498492, 1.35485, 0.452465)
Size: (0.0199925, 0.0620108, 0.186706)

Position: (-0.650555, 0.129876, 0.612741)
Size: (0.255998, 0.263678, 0.132216)

Position: (-0.226801, -1.16654, -0.71282)
Size: (0.223159, 0.176777, 0.0769503)

Position: (-0.0759639, -0.768387, 1.09617)
Size: (0.223324, 0.140474, 0.262346)

Position: (-0.997365, 1.02114, -0.231889)
Size: (0.166239, 0.190298, 0.190462)

Position: (0.299558, 1.42576, 1.35358)
Size: (0.156126, 0.204457, 0.219095)

Position: (0.480235, 1.49191, -0.425885)
Size: (0.282414, 0.231587, 0.127223)

Position: (0.860793, 1.31129, -1.07688)
Size: (0.0818934, 0.226889, 0.0715491)

Position: (0.0956391, 0.855706, -1.00762)
Size: (0.169002, 0.18139, 0.180558)

Position: (-0.53548, 0.0380956, -0.221902)
Size: (0.253375, 0.112908, 0.257247)

Position: (-0.527135, -0.339673, 0.494601)
Size: (0.0217093, 0.0879915, 0.182237)

Position: (0.450164, 0.717007, -0.352046)
Size: (0.0462549, 0.260783, 0.0713459)

Position: (0.103066, 0.451164, 0.469751)
Size: (0.117072, 0.235586, 0.251474)

Position: (-0.796351, -1.42343, -0.570936)
Size: (0.211096, 0.00410532, 0.182555)

Position: (-0.265638, 1.39025, -1.0876)
Size: (0.156732, 0.226225, 0.283389)

Position: (1.1946, -0.306104, -0.916264)
Size: (0.134387, 0.101868, 0.00809431)

Position: (-0.0175004, -0.6443, -1.18468)
Size: (0.124336, 0.236839, 0.297529)

Position: (-0.158425, -1.21917, -0.445595)
Size: (0.107743, 0.187218, 0.131904)

Position: (0.260897, -0.873846, -0.194571)
Size: (0.258914, 0.0501138, 0.131582)

