Position: (0.180955, -0.881832, -0.180159)
Size: (0.0225255, 0.0762025, 0.219381)

Position: (0.0167704, 0.871793, 0.183906)
Size: (0.0897255, 0.00692832, 0.183552)

Position: (0.126274, -1.41627, 1.10671)
Size: (0.109983, 0.101606, 0.298531)

Position: (-1.02043, 0.214742, -1.00295)
Size: (0.28264, 0.152326, 0.125714)

Position: (0.466608, -0.564059, -0.663701)
Size: (0.170484, 0.0279422, 0.0707886)

Position: (-0.479801, 0.751955, -1.14651)
Size: (0.247068, 0.02107, 0.0734836)

Position: (-1.17248, -0.0167172, 1.28598)
Size: (0.253949, 0.245796, 0.214059)

Position: (0.0322248, -1.39032, -0.0562024)
Size: (0.00887899, 0.0274608, 0.206437)

Position: (0.181227, -0.42678, 0.125563)
Size: (0.139308, 0.26864, 0.232653)

Position: (-1.3538, -0.824392, 0.107469)
Size: (0.119186, 0.232116, 0.188135)

Position: (1.47934, -0.665598, -1.4521)
Size: (0.214082, 0.0462924, 0.112521)

Position: (0.0481891, -1.17911, -1.36462)
Size: (0.018893, 0.0685683, 0.209949)

Position: (-0.0261434, -0.646598, 0.410625)
Size: (0.227699, 0.00963989, 0.229312)

Position: (-0.848777, -1.0401, 0.65848)
Size: (0.226751, 0.231243, 0.218867)

Position: (-0.176322, 0.772997, -0.0798228)
Size: (0.00254398, 0.172727, 0.113585)

Position: (0.64483, 1.13559, -1.25303)
Size: (0.000103471, 0.200466, 0.137712)

Position: (0.067452, 0.432519, 0.933011)
Size: (0.108047, 0.0687808, 0.0257103)

Position: (0.900762, 0.391082, -0.348779)
Size: (0.190263, 0.17044, 0.225049)

Position: (-0.0207893, 1.05513, 0.34677)
Size: (0.280072, 0.295973, 0.262893)

Position: (0.428902, 0.368778, -0.0558089)
Size: (0.0461988, 0.208676, 0.0859833)

Position: (0.181344, -0.768747, -0.568141)
Size: (0.261616, 0.292185, 0.212754)

Position: (-1.19003, -1.10732, 0.951689)
Size: (0.214888, 0.240785, 0.175949)

Position: (-1.247, -0.136427, -0.00315809)
Size: (0.132731, 0.260484, 0.204259)

Position: (-0.0580027, -0.55118, -1.43135)
Size: (0.102948, 0.0742329, 0.162323)

Position: (-1.34378, -0.794589, -0.814957)
Size: (0.198034, 0.109509, 0.112935)

Position: (0.27061, 1.03141, 0.508134)
Size: (0.164227, 0.107808, 0.168569)

Position: (0.665804, 1.0769, 0.595869)
Size: (0.24475, 0.289001, 0.230545)

Position: (-1.30381, -0.618981, 0.918523)
Size: (0.20844, 0.279511, 0.167115)

Position: (1.13246, 0.168323, 1.31885)
Size: (0.151899, 0.203026, 0.145887)

Position: (-0.706279, 0.15395, 0.519386)
Size: (0.171415, 0.214041, 0.0482989)

Position: (-0.124678, 0.736001, 0.626584)
Size: (0.105546, 0.0555617, 0.120023)

Position: (0.0723903, 0.605743, 0.857046)
Size: (0.140043, 0.0208751, 0.133152)

