Position: (-0.207506, 1.21138, 1.40076)
Size: (0.0957298, 0.000321413, 0.278038)

Position: (0.290313, 0.590503, -1.19353)
Size: (0.242306, 0.20391, 0.067898)

Position: (-0.344224, 1.03639, -0.38517)
Size: (0.0144033, 0.153446, 0.0233382)

Position: (0.61931, 1.29343, -1.0437)
Size: (0.249027, 0.236055, 0.241424)

Position: (-0.440112, -0.68735, -1.41152)
Size: (0.190905, 0.0480932, 0.00435292)

Position: (-0.247342, -0.842256, -0.040558)
Size: (3.25958e-05, 0.212748, 0.148837)

Position: (-1.0158, -1.25618, -1.44232)
Size: (0.0771816, 0.0923271, 0.0322103)

Position: (-0.839565, -0.844596, 0.607678)
Size: (0.211611, 0.147496, 0.186715)

Position: (-0.5245, 1.41694, 0.293106)
Size: (0.0511968, 0.0474415, 0.233908)

Position: (0.114674, 0.561019, -0.680116)
Size: (0.120953, 0.240183, 0.0828237)

Position: (-0.802846, 0.609562, -0.210111)
Size: (0.258012, 0.227634, 0.224635)

Position: (0.547478, 0.171357, 0.81099)
Size: (0.0863352, 0.269085, 0.166878)

Position: (-1.06873, -1.07547, -0.181374)
Size: (0.0406189, 0.0734094, 0.11588)

Position: (-0.46184, -1.10443, 1.30717)
Size: (0.135081, 0.161606, 0.062362)

Position: (0.636505, 1.4237, -0.200264)
Size: (0.294137, 0.0175257, 0.276712)

Position: (1.14842, -0.835789, 0.588089)
Size: (0.253701, 0.0463686, 0.291696)

Position: (0.131653, 0.142054, 1.09582)
Size: (0.0945096, 0.190548, 0.0623858)

Position: (0.92452, -0.0630972, 1.34511)
Size: (0.05542, 0.150159, 0.0429168)

Position: (0.0825695, 0.376185, 1.2433)
Size: (0.0160285, 0.0281619, 0.0682454)

Position: (0.0306917, 0.0673383, -0.313017)
Size: (0.147538, 0.0433654, 0.181461)

Position: (-1.40809, 0.523378, -0.0558678)
Size: (0.0516977, 0.18439, 0.135571)

Position: (0.102719, -1.40345, -0.978484)
Size: (0.0760141, 0.0869506, 0.254624)

Position: (-1.34986, -1.26279, -0.703198)
Size: (0.0861699, 0.0765067, 0.0119843)

Position: (-1.48887, -0.520042, -1.05942)
Size: (0.124406, 0.0726467, 0.0122492)

Position: (-0.204991, 0.279923, -1.3119)
Size: (0.127876, 0.0714938, 0.0475894)

Position: (0.989665, -1.11642, 1.20257)
Size: (0.22479, 0.245141, 0.228426)

Position: (-0.85214, 0.85936, -0.0731625)
Size: (0.131124, 0.199741, 0.156906)

Position: (-0.522485, 1.27612, 0.180148)
Size: (0.277979, 0.0443545, 0.0894965)

Position: (1.43482, -0.829152, -0.491329)
Size: (0.21949, 0.210156, 0.204338)

Position: (0.058196, 0.301639, -0.0912785)
Size: (0.14411, 0.262423, 0.241542)

Position: (-0.658102, -1.00927, -1.41697)
Size: (0.114403, 0.00843073, 0.241705)

Position: (-0.286589, -1.11281, 1.3321)
Size: (0.0623676, 0.213076, 0.0552205)

