Position: (1.45895, 0.940643, -0.196712)
Size: (0.0965549, 0.0144248, 0.0634789)

Position: (-1.19061, -1.01834, 0.122942)
Size: (0.162506, 0.115307, 0.268473)

Position: (-0.840052, -0.225905, -0.0934612)
Size: (0.164862, 0.192073, 0.193754)

Position: (1.08109, 1.32932, -1.23051)
Size: (0.292093, 0.239599, 0.250942)

Position: (1.24441, -0.858554, 0.607759)
Size: (0.202059, 0.144415, 0.14295)

Position: (0.167391, 0.361781, 0.525955)
Size: (0.146348, 0.248114, 0.211535)

Position: (0.165209, 1.27641, -0.146045)
Size: (0.298951, 0.0325514, 0.0721919)

Position: (-1.38312, -0.0240996, -1.12129)
Size: (0.048776, 0.26875, 0.143684)

Position: (0.100298, 0.0767555, 0.241156)
Size: (0.108681, 0.0620172, 0.104799)

Position: (-0.358272, 0.511017, 0.180502)
Size: (0.245907, 0.179373, 0.0982573)

Position: (0.110908, -0.66038, -0.72085)
Size: (0.164279, 0.243774, 0.032547)

Position: (-0.702969, -0.287223, 0.915509)
Size: (0.297667, 0.229247, 0.08856)

Position: (0.995451, -1.29389, -1.05752)
Size: (0.192086, 0.123113, 0.00257405)

Position: (-0.27209, -0.782317, -0.999867)
Size: (0.141659, 0.196898, 0.204482)

Position: (0.336491, 0.0140061, 1.23986)
Size: (0.235579, 0.0681347, 0.155456)

Position: (-0.401789, 0.335502, 0.962586)
Size: (0.208112, 0.143119, 0.212748)

Position: (-0.362365, 1.24011, 1.40269)
Size: (0.111987, 0.110495, 0.298426)

Position: (1.11064, -0.684085, -1.15129)
Size: (0.238697, 0.188414, 0.0924908)

Position: (-0.959981, 0.138169, 0.159606)
Size: (0.0843992, 0.286168, 0.00772395)

Position: (-0.0554839, 0.526598, -1.49509)
Size: (0.282845, 0.134634, 0.205177)

Position: (0.761902, -0.453396, 1.06542)
Size: (0.0306771, 0.265717, 0.0272558)

Position: (-0.483095, -0.0818513, -0.387911)
Size: (0.051747, 0.181657, 0.171958)

Position: (-0.971496, -1.38706, -0.244933)
Size: (0.212811, 0.00325985, 0.157215)

Position: (1.06454, 0.169723, -0.0533092)
Size: (0.286817, 0.238735, 0.000293932)

Position: (0.17961, 0.431588, -1.12334)
Size: (0.219767, 0.122501, 0.067212)

Position: (-1.25558, -0.309668, 0.801787)
Size: (0.286471, 0.024388, 0.0236445)

Position: (0.0462194, 0.331758, -0.485055)
Size: (0.226523, 0.27249, 0.045559)

Position: (-1.12383, -1.16288, 1.3101)
Size: (0.0377693, 0.189021, 0.178278)

Position: (0.908498, 0.851196, -0.467213)
Size: (0.25056, 0.286906, 0.171459)

Position: (0.38259, -0.912229, -0.926078)
Size: (0.275636, 0.0125228, 0.107064)

Position: (-0.451313, -1.02807, 0.144618)
Size: (0.0129003, 0.12107, 0.161162)

Position: (-1.21707, 1.39856, -0.380276)
Size: (0.262865, 0.144017, 0.172041)

