Position: (-0.353882, 0.759261, 0.858875)
Size: (0.198569, 0.0276368, 0.29987)

Position: (-0.88345, 0.389744, 0.844911)
Size: (0.15645, 0.256284, 0.292767)

Position: (0.486245, 0.72896, -0.749071)
Size: (0.258711, 0.10465, 0.067984)

Position: (0.445373, 0.713558, 0.728421)
Size: (0.160595, 0.0620487, 0.297721)

Position: (0.115912, 0.0148114, 0.107322)
Size: (0.198095, 0.190873, 0.230382)

Position: (1.18962, 0.449964, 0.172163)
Size: (0.172385, 0.0766197, 0.105752)

Position: (-0.614166, 1.37816, 0.63101)
Size: (0.222464, 0.0187593, 0.0187525)

Position: (-1.30222, -0.255478, -0.310651)
Size: (0.0132335, 0.219187, 0.119004)

Position: (-0.196643, -0.356593, -0.767339)
Size: (0.143695, 0.0452136, 0.12531)

Position: (0.820377, -1.01485, -1.14214)
Size: (0.240012, 0.21709, 0.107074)

Position: (-0.72705, -1.12128, -1.08225)
Size: (0.0520576, 0.0203879, 0.287338)

Position: (-0.535015, 1.37015, 0.607067)
Size: (0.0330428, 0.138662, 0.016928)

Position: (-0.790098, 0.491515, 0.340263)
Size: (0.152876, 0.232587, 0.247207)

Position: (-1.23117, -0.0959581, -0.453298)
Size: (0.0538291, 0.295009, 0.218065)

Position: (-0.960456, -0.328014, 0.560973)
Size: (0.223134, 0.203112, 0.0503262)

Position: (-1.39785, -1.22444, -0.0436496)
Size: (0.017577, 0.256348, 0.161544)

Position: (0.251953, -1.14543, 1.17782)
Size: (0.165698, 0.134104, 0.244072)

Position: (0.786351, -0.869044, 0.44719)
Size: (0.251867, 0.0646065, 0.199056)

Position: (-0.888454, 1.25734, 0.614851)
Size: (0.199678, 0.0269017, 0.21758)

Position: (-1.33993, 1.08758, 0.778566)
Size: (0.114949, 0.134461, 0.0994939)

Position: (-0.549534, -0.805834, -0.236393)
Size: (0.203634, 0.0174886, 0.145096)

Position: (-0.749111, -0.232393, 0.103278)
Size: (0.0636593, 0.0204826, 0.044037)

Position: (-1.43398, 0.190085, 1.16823)
Size: (0.14093, 0.199339, 0.0828447)

Position: (0.0160586, 0.2594, 0.282324)
Size: (0.298717, 0.024084, 0.110639)

Position: (-0.406039, 0.499895, 1.07526)
Size: (0.125841, 0.0529161, 0.109584)

Position: (0.502527, -0.896136, -1.2579)
Size: (0.138806, 0.0178504, 0.222881)

Position: (0.237921, 0.906721, -0.158011)
Size: (0.142666, 0.291645, 0.202098)

Position: (0.322552, -0.605061, -1.31705)
Size: (0.17549, 0.157676, 0.166673)

Position: (0.237525, -0.358036, -1.16683)
Size: (0.0393887, 0.144962, 0.135503)

Position: (1.2149, -0.892504, -0.497661)
Size: (0.278287, 0.274429, 0.278352)

Position: (-1.00366, -0.337301, 0.889302)
Size: (0.0945008, 0.246359, 0.251274)

Position: (0.110405, 1.31333, 0.167434)
Size: (0.168772, 0.0651435, 0.209999)

