Position: (-0.567663, 1.369, -0.825568)
Size: (0.135265, 0.0644822, 0.0511388)

Position: (-0.257326, 0.119499, 0.760539)
Size: (0.219127, 0.267001, 0.202796)

Position: (-0.302907, -1.20627, -0.957893)
Size: (0.250246, 0.263151, 0.248491)

Position: (-0.627305, 1.2018, -1.33339)
Size: (0.265299, 0.00478729, 0.0492983)

Position: (-0.859369, -1.42662, -0.548422)
Size: (0.125915, 0.298098, 0.0147777)

Position: (1.13216, 0.0627966, -0.403183)
Size: (0.222037, 0.227365, 0.237128)

Position: (-0.288374, 0.202644, -1.27646)
Size: (0.176725, 0.138635, 0.287194)

Position: (0.00824448, 0.777347, 0.425904)
Size: (0.0131831, 0.083084, 0.0304617)

Position: (-0.626729, 0.420423, -1.47787)
Size: (0.184102, 0.143631, 0.207411)

Position: (-0.220586, -0.57096, 0.775553)
Size: (0.082552, 0.109496, 0.2551)

Position: (-1.43663, -0.402766, 0.989647)
Size: (0.180393, 0.0217716, 0.13731)

Position: (-1.12768, -1.21236, 0.69323)
Size: (0.185703, 0.296087, 0.223743)

Position: (0.14734, -0.800089, -0.570671)
Size: (0.15886, 0.0681057, 0.0143376)

Position: (-1.21254, 0.414876, 0.0595479)
Size: (0.035838, 0.0395578, 0.255768)

Position: (-1.47699, -0.405851, -1.01483)
Size: (0.239384, 0.0742835, 0.1568)

Position: (1.45776, -0.862223, -1.4827)
Size: (0.00363905, 0.238847, 0.0990372)

Position: (-0.186624, 0.399411, 1.00519)
Size: (0.168478, 0.115971, 0.206813)

Position: (-0.369941, -0.521323, -0.603165)
Size: (0.293102, 0.0737861, 0.279095)

Position: (-1.24616, 0.0182909, -1.37062)
Size: (0.181906, 0.178702, 0.260851)

Position: (1.39995, -0.393874, -1.11586)
Size: (0.062216, 0.167326, 0.121877)

Position: (-1.35368, 0.882337, -0.599379)
Size: (0.0456301, 0.0586474, 0.00431431)

Position: (1.03017, 0.520945, 0.521372)
Size: (0.13706, 0.239708, 0.188461)

Position: (-0.575013, 1.27006, -0.263259)
Size: (0.0104999, 0.284871, 0.00740853)

Position: (1.0976, 1.26569, -0.805635)
Size: (0.188195, 0.0968054, 0.00656246)

Position: (1.43918, -1.41424, -0.552181)
Size: (0.0599791, 0.0613193, 0.059776)

Position: (0.899799, -1.04439, -1.11719)
Size: (0.0579578, 0.207341, 0.19413)

Position: (0.553413, 1.03663, 0.804528)
Size: (0.11702, 0.0792205, 0.105251)

Position: (-0.979963, 0.686156, 0.774619)
Size: (0.272114, 0.168653, 0.153757)

Position: (-0.402143, -0.273755, -0.28577)
Size: (0.0303991, 0.0240011, 0.221235)

Position: (-0.172578, -1.33231, 0.552763)
Size: (0.0825407, 0.236502, 0.0503639)

Position: (-0.794023, -1.38777, -1.35381)
Size: (0.244513, 0.0061571, 0.0404825)

Position: (1.46625, -0.821813, 1.42675)
Size: (0.22456, 0.0130391, 0.0389137)

