Position: (-0.596167, 0.77532, 0.348449)
Size: (0.0580147, 0.0136847, 0.113042)

Position: (-1.36966, -0.158489, 0.570236)
Size: (0.225249, 0.130293, 0.0462527)

Position: (-0.336414, 1.16669, -0.832064)
Size: (0.253332, 0.162737, 0.276256)

Position: (-0.283992, -0.160916, 1.39905)
Size: (0.039144, 0.121593, 0.147559)

Position: (0.768875, -1.46093, -0.679269)
Size: (0.259037, 0.184744, 0.0611648)

Position: (-0.143736, 1.46378, 0.191209)
Size: (0.18005, 0.210926, 0.193191)

Position: (0.556847, 0.395687, 0.0226693)
Size: (0.283104, 0.170599, 0.17112)

Position: (1.38786, -0.306587, 1.23476)
Size: (0.185594, 0.296935, 0.144696)

Position: (0.0926085, 0.497555, -0.760168)
Size: (0.195254, 0.198599, 0.167778)

Position: (-0.414295, 0.485106, 0.742957)
Size: (0.137447, 0.291043, 0.235714)

Position: (1.30086, -1.32596, 0.21302)
Size: (0.223417, 0.0845935, 0.229105)

Position: (-1.46373, 1.0963, 1.44623)
Size: (0.0155029, 0.216613, 0.0392545)

Position: (0.432759, 0.929348, -1.20786)
Size: (0.107577, 0.2665, 0.279074)

Position: (1.12331, 0.133786, -1.00194)
Size: (0.185951, 0.0294495, 0.146098)

Position: (1.34955, -0.574199, -0.462182)
Size: (0.032291, 0.215563, 0.224811)

Position: (-1.16464, -0.917736, 0.713457)
Size: (0.127578, 0.283233, 0.161027)

Position: (-0.422992, 0.590181, 1.06622)
Size: (0.161333, 0.0194594, 0.00984652)

Position: (-0.969671, -1.06104, 1.18489)
Size: (0.0844081, 0.0039212, 0.282424)

Position: (-0.0576271, 0.781359, 0.278391)
Size: (0.253181, 0.288806, 0.014374)

Position: (0.0121162, -1.21318, 0.950843)
Size: (0.0279924, 0.147805, 0.274685)

Position: (0.729817, -0.301076, 0.0406228)
Size: (0.0562918, 0.0189943, 0.0482663)

Position: (1.48414, -1.39196, 0.101744)
Size: (0.194854, 0.117544, 0.258464)

Position: (-0.824439, -1.36377, -0.738385)
Size: (0.29501, 0.295711, 0.154155)

Position: (-0.518386, -0.700388, 1.47593)
Size: (0.175807, 0.110671, 0.29061)

Position: (-0.879838, 1.30866, 0.661568)
Size: (0.126076, 0.271275, 0.237829)

Position: (-0.839105, 0.774739, -0.45925)
Size: (0.207343, 0.282784, 0.155009)

Position: (-1.12157, -0.611919, 0.610415)
Size: (0.186789, 0.164067, 0.0975597)

Position: (0.948101, -0.00685483, 1.06621)
Size: (0.0263459, 0.107024, 0.0775852)

Position: (1.00785, -0.818857, 1.2823)
Size: (0.00189679, 0.0707617, 0.219998)

Position: (1.20885, 0.810851, -0.0155709)
Size: (0.145575, 0.205496, 0.197322)

Position: (-0.874933, 0.895446, 1.04653)
Size: (0.126437, 0.180729, 0.154657)

Position: (-0.141673, 1.20501, -0.393404)
Size: (0.00267809, 0.22254, 0.0249778)

