Position: (0.174205, 0.569275, -0.0852948)
Size: (0.167778, 0.0509193, 0.0946566)

Position: (1.46447, -0.818015, -1.42529)
Size: (0.254884, 0.0271395, 0.112)

Position: (0.34575, 0.995165, 0.720141)
Size: (0.106903, 0.0541361, 0.289646)

Position: (1.42432, 1.44978, 0.372185)
Size: (0.218306, 0.230651, 0.173395)

Position: (-0.0378243, -0.419304, 0.636208)
Size: (0.0504108, 0.0884953, 0.177908)

Position: (-1.45788, 0.516193, 0.0878027)
Size: (0.140139, 0.296972, 0.115319)

Position: (0.900153, 1.08481, -0.666162)
Size: (0.0516621, 0.10054, 0.0749812)

Position: (-1.45047, -0.170879, 0.332183)
Size: (0.053881, 0.199571, 0.00373329)

Position: (-0.96501, 0.0469255, 1.12384)
Size: (0.222576, 0.137078, 0.155621)

Position: (-0.570202, 0.275919, 0.976873)
Size: (0.0839081, 0.190771, 0.126119)

Position: (1.20814, 1.473, 0.390086)
Size: (0.0176567, 0.00545758, 0.0698202)

Position: (-0.605452, -0.269894, -0.411418)
Size: (0.288454, 0.163883, 0.0306365)

Position: (-0.799175, -1.04683, -0.812678)
Size: (0.296134, 0.18367, 0.282599)

Position: (-1.42795, 1.23284, 0.67872)
Size: (0.0065009, 0.207772, 0.0736461)

Position: (0.519606, 0.236587, 1.46201)
Size: (0.127962, 0.0760252, 0.221216)

Position: (-0.998667, 1.4117, -0.465693)
Size: (0.121464, 0.163471, 0.0613516)

Position: (-1.10452, 1.25144, 0.734756)
Size: (0.11007, 0.265652, 0.184436)

Position: (1.46238, 0.493426, -0.60725)
Size: (0.000543883, 0.0440554, 0.291554)

Position: (-0.345495, -0.867153, 1.14956)
Size: (0.290946, 0.0111002, 0.190059)

Position: (1.25271, -0.0631555, 0.87499)
Size: (0.180393, 0.249578, 0.0254363)

Position: (-1.13213, 0.29172, 0.379559)
Size: (0.0504085, 0.142005, 0.102725)

Position: (0.916896, -0.304542, 0.584549)
Size: (0.0388853, 0.219241, 0.230077)

Position: (1.06868, -0.0578499, 0.679415)
Size: (0.0331863, 0.206535, 0.251835)

Position: (1.01308, -0.302794, 0.325425)
Size: (0.221793, 0.0341467, 0.257225)

Position: (-0.224212, -0.266653, 1.11757)
Size: (0.269103, 0.203751, 0.256607)

Position: (-0.867556, 0.838669, 1.28219)
Size: (0.116858, 0.239381, 0.0236291)

Position: (1.35361, -0.443207, -1.15815)
Size: (0.185783, 0.0530371, 0.18847)

Position: (-0.495217, 0.995607, 0.275552)
Size: (0.242233, 0.237585, 0.064261)

Position: (1.17853, -0.40546, -1.33905)
Size: (0.274204, 0.224489, 0.0876569)

Position: (-0.0836675, 0.301242, 1.16477)
Size: (0.193383, 0.231986, 0.158327)

Position: (-0.517301, -1.49285, -1.01433)
Size: (0.222107, 0.0625331, 0.213091)

Position: (0.0934783, -1.12416, -0.475988)
Size: (0.0328996, 0.104267, 0.197666)

