Position: (0.888906, -1.06834, 0.219681)
Size: (0.181738, 0.247361, 0.0478175)

Position: (1.17836, 1.06963, -1.32366)
Size: (0.218623, 0.0405938, 0.0839663)

Position: (0.170723, 0.366932, 0.523926)
Size: (0.16001, 0.161365, 0.0698552)

Position: (0.0158459, 0.849969, 0.00860959)
Size: (0.174472, 0.104006, 0.270267)

Position: (1.47094, -1.12503, 1.49994)
Size: (0.075726, 0.252355, 0.124557)

Position: (1.07116, 1.06526, -0.966125)
Size: (0.285991, 0.216232, 0.110476)

Position: (0.374583, -1.03281, -0.41095)
Size: (0.0672552, 0.256432, 0.0639975)

Position: (1.44671, 1.4569, -0.73737)
Size: (0.0976792, 0.0858972, 0.239333)

Position: (0.351458, -1.02781, -1.21662)
Size: (0.0556373, 0.188858, 0.188712)

Position: (1.01483, 0.0876971, 0.272922)
Size: (0.0786754, 0.0900692, 0.21498)

Position: (1.44565, -1.37485, 0.914368)
Size: (0.176499, 0.264193, 0.0645527)

Position: (0.0705773, 1.17187, -0.175818)
Size: (0.164967, 0.0514664, 0.00601523)

Position: (1.36616, 0.590162, 1.31468)
Size: (0.283132, 0.281105, 0.290657)

Position: (1.05703, -0.815066, -1.43771)
Size: (0.0738647, 0.229469, 0.179817)

Position: (-0.558233, -0.905292, 0.939969)
Size: (0.0179419, 0.0984271, 0.0135021)

Position: (1.4403, -0.708961, -1.07219)
Size: (0.0195636, 0.0707568, 0.176064)

Position: (1.41114, -1.37182, -1.07103)
Size: (0.0553827, 0.0730475, 0.203696)

Position: (-0.516047, -0.145656, -1.1414)
Size: (0.160511, 0.0728121, 0.0570626)

Position: (1.20886, 0.0658654, -1.17214)
Size: (0.00387944, 0.104504, 0.296346)

Position: (1.19357, 1.25188, 0.402056)
Size: (0.0449502, 0.111103, 0.127015)

Position: (-0.942675, -1.06432, -1.1695)
Size: (0.0854787, 0.147819, 0.203987)

Position: (-0.978834, -0.777863, 0.894919)
Size: (0.273623, 0.2979, 0.16835)

Position: (-0.0143039, -0.495067, 1.05996)
Size: (0.188331, 0.147019, 0.131059)

Position: (1.07325, -1.38183, 0.301853)
Size: (0.221368, 0.116783, 0.194752)

Position: (1.25979, 1.36961, -1.37621)
Size: (0.297581, 0.0786447, 0.21772)

Position: (0.20243, 1.43544, -0.272515)
Size: (0.115102, 0.0734219, 0.176026)

Position: (1.27078, -0.305607, -0.145284)
Size: (0.133763, 0.251596, 0.275495)

Position: (-0.804798, 1.27905, -0.683791)
Size: (0.212876, 0.274877, 0.0909247)

Position: (-1.22266, 0.983365, 1.27527)
Size: (0.0146649, 0.12767, 0.0696676)

Position: (-0.962836, -0.245828, 1.03316)
Size: (0.00322901, 0.271308, 0.146926)

Position: (0.785573, 1.19258, -1.1159)
Size: (0.193707, 0.136767, 0.0922437)

Position: (-0.926431, 1.33009, -1.287)
Size: (0.108014, 0.156902, 0.138575)

