Position: (-0.662943, 1.45831, -0.266389)
Size: (0.1096, 0.258695, 0.160067)

Position: (1.41874, -0.894182, -0.747877)
Size: (0.156759, 0.0682275, 0.298356)

Position: (0.542708, 1.23871, -0.123652)
Size: (0.20633, 0.114339, 0.238551)

Position: (0.625609, -0.424773, -0.962435)
Size: (0.173983, 0.150535, 0.0383478)

Position: (-0.843694, 0.0948929, -0.759943)
Size: (0.26474, 0.0736221, 0.199364)

Position: (0.541828, 0.207931, 0.235391)
Size: (0.263285, 0.0353055, 0.0136556)

Position: (1.25762, -0.488656, 0.839482)
Size: (0.296983, 0.278087, 0.158743)

Position: (1.22912, -1.0934, 0.141871)
Size: (0.158178, 0.280147, 0.0321446)

Position: (-1.09257, -1.14144, 0.698798)
Size: (0.0220527, 0.22966, 0.159668)

Position: (0.17688, -0.30648, 0.0478993)
Size: (0.03036, 0.151097, 0.288947)

Position: (1.26636, -1.30078, -0.378112)
Size: (0.0376083, 0.0816582, 0.2486)

Position: (0.255025, 0.284145, -0.614469)
Size: (0.278294, 0.0721811, 0.297898)

Position: (0.293881, -0.848151, -1.20376)
Size: (0.226948, 0.0611047, 0.16202)

Position: (-0.425269, -1.05284, -0.348576)
Size: (0.0190378, 0.203173, 0.177707)

Position: (-0.882107, -0.979038, 1.30005)
Size: (0.00952034, 0.267716, 0.241079)

Position: (0.0149603, 0.902949, -1.19988)
Size: (0.127349, 0.253909, 0.147632)

Position: (-0.780792, 1.09651, -0.316989)
Size: (0.246524, 0.104746, 0.154106)

Position: (-0.016997, 0.471417, 0.819485)
Size: (0.032283, 0.089018, 0.259845)

Position: (0.94902, 0.000630273, -0.0185145)
Size: (0.00199357, 0.032545, 0.0558137)

Position: (-0.539401, -1.18906, 0.439639)
Size: (0.0778913, 0.26932, 0.0362773)

Position: (1.19403, 0.389578, -0.563229)
Size: (0.169211, 0.0639739, 0.197862)

Position: (0.64013, 0.475555, 0.204491)
Size: (0.102854, 0.293144, 0.0814037)

Position: (-0.458867, -0.795162, -0.820282)
Size: (0.282471, 0.137571, 0.0351406)

Position: (0.935172, -0.0185139, -1.32976)
Size: (0.0246588, 0.194609, 0.0380778)

Position: (0.6786, -0.207053, 1.18821)
Size: (0.21671, 0.027186, 0.0375472)

Position: (0.583082, -0.283601, -1.49425)
Size: (0.0763991, 0.0935985, 0.173592)

Position: (-0.168772, -0.841979, -0.386507)
Size: (0.0426115, 0.270021, 0.0583577)

Position: (-0.13602, -0.957046, 1.19921)
Size: (0.227126, 0.132456, 0.109013)

Position: (-0.0731379, -0.932109, 1.25268)
Size: (0.160105, 0.248645, 0.153779)

Position: (0.758801, 1.46943, -0.423952)
Size: (0.112863, 0.262085, 0.189751)

Position: (1.05369, 0.396627, 1.3159)
Size: (0.174629, 0.108208, 0.0420435)

Position: (0.509219, -1.2298, -0.872946)
Size: (0.245425, 0.181423, 0.102267)

