Position: (0.763743, -0.122168, -0.163619)
Size: (0.214707, 0.0803503, 0.0264071)

Position: (-1.26657, 0.693709, -0.98646)
Size: (0.0749546, 0.177786, 0.0814725)

Position: (-0.214123, 0.456291, 0.738952)
Size: (0.0923691, 0.230131, 0.251012)

Position: (-0.548903, -0.366537, 1.4713)
Size: (0.276151, 0.0670264, 0.21186)

Position: (0.209812, -0.562332, -0.631804)
Size: (0.289039, 0.111508, 0.236181)

Position: (-1.10813, 1.27421, 1.42005)
Size: (0.0264101, 0.123489, 0.218212)

Position: (0.438935, -0.968024, 0.125156)
Size: (0.202578, 0.0553013, 0.179414)

Position: (-0.983674, 0.16831, 1.0673)
Size: (0.265363, 0.0299408, 0.0259236)

Position: (-1.01043, 0.416023, -0.782775)
Size: (0.243118, 0.171907, 0.1001)

Position: (0.386852, -0.18022, -1.45764)
Size: (0.103166, 0.060355, 0.295893)

Position: (0.725572, 1.06296, -0.628121)
Size: (0.162795, 0.286312, 0.0371897)

Position: (-0.248986, 0.588125, 0.263487)
Size: (0.265241, 0.120071, 0.0945645)

Position: (0.367312, 0.714376, -0.643426)
Size: (0.00701497, 0.0840614, 0.272585)

Position: (0.173479, -1.45529, -0.8671)
Size: (0.0528071, 0.133121, 0.150852)

Position: (-0.639575, -1.12289, 1.38351)
Size: (0.212569, 0.0800167, 0.0551629)

Position: (1.2979, 0.71289, 0.0877712)
Size: (0.102832, 0.1318, 0.19059)

Position: (-0.179503, 0.101675, 0.603016)
Size: (0.256376, 0.059721, 0.296513)

Position: (-0.182567, 0.975065, 1.09295)
Size: (0.180789, 0.212751, 0.26127)

Position: (1.26171, -1.20172, -0.509768)
Size: (0.200345, 0.191995, 0.274348)

Position: (-0.282967, 0.364131, 1.3662)
Size: (0.189302, 0.151655, 0.0758105)

Position: (0.817441, -0.398628, 1.3857)
Size: (0.0773359, 0.027071, 0.119211)

Position: (0.509361, -0.0413599, 0.929741)
Size: (0.226833, 0.0911674, 0.286351)

Position: (-0.753456, 0.460856, 0.164917)
Size: (0.0417236, 0.038845, 0.0340402)

Position: (-0.66583, -0.666224, 0.917784)
Size: (0.220052, 0.0950077, 0.0553762)

Position: (-0.133956, 1.36109, 0.985069)
Size: (0.171885, 0.163945, 0.14109)

Position: (-1.15789, -0.354758, 0.106992)
Size: (0.0826426, 0.258012, 0.197537)

Position: (-0.84772, -0.769805, -1.39002)
Size: (0.109657, 0.00244498, 0.223049)

Position: (0.145005, -0.0404527, -0.170789)
Size: (0.22534, 0.064044, 0.0301129)

Position: (1.44231, 0.911662, -0.576436)
Size: (0.203273, 0.0543432, 0.034089)

Position: (-1.24011, 1.2358, -1.11715)
Size: (0.251908, 0.210034, 0.163698)

Position: (-0.368831, 1.16247, 0.999976)
Size: (0.0354902, 0.232777, 0.152787)

Position: (0.944416, -0.821526, -1.20587)
Size: (0.25725, 0.286766, 0.281925)

