Position: (0.201398, -0.07945, -0.905871)
Size: (0.275831, 0.0429022, 0.155178)

Position: (-0.411137, -0.745399, -1.19254)
Size: (0.0451726, 0.26036, 0.266537)

Position: (0.698323, -0.526395, 0.689784)
Size: (0.203144, 0.203679, 0.214408)

Position: (0.245246, 0.0232427, 1.3832)
Size: (0.0323764, 0.16642, 0.181909)

Position: (-0.786867, -0.0475871, -0.73342)
Size: (0.00168164, 0.220775, 0.0515595)

Position: (-0.322993, 0.474668, -1.21339)
Size: (0.0689297, 0.272307, 0.141995)

Position: (-0.39671, -1.04595, 1.09066)
Size: (0.0191778, 0.228173, 0.272945)

Position: (1.25226, -1.31963, 0.261085)
Size: (0.0203154, 0.0119867, 0.0142496)

Position: (0.717119, 1.17134, -0.79495)
Size: (0.0630716, 0.213795, 0.290184)

Position: (1.27032, -0.313159, -0.295995)
Size: (0.0357922, 0.118253, 0.00764854)

Position: (1.27329, -1.27884, -1.03688)
Size: (0.0337567, 0.052783, 0.221516)

Position: (0.801144, 0.302374, -1.46282)
Size: (0.212639, 0.114778, 0.106778)

Position: (1.22477, 0.474859, -0.819262)
Size: (0.096301, 0.289904, 0.0664744)

Position: (-1.03244, 0.470755, 0.351244)
Size: (0.117521, 0.267773, 0.177718)

Position: (-0.503962, -0.240643, -0.56996)
Size: (0.219587, 0.149626, 0.0410027)

Position: (-1.28612, -0.824362, -0.8459)
Size: (0.119074, 0.209607, 0.154706)

Position: (1.1013, 0.0913913, 1.12719)
Size: (0.139541, 0.0310843, 0.0974076)

Position: (-0.787913, -0.633231, -0.00320575)
Size: (0.0440047, 0.0104561, 0.235046)

Position: (1.09466, -1.31204, -1.24768)
Size: (0.161522, 0.0430392, 0.139841)

Position: (1.0809, -1.26154, -1.00317)
Size: (0.0866928, 0.0717524, 0.109956)

Position: (1.15879, 0.58577, 1.00186)
Size: (0.269204, 0.0730009, 0.206674)

Position: (-1.23643, 0.70248, -0.128456)
Size: (0.158025, 0.0404843, 0.298879)

Position: (0.922501, -0.0437027, 0.51793)
Size: (0.0976846, 0.00328583, 0.115658)

Position: (-1.00265, 0.140835, -0.237256)
Size: (0.0401668, 0.230719, 0.0363454)

Position: (0.315448, 0.967119, 0.890984)
Size: (0.161062, 0.236426, 0.0792116)

Position: (-0.478281, 0.48104, -1.02171)
Size: (0.207482, 0.133452, 0.267713)

Position: (-0.309009, -0.62858, -0.399662)
Size: (0.00485815, 0.0477989, 0.205375)

Position: (0.533782, 1.03165, 0.652228)
Size: (0.19958, 0.236826, 0.176246)

Position: (-0.376191, -0.783382, 0.838579)
Size: (0.250611, 0.222772, 0.281301)

Position: (-0.372785, 0.0107665, 1.15467)
Size: (0.256471, 0.243771, 0.17646)

Position: (-0.0486132, -1.02736, 0.0773805)
Size: (0.133999, 0.0582985, 0.134025)

Position: (-0.242629, -0.327595, -0.215707)
Size: (0.125714, 0.259027, 0.131485)

