Position: (-0.408812, 0.649882, 1.27927)
Size: (0.221107, 0.210102, 0.121997)

Position: (0.608597, 0.407355, 0.19848)
Size: (0.0187381, 0.0265346, 0.266996)

Position: (1.41916, -0.863941, 1.20112)
Size: (0.184026, 0.0684521, 0.0956398)

Position: (1.29842, 0.131815, -0.136389)
Size: (0.275583, 0.167924, 0.0624537)

Position: (-0.566468, -1.34232, -0.812978)
Size: (0.262938, 0.163904, 0.275231)

Position: (1.35651, -0.206995, 1.25915)
Size: (0.236645, 0.118684, 0.264312)

Position: (0.825046, 1.05492, -0.140915)
Size: (0.203194, 0.250249, 0.236343)

Position: (-1.08163, 0.682386, 0.076876)
Size: (0.130861, 0.0143871, 0.130235)

Position: (-0.345414, -0.548585, 0.203258)
Size: (0.0198868, 0.248783, 0.20944)

Position: (1.27791, -0.368265, -0.061271)
Size: (0.170212, 0.238762, 0.119627)

Position: (0.397445, 0.774909, -0.842564)
Size: (0.141063, 0.0805176, 0.17033)

Position: (0.780595, 1.24579, -1.48052)
Size: (0.269401, 0.281197, 0.138955)

Position: (0.0345338, -0.279581, 0.39241)
Size: (0.0270711, 0.133701, 0.0910025)

Position: (-0.867352, 0.198593, 0.296473)
Size: (0.22887, 0.0304865, 0.0459655)

Position: (-0.0593417, 1.40537, 0.620821)
Size: (0.134174, 0.1029, 0.242621)

Position: (-1.08886, 0.162562, -1.1547)
Size: (0.0212435, 0.295414, 0.111713)

Position: (-1.32434, 1.04935, -0.31374)
Size: (0.127545, 0.134236, 0.0421675)

Position: (-0.960281, 1.33933, 0.440953)
Size: (0.112711, 0.0959722, 0.279735)

Position: (-1.27806, 0.0639002, -1.16404)
Size: (0.277338, 0.168093, 0.0784436)

Position: (-0.900474, 1.07662, -0.175248)
Size: (0.0177209, 0.0417585, 0.18022)

Position: (-0.065551, -0.224302, 0.248662)
Size: (0.232598, 0.0881056, 0.235711)

Position: (0.77283, -0.416877, 1.45656)
Size: (0.280607, 0.14596, 0.197203)

Position: (-0.866486, -0.233842, -1.06032)
Size: (0.147826, 0.0654124, 0.15318)

Position: (-0.627706, 0.810405, 1.01671)
Size: (0.268141, 0.0523312, 0.224123)

Position: (-0.753689, -0.00355363, -0.426593)
Size: (0.226623, 0.104112, 0.270574)

Position: (-0.268859, -1.2101, -1.4584)
Size: (0.112882, 0.223993, 0.0302638)

Position: (-1.28756, -1.06924, -0.783758)
Size: (0.221747, 0.0984764, 0.219476)

Position: (0.295062, -0.328795, -0.844243)
Size: (0.230575, 0.235619, 0.267813)

Position: (-0.131254, -0.0996059, -0.647373)
Size: (0.0390537, 0.190018, 0.130969)

Position: (0.921282, -1.41135, 1.33521)
Size: (0.0765278, 0.239119, 0.080571)

Position: (-1.24763, -0.635747, -0.718478)
Size: (0.168119, 0.0126395, 0.263855)

Position: (1.18194, -0.3582, 0.831284)
Size: (0.0703839, 0.261221, 0.0151039)

