Position: (0.720024, 0.21004, -0.747991)
Size: (0.106274, 0.158089, 0.0807467)

Position: (0.308253, -0.833286, -0.346924)
Size: (0.0987897, 0.00824271, 0.114936)

Position: (-0.273703, 1.24965, -1.03869)
Size: (0.15554, 0.279703, 0.0647986)

Position: (0.841694, -1.22285, 1.00799)
Size: (0.195262, 0.175936, 0.0963088)

Position: (-0.930374, -1.29941, -0.49883)
Size: (0.250179, 0.0189622, 0.249303)

Position: (-0.147907, -0.379719, -0.754301)
Size: (0.0899461, 0.125078, 0.158104)

Position: (-0.0396757, -0.826001, -0.698895)
Size: (0.124335, 0.0956058, 0.271726)

Position: (0.582469, -0.355532, 1.06124)
Size: (0.0579702, 0.197506, 0.224173)

Position: (-1.25461, -1.47291, 0.000139191)
Size: (0.29996, 0.191948, 0.0944174)

Position: (-0.0654838, -0.102645, 0.932257)
Size: (0.0988175, 0.240497, 0.0211436)

Position: (0.938541, -0.702777, -0.874028)
Size: (0.094993, 0.271124, 0.0882819)

Position: (-1.24563, 0.232975, 0.807743)
Size: (0.100611, 0.11913, 0.275407)

Position: (1.37736, -0.968527, 0.311521)
Size: (0.157708, 0.214107, 0.0520515)

Position: (-1.37922, -0.897035, 1.38601)
Size: (0.190957, 0.211896, 0.231933)

Position: (0.506479, -1.26791, -1.46293)
Size: (0.223987, 0.132179, 0.0603738)

Position: (0.710604, 0.0828656, 1.17107)
Size: (0.0529281, 0.0385732, 0.159548)

Position: (0.282855, 1.39354, 0.379998)
Size: (0.238122, 0.198229, 0.177849)

Position: (1.37664, 1.09408, -0.833898)
Size: (0.124498, 0.198044, 0.120668)

Position: (0.010836, 1.19344, 0.884306)
Size: (0.219271, 0.0694261, 0.105602)

Position: (0.0331623, -0.615035, -0.609421)
Size: (0.208014, 0.0490013, 0.188926)

Position: (0.116673, -0.944305, -1.26479)
Size: (0.2647, 0.2309, 0.145742)

Position: (1.13659, -0.873048, -0.768987)
Size: (0.0318383, 0.176599, 0.0570145)

Position: (0.558216, 0.330076, -0.247714)
Size: (0.203154, 0.149648, 0.207014)

Position: (0.135617, -0.248455, -0.49657)
Size: (0.297666, 0.223901, 0.100269)

Position: (-0.481269, 0.97971, -0.623364)
Size: (0.292242, 0.276671, 0.130075)

Position: (0.858893, 0.270713, -0.0514981)
Size: (0.223261, 0.0183116, 0.18494)

Position: (1.02773, -0.417237, -0.863497)
Size: (0.0414792, 0.031915, 0.199226)

Position: (0.373262, 1.07009, 0.443772)
Size: (0.087678, 0.173942, 0.0789465)

Position: (0.648214, 0.831207, 0.729293)
Size: (0.189559, 0.0340015, 0.264932)

Position: (-0.558576, 1.40027, 1.19538)
Size: (0.280764, 0.267657, 0.280776)

Position: (0.147593, -1.40004, -1.27614)
Size: (0.0506822, 0.196236, 0.0638782)

Position: (-0.253972, -0.163932, 0.13428)
Size: (0.0900523, 0.258308, 0.0522309)

