Position: (-0.905534, 0.0169983, 0.714439)
Size: (0.0522071, 0.253959, 0.142376)

Position: (0.875456, 1.42189, -0.119498)
Size: (0.234283, 0.011556, 0.261016)

Position: (-0.9428, 0.751737, -0.321593)
Size: (0.284051, 0.026647, 0.152316)

Position: (1.21595, 1.10867, 1.30872)
Size: (0.0815273, 0.271228, 0.102825)

Position: (-1.48857, 1.10602, 0.050263)
Size: (0.0585228, 0.0063627, 0.0978665)

Position: (0.421294, 0.0593437, 0.322953)
Size: (0.163363, 0.0178639, 0.204659)

Position: (-1.36344, -1.18315, -0.568153)
Size: (0.138491, 0.0402976, 0.0768335)

Position: (-0.856309, 1.28574, -0.90858)
Size: (0.195856, 0.0390209, 0.284546)

Position: (-0.0232808, 1.36712, 0.575959)
Size: (0.111037, 0.147106, 0.191682)

Position: (0.624774, 0.764696, -1.47854)
Size: (0.086166, 0.151959, 0.00548406)

Position: (0.090178, -1.37499, 0.613145)
Size: (0.055548, 0.0863039, 0.262759)

Position: (-1.11062, 0.47602, -1.20767)
Size: (0.277673, 0.0445564, 0.272704)

Position: (1.49803, -1.44596, -0.904277)
Size: (0.262454, 0.10601, 0.0720799)

Position: (0.904365, -0.787934, 0.810326)
Size: (0.12619, 0.137793, 0.105082)

Position: (0.0796814, 1.23039, 0.553912)
Size: (0.101735, 0.249388, 0.0937664)

Position: (-0.127624, 0.468682, 1.40819)
Size: (0.178383, 0.247518, 0.0975918)

Position: (-0.977079, -1.00104, -0.943114)
Size: (0.0494052, 0.183384, 0.129931)

Position: (-0.269665, -0.186198, 1.4114)
Size: (0.24842, 0.158549, 0.211568)

Position: (-1.24677, -0.717979, 1.35623)
Size: (0.0857748, 0.0918921, 0.272632)

Position: (1.09653, 1.28758, 0.0710012)
Size: (0.251757, 0.239425, 0.15948)

Position: (-0.470021, 0.818723, -1.29426)
Size: (0.2548, 0.10352, 0.0460908)

Position: (-1.133, 1.0463, 0.0802257)
Size: (0.0976867, 0.0505691, 0.00814338)

Position: (-1.1039, 0.941274, 0.257261)
Size: (0.180017, 0.0691271, 0.261697)

Position: (-0.922558, -0.405007, -0.689288)
Size: (0.00532935, 0.183753, 0.0753152)

Position: (0.729254, 0.824092, -0.172645)
Size: (0.295666, 0.00738364, 0.0536192)

Position: (0.0316718, -0.655447, -0.17959)
Size: (0.117045, 0.0926403, 0.147447)

Position: (-0.295327, 0.568107, -1.28393)
Size: (0.0842609, 0.142824, 0.272162)

Position: (-0.493929, 0.344089, 0.0119938)
Size: (0.0745199, 0.132612, 0.0170333)

Position: (-0.175884, -1.42547, -1.12294)
Size: (0.26063, 0.0478849, 0.135855)

Position: (0.959334, 0.354386, 0.0960006)
Size: (0.0777895, 0.241822, 0.0677488)

Position: (-1.12403, -1.33096, -0.75378)
Size: (0.288401, 0.0819404, 0.272289)

Position: (-0.104836, 0.0623454, 1.02948)
Size: (0.179573, 0.181991, 0.13233)

