Position: (0.961382, 1.49379, -1.48601)
Size: (0.276839, 0.048147, 0.248249)

Position: (1.21599, 0.114271, -1.18097)
Size: (0.0678799, 0.130627, 0.225995)

Position: (-0.361337, 1.39517, -1.10111)
Size: (0.262815, 0.0108503, 0.0289073)

Position: (-0.0745921, 0.188168, -0.256013)
Size: (0.258828, 0.0342505, 0.0992629)

Position: (-1.27777, -0.0502883, 0.971464)
Size: (0.0374112, 0.288888, 0.00648501)

Position: (0.448592, -0.499137, 1.35697)
Size: (0.168282, 0.10696, 0.159731)

Position: (0.421464, 1.1931, 0.71252)
Size: (0.153276, 0.0120011, 0.0116309)

Position: (-1.18442, -0.989569, -0.653492)
Size: (0.228464, 0.0286315, 0.0679576)

Position: (-0.639245, -0.441655, -0.292378)
Size: (0.249697, 0.0432367, 0.255471)

Position: (-1.12211, -1.35583, 1.0116)
Size: (0.00391355, 0.0231715, 0.272113)

Position: (1.1033, 1.40665, -1.11213)
Size: (0.073214, 0.0825801, 0.0107412)

Position: (-1.07216, -0.608191, 1.37762)
Size: (0.20604, 0.0334134, 0.073098)

Position: (-0.488415, -1.33172, 0.157669)
Size: (0.136011, 0.266318, 0.111824)

Position: (-0.32288, -1.13308, 0.42699)
Size: (0.0928415, 0.235255, 0.260039)

Position: (1.23636, 1.11572, -0.804775)
Size: (0.107842, 0.241399, 0.150276)

Position: (1.2216, 0.0927047, 0.121916)
Size: (0.286113, 0.172581, 0.0489439)

Position: (-1.25069, 0.00781403, -0.690007)
Size: (0.101977, 0.274671, 0.07467)

Position: (-1.00352, -1.39221, 0.664806)
Size: (0.0839388, 0.115502, 0.189139)

Position: (1.32867, -0.532484, 0.953682)
Size: (0.213561, 0.182689, 0.156653)

Position: (-0.816087, -1.47039, -1.18408)
Size: (0.0691514, 0.143074, 0.168186)

Position: (1.07789, -1.28729, 1.06447)
Size: (0.00676236, 0.253729, 0.243509)

Position: (0.713952, -1.197, 0.933454)
Size: (0.283929, 0.18689, 0.120897)

Position: (-1.06227, 0.37598, 1.38282)
Size: (0.254423, 0.0847662, 0.0120067)

Position: (-1.23977, -0.0115503, -0.475074)
Size: (0.18524, 0.0515806, 0.0932275)

Position: (0.218212, 1.33478, -0.249252)
Size: (0.152683, 0.262845, 0.0676182)

Position: (-0.580201, -0.2968, 0.0984987)
Size: (0.286753, 0.225374, 0.214971)

Position: (0.567, -0.838493, -0.240713)
Size: (0.0922379, 0.13682, 0.194254)

Position: (-0.84798, -1.39963, 0.242459)
Size: (0.253794, 0.144265, 0.204079)

Position: (1.14416, 0.742432, -0.836415)
Size: (0.0529032, 0.101475, 0.0343995)

Position: (0.843579, 0.565105, 0.344895)
Size: (0.159206, 0.0597181, 0.215609)

Position: (-1.39137, -0.338191, -1.31696)
Size: (0.273864, 0.0860947, 0.061607)

Position: (-0.359947, -0.795888, -0.262451)
Size: (0.275016, 0.152487, 0.00398309)

