Position: (-0.696643, -1.1516, 1.44882)
Size: (0.0393608, 0.151832, 0.128613)

Position: (-1.18338, 0.944389, -0.20005)
Size: (0.0423861, 0.00364458, 0.114436)

Position: (1.32325, -1.35427, 1.21208)
Size: (0.223313, 0.205427, 0.188781)

Position: (0.260709, -1.47851, 0.285803)
Size: (0.151223, 0.243717, 0.18646)

Position: (1.2915, 1.3129, 1.18324)
Size: (0.0422478, 0.26259, 0.0371321)

Position: (1.14603, 1.4767, -0.75953)
Size: (0.185246, 0.0995469, 0.160026)

Position: (0.098316, 0.978448, -1.16301)
Size: (0.228799, 0.0550924, 0.254608)

Position: (-0.877079, 0.868789, 0.268267)
Size: (0.00700338, 0.272711, 0.145075)

Position: (0.227315, 0.781051, -0.440528)
Size: (0.0767135, 0.0859987, 0.12889)

Position: (-1.41021, 0.16351, -0.808931)
Size: (0.226532, 0.0647241, 0.124225)

Position: (0.836136, -1.1284, 0.565677)
Size: (0.0305472, 0.120312, 0.0635397)

Position: (-0.43561, 0.564743, -0.361419)
Size: (0.030039, 0.246314, 0.239599)

Position: (-0.571196, -0.107234, -0.185774)
Size: (0.0629825, 0.0554577, 0.29533)

Position: (0.0388101, 0.972867, 1.10975)
Size: (0.191395, 0.0775987, 0.242138)

Position: (0.367755, 0.684866, -1.00532)
Size: (0.206735, 0.0767939, 0.0925091)

Position: (0.000634111, 0.814837, -0.723919)
Size: (0.11257, 0.254404, 0.169747)

Position: (0.392209, -0.223595, 0.841486)
Size: (0.117059, 0.242918, 0.165663)

Position: (0.158921, -0.464609, -0.327329)
Size: (0.266642, 0.113298, 0.0499162)

Position: (-0.356961, -1.12827, 0.0541232)
Size: (0.152293, 0.0118392, 0.207791)

Position: (0.804393, -1.49339, -1.46044)
Size: (0.185438, 0.212118, 0.106129)

Position: (-0.728562, -1.03144, 0.52749)
Size: (0.0384076, 0.130357, 0.0635551)

Position: (-1.14109, -1.007, -1.40938)
Size: (0.03502, 0.292673, 0.202531)

Position: (0.149702, 0.449158, -0.455368)
Size: (0.119585, 0.284096, 0.115925)

Position: (1.47128, -0.069111, 0.611451)
Size: (0.202579, 0.27223, 0.166558)

Position: (1.37189, -0.575964, 0.0189844)
Size: (0.258032, 0.0960624, 0.163458)

Position: (-1.11018, 0.424865, -0.0688507)
Size: (0.0359241, 0.039814, 0.122812)

Position: (0.729673, -0.747791, 0.241759)
Size: (0.231655, 0.0148869, 0.23672)

Position: (-1.32121, 0.718124, 1.24709)
Size: (0.11831, 0.0921104, 0.08845)

Position: (0.941079, 1.47978, -0.298984)
Size: (0.107778, 0.176391, 0.197028)

Position: (-1.19333, 0.291897, 0.595878)
Size: (0.195694, 0.188044, 0.213272)

Position: (1.26586, 0.371279, -0.587614)
Size: (0.223694, 0.193353, 0.20866)

Position: (-0.309639, 0.721424, -1.29177)
Size: (0.0922072, 0.0815348, 0.224088)

