Position: (1.48243, -0.273531, -0.760953)
Size: (0.254924, 0.234682, 0.179288)

Position: (1.19072, -1.35297, 0.278067)
Size: (0.270024, 0.284217, 0.104895)

Position: (-0.322398, -1.21272, 0.108817)
Size: (0.212151, 0.10313, 0.124454)

Position: (-1.18528, 0.514709, -0.634168)
Size: (0.0902503, 0.0254162, 0.147919)

Position: (0.198607, 0.606693, 1.02068)
Size: (0.203799, 0.144028, 0.0784214)

Position: (-1.2805, 1.00209, -0.0282577)
Size: (0.201891, 0.288358, 0.169008)

Position: (0.651723, -0.805388, 0.4624)
Size: (0.166808, 0.0591701, 0.203022)

Position: (0.350912, -1.28286, -0.858558)
Size: (0.240681, 0.0753642, 0.237771)

Position: (1.11722, -1.45707, -1.39665)
Size: (0.261415, 0.18093, 0.158683)

Position: (0.67991, 1.00276, 0.0750363)
Size: (0.166829, 0.0690093, 0.285267)

Position: (1.41438, -0.656177, 0.649982)
Size: (0.122866, 0.28411, 0.122745)

Position: (1.3443, -0.678288, -0.407133)
Size: (0.18508, 0.0313351, 0.269215)

Position: (0.293959, 0.392976, -0.0379739)
Size: (0.00311477, 0.11014, 0.266242)

Position: (-0.0947881, -0.753951, 0.424654)
Size: (0.105957, 0.226457, 0.1317)

Position: (0.422043, -1.29662, 0.25149)
Size: (0.212302, 0.000427345, 0.288548)

Position: (0.91314, -0.34537, -0.54009)
Size: (0.0586578, 0.173962, 0.0168888)

Position: (-1.26299, 0.977782, 0.462504)
Size: (0.299584, 0.296783, 0.231996)

Position: (1.10466, -0.768473, 0.576906)
Size: (0.17817, 0.0295716, 0.101724)

Position: (1.03673, 0.269265, -0.366791)
Size: (0.217953, 0.0904866, 0.028794)

Position: (-0.816685, -1.3337, 0.824174)
Size: (0.164713, 0.145536, 0.211514)

Position: (0.608943, 0.47456, 0.149592)
Size: (0.221822, 0.0203135, 0.0066913)

Position: (-0.183157, 1.13772, 1.08703)
Size: (0.281936, 0.11983, 0.0744545)

Position: (0.0252648, 0.473983, -0.207845)
Size: (0.187205, 0.155379, 0.174122)

Position: (-0.620945, -0.479076, -0.13601)
Size: (0.118514, 0.177, 0.279647)

Position: (-0.710335, -0.308685, 1.32324)
Size: (0.215579, 0.0866351, 0.173342)

Position: (-1.03409, 0.0565355, 1.14766)
Size: (0.107469, 0.114854, 0.141267)

Position: (0.723673, -0.0293965, 0.762001)
Size: (0.207158, 0.150625, 0.109997)

Position: (0.810598, 0.860489, -0.912837)
Size: (0.0954907, 0.146664, 0.250665)

Position: (0.29205, -1.04429, -0.00659374)
Size: (0.0865563, 0.158581, 0.219846)

Position: (1.25859, -1.26402, -1.28483)
Size: (0.0739824, 0.156855, 0.21215)

Position: (1.06182, -0.0193667, 0.140371)
Size: (0.266709, 0.0543016, 0.122681)

Position: (1.41537, 1.40535, -1.48339)
Size: (0.18086, 0.159359, 0.284704)

