Position: (-1.02742, -1.34549, 1.0146)
Size: (0.0371792, 0.0626626, 0.16918)

Position: (1.1721, -1.21023, 0.306127)
Size: (0.0760089, 0.182228, 0.0302585)

Position: (-0.0204288, 1.00375, -0.479678)
Size: (0.262755, 0.106969, 0.115292)

Position: (-1.4887, -0.667731, 0.460315)
Size: (0.000987309, 0.289621, 0.0807124)

Position: (0.558476, -0.431703, 0.57337)
Size: (0.15309, 0.130092, 0.00953271)

Position: (-0.784231, 1.18632, -0.959731)
Size: (0.194695, 0.146208, 0.280596)

Position: (-1.3126, -1.34924, 0.843311)
Size: (0.231648, 0.207257, 0.174116)

Position: (-0.581559, -0.236867, 0.899833)
Size: (0.296466, 0.106239, 0.118096)

Position: (1.34433, 1.34038, -0.0182924)
Size: (0.241962, 0.284001, 0.0338284)

Position: (0.712129, 0.330632, 1.32057)
Size: (0.12623, 0.264303, 0.22261)

Position: (0.559539, -1.15122, -1.1505)
Size: (0.0839074, 0.241692, 0.271977)

Position: (0.345324, 0.161849, -0.112689)
Size: (0.0293837, 0.138606, 0.154574)

Position: (0.694999, -0.629399, -1.33985)
Size: (0.277273, 0.146718, 0.116518)

Position: (0.668797, -1.47354, 0.703229)
Size: (0.08575, 0.166013, 0.0859074)

Position: (-0.744253, -0.258256, -0.381899)
Size: (0.0354782, 0.128326, 0.131258)

Position: (0.0489009, -0.184904, -0.495835)
Size: (0.044538, 0.0482369, 0.0638301)

Position: (0.435899, -1.42973, 0.807935)
Size: (0.0873196, 0.154234, 0.0240844)

Position: (0.0954517, 0.909829, 0.902878)
Size: (0.00890913, 0.289598, 0.180485)

Position: (-0.241332, -0.466814, 0.915032)
Size: (0.198957, 0.109521, 0.158502)

Position: (0.832322, -0.690866, 0.832655)
Size: (0.0623286, 0.20801, 0.0466996)

Position: (-0.646532, 0.299335, -1.25294)
Size: (0.189515, 0.0859482, 0.161796)

Position: (1.25734, -0.701637, -1.03051)
Size: (0.0421038, 0.21789, 0.0854875)

Position: (0.612381, 0.431822, -0.067864)
Size: (0.198094, 0.153004, 0.208191)

Position: (1.42287, 0.504914, 0.594212)
Size: (0.185697, 0.0918071, 0.132439)

Position: (0.436984, 0.847374, -0.33735)
Size: (0.186427, 0.00423323, 0.0487562)

Position: (-0.796645, -1.3403, -0.260092)
Size: (0.0339735, 0.145937, 0.0852178)

Position: (-0.570457, 0.861154, 0.212823)
Size: (0.0503092, 0.113898, 0.116183)

Position: (-1.41424, 0.109395, 1.16552)
Size: (0.048665, 0.148196, 0.2628)

Position: (-0.129225, 0.689234, -0.763834)
Size: (0.0291205, 0.281467, 0.284888)

Position: (-0.191321, 0.00689442, -1.23485)
Size: (0.112767, 0.219186, 0.0542697)

Position: (-0.934142, -0.210389, 1.22228)
Size: (0.239281, 0.245741, 0.137529)

Position: (0.278905, -0.141331, -0.684507)
Size: (0.100716, 0.253799, 0.231601)

