Position: (0.441065, -0.737484, -1.10597)
Size: (0.048513, 0.0606609, 0.189656)

Position: (-0.0552376, -0.27155, -0.960997)
Size: (0.25217, 0.00982975, 0.275186)

Position: (-0.154664, -1.28912, -1.42322)
Size: (0.243125, 0.220645, 0.0668633)

Position: (1.24496, 0.781643, 0.986383)
Size: (0.13973, 0.0438887, 0.189667)

Position: (-1.47476, 0.700315, -0.228655)
Size: (0.224692, 0.00199869, 0.221463)

Position: (0.458142, 0.795587, -0.110769)
Size: (0.173078, 0.150205, 0.0777236)

Position: (-0.327399, -0.635515, -0.0433746)
Size: (0.23054, 0.297896, 0.27544)

Position: (1.01654, -0.0106858, -0.35814)
Size: (0.13497, 0.0800022, 0.186316)

Position: (0.320564, 1.40311, 0.555561)
Size: (0.133278, 0.0591538, 0.0332706)

Position: (0.160848, -0.725774, 0.345262)
Size: (0.187926, 0.0804821, 0.266023)

Position: (-0.833417, -0.991098, -0.31299)
Size: (0.147118, 0.262086, 0.177464)

Position: (-0.964834, 0.378028, -0.624821)
Size: (0.299564, 0.248665, 0.145516)

Position: (1.3267, -0.949559, 1.34851)
Size: (0.0613747, 0.0859396, 0.176077)

Position: (0.935509, -1.49389, -0.479026)
Size: (0.201415, 0.295291, 0.166792)

Position: (-0.743291, -0.990706, -0.971739)
Size: (0.223296, 0.0120854, 0.0825658)

Position: (-0.944319, 0.768438, -0.000567665)
Size: (0.104599, 0.227214, 0.0649071)

Position: (-1.40408, -0.923047, -1.08673)
Size: (0.135935, 0.282808, 0.0921176)

Position: (-0.103675, -0.653729, 0.518983)
Size: (0.151787, 0.258062, 0.0757701)

Position: (0.680164, -0.295329, -0.661068)
Size: (0.00148931, 0.0724624, 0.230931)

Position: (-0.478858, -1.12962, -1.25636)
Size: (0.212601, 0.0135443, 0.220966)

Position: (-1.19487, -1.35116, -1.45476)
Size: (0.164567, 0.255972, 0.106319)

Position: (-0.307392, 0.29593, 0.838827)
Size: (0.0590169, 0.0908403, 0.160072)

Position: (1.49911, 0.365849, -1.09771)
Size: (0.224614, 0.0406615, 0.0235707)

Position: (-0.948136, -0.21363, 0.940998)
Size: (0.22111, 0.148919, 0.0879429)

Position: (-0.565703, 0.454346, -1.33782)
Size: (0.167178, 0.236151, 0.230075)

Position: (1.06666, -0.998824, 1.28388)
Size: (0.0489135, 0.0551527, 0.29463)

Position: (0.0545989, 0.191697, 0.28994)
Size: (0.199573, 0.187281, 0.0217467)

Position: (-0.464364, -1.45639, 0.528053)
Size: (0.0604748, 0.202309, 0.0534162)

Position: (-0.0584699, -1.40166, 1.18124)
Size: (0.212436, 0.146835, 0.0345829)

Position: (0.285013, 0.578791, -0.637187)
Size: (0.0457989, 0.156487, 0.276933)

Position: (-0.56015, 0.173573, -0.208585)
Size: (0.295052, 0.0570709, 0.0602143)

Position: (-0.313037, 1.39317, 0.732078)
Size: (0.0445793, 0.113467, 0.143135)

