Position: (-0.845667, -1.09738, 0.137383)
Size: (0.15433, 0.21356, 0.194885)

Position: (1.05655, 1.48501, 0.630748)
Size: (0.258288, 0.0179093, 0.299316)

Position: (-0.27752, -0.159565, 0.324407)
Size: (0.197784, 0.200682, 0.00784072)

Position: (1.30724, -0.24361, 1.15388)
Size: (0.265961, 0.171521, 0.160307)

Position: (-0.5028, -1.31564, -0.58644)
Size: (0.0768224, 0.101747, 0.00501158)

Position: (0.116018, -1.45416, 1.00047)
Size: (0.0915112, 0.0979839, 0.271177)

Position: (-0.224805, -0.352047, 1.0057)
Size: (0.220737, 0.163038, 0.250709)

Position: (-1.23266, 0.824813, 0.360959)
Size: (0.218786, 0.0971705, 0.0309413)

Position: (-0.304092, 0.0181999, -1.24042)
Size: (0.166475, 0.0902475, 0.233859)

Position: (1.39564, 1.21176, -1.11107)
Size: (0.24779, 0.220655, 0.0831909)

Position: (0.0335037, 0.65026, 0.407796)
Size: (0.276885, 0.164105, 0.0547097)

Position: (0.556649, 0.874857, 0.510006)
Size: (0.17324, 0.16046, 0.0853613)

Position: (1.47221, 1.20052, -1.04395)
Size: (0.00988466, 0.021533, 0.0487414)

Position: (-1.21166, 1.25771, -1.39004)
Size: (0.168882, 0.01573, 0.167576)

Position: (0.654731, -0.684009, -1.30403)
Size: (0.261548, 0.284015, 0.275858)

Position: (1.07968, 0.487127, 0.465037)
Size: (0.148152, 0.0309741, 0.223541)

Position: (-0.280887, -0.608265, -0.943022)
Size: (0.183417, 0.238428, 0.105704)

Position: (0.585902, 0.631532, 0.704547)
Size: (0.0703259, 0.0308137, 0.246714)

Position: (-1.27922, -0.777699, -0.805856)
Size: (0.264797, 0.14122, 0.187191)

Position: (-0.105511, 0.922354, -0.0898414)
Size: (0.233755, 0.130347, 0.219922)

Position: (1.21557, -0.864058, -0.158249)
Size: (0.192278, 0.0362595, 0.251652)

Position: (-0.335695, 0.732436, 0.176361)
Size: (0.205382, 0.0170858, 0.00397655)

Position: (-0.684787, -0.0911862, -0.42531)
Size: (0.00532939, 0.146062, 0.214171)

Position: (-1.02721, 1.10881, 0.408342)
Size: (0.240868, 0.195265, 0.125418)

Position: (-1.20013, -0.53559, 1.25657)
Size: (0.246686, 0.221901, 0.207079)

Position: (-0.165019, 0.258341, 0.652373)
Size: (0.223045, 0.10031, 0.237686)

Position: (-0.507029, 0.326605, -0.352617)
Size: (0.0467178, 0.0554382, 0.0968812)

Position: (1.38208, -1.23973, -0.411192)
Size: (0.296286, 0.29337, 0.0783526)

Position: (0.189627, -1.23812, 0.157063)
Size: (0.12236, 0.283819, 0.158351)

Position: (-0.317858, -0.628729, 1.3445)
Size: (0.146953, 0.0711584, 0.121806)

Position: (0.655157, -0.689862, -0.4554)
Size: (0.129576, 0.189343, 0.235606)

Position: (-1.39888, -1.16618, -0.0207903)
Size: (0.153362, 0.211409, 0.204871)

