Position: (0.327622, -1.47612, 0.45163)
Size: (0.0819335, 0.0137458, 0.199843)

Position: (-0.375362, 0.637047, 0.154758)
Size: (0.012942, 0.121049, 0.0481769)

Position: (-1.49234, -0.254853, -0.805435)
Size: (0.198772, 0.227892, 0.276668)

Position: (0.0416423, -0.266405, 0.996474)
Size: (0.260596, 0.174367, 0.111549)

Position: (1.25232, 0.501675, -0.909148)
Size: (0.0464893, 0.217123, 0.181816)

Position: (-1.13817, -1.46789, 1.20999)
Size: (0.0931834, 0.118162, 0.188591)

Position: (-0.90895, 1.09844, -0.382707)
Size: (0.205994, 0.019861, 0.183271)

Position: (-0.837814, 0.464671, -1.27668)
Size: (0.0398503, 0.108529, 0.234369)

Position: (1.38721, 0.00598944, -1.1662)
Size: (0.017257, 0.0371994, 0.0981593)

Position: (1.08094, -0.721299, 1.45694)
Size: (0.213313, 0.146415, 0.269786)

Position: (0.229422, -1.25394, 1.10646)
Size: (0.297405, 0.103213, 0.145598)

Position: (-0.730321, 0.942778, -0.313913)
Size: (0.24252, 0.129244, 0.14329)

Position: (-0.243445, 0.303181, 0.380138)
Size: (0.182179, 0.0438412, 0.216876)

Position: (0.813709, 0.324857, 0.742395)
Size: (0.0545857, 0.222327, 0.171469)

Position: (0.1827, 1.48408, 0.664592)
Size: (0.0849232, 0.139441, 0.239482)

Position: (-1.42151, 0.395672, -0.38891)
Size: (0.299686, 0.173736, 0.000584313)

Position: (-1.19666, -0.0682742, 0.3504)
Size: (0.0848251, 0.108721, 0.0512138)

Position: (-0.300621, -0.588187, -0.510095)
Size: (0.0556388, 0.0672746, 0.0884988)

Position: (0.25439, -1.14699, 1.29132)
Size: (0.170915, 0.105263, 0.180416)

Position: (0.980321, -0.896631, -0.841404)
Size: (0.0197109, 0.0986509, 0.017366)

Position: (-0.369593, -0.120077, 1.05982)
Size: (0.236173, 0.278156, 0.0130991)

Position: (-0.234521, 0.969078, -0.391849)
Size: (0.120681, 0.278187, 0.0296316)

Position: (0.524869, 0.277204, -0.474574)
Size: (0.139187, 0.0189864, 0.00855832)

Position: (0.493337, -0.0976949, -1.38835)
Size: (0.155046, 0.196021, 0.0051398)

Position: (1.35191, -1.2517, 1.27765)
Size: (0.249348, 0.0689047, 0.245583)

Position: (0.954088, 0.465848, -0.410282)
Size: (0.171578, 0.254126, 0.267983)

Position: (-0.418405, -0.233719, 1.25014)
Size: (0.155993, 0.0883931, 0.105175)

Position: (-0.894858, -0.725318, -1.32045)
Size: (0.23467, 0.0228832, 0.21281)

Position: (1.39888, 0.816424, 1.45495)
Size: (0.0510967, 0.15437, 0.245373)

Position: (0.809027, 1.33985, 0.799999)
Size: (0.012668, 0.290012, 0.136426)

Position: (-1.36401, 1.47314, 1.42426)
Size: (0.266357, 0.251137, 0.207617)

Position: (0.578842, 1.22676, 1.01575)
Size: (0.149203, 0.296632, 0.112726)

