Position: (0.962461, -0.229903, 1.2675)
Size: (0.184501, 0.0457549, 0.187615)

Position: (0.908904, 0.771947, -1.064)
Size: (0.163705, 0.284612, 0.00577789)

Position: (0.0192841, 0.0713903, -0.472267)
Size: (0.0832153, 0.153334, 0.171445)

Position: (1.24345, -0.621358, -0.650987)
Size: (0.0316374, 0.00125386, 0.299847)

Position: (0.252024, -1.1798, -1.22719)
Size: (0.093483, 0.27453, 0.0259295)

Position: (-0.381585, 0.357915, 0.563787)
Size: (0.0776808, 0.0879347, 0.207047)

Position: (0.374068, -0.65822, -0.5362)
Size: (0.267095, 0.193271, 0.212103)

Position: (-0.563799, -0.483966, -0.580669)
Size: (0.266508, 0.248953, 0.224031)

Position: (-1.32282, -0.0042718, -0.769842)
Size: (0.102369, 0.137511, 0.0531621)

Position: (-0.703339, 0.831216, -0.355464)
Size: (0.110539, 0.232544, 0.0791824)

Position: (-1.18314, -0.278536, 1.3292)
Size: (0.269991, 0.112575, 0.269683)

Position: (-0.576397, 1.04999, 0.959418)
Size: (0.14445, 0.181072, 0.122429)

Position: (-0.297239, 1.11928, -0.0521228)
Size: (0.2128, 0.179536, 0.0818608)

Position: (0.334695, -1.48361, -0.131105)
Size: (0.178338, 0.297387, 0.0299751)

Position: (0.00982556, 1.32098, 0.346856)
Size: (0.236634, 0.133236, 0.208391)

Position: (0.739205, 0.175041, 0.865388)
Size: (0.278857, 0.297912, 0.150475)

Position: (1.09742, -0.279093, -0.935658)
Size: (0.0279453, 0.147816, 0.00411661)

Position: (-0.223574, -0.135861, -1.44696)
Size: (0.138998, 0.219933, 0.157102)

Position: (0.642306, -1.07165, -0.815125)
Size: (0.0914199, 0.065222, 0.0818955)

Position: (-1.21809, -1.03285, 0.221863)
Size: (0.0930119, 0.201609, 0.125)

Position: (0.149401, -0.461179, -0.738727)
Size: (0.0502252, 0.297035, 0.153844)

Position: (1.28053, 0.0235698, 0.439441)
Size: (0.10726, 0.0650503, 0.168358)

Position: (0.78363, 0.526131, 0.903472)
Size: (0.228436, 0.280655, 0.0867175)

Position: (-0.0836851, 0.0248073, -0.423518)
Size: (0.156448, 0.171144, 0.0547039)

Position: (0.699205, -0.227324, -0.755926)
Size: (0.147977, 0.0189893, 0.0518952)

Position: (-1.21591, 0.0961199, 0.858295)
Size: (0.144998, 0.0441945, 0.197063)

Position: (-0.992311, -0.412879, 0.0318608)
Size: (0.167678, 0.079217, 0.195016)

Position: (-1.37661, 0.161282, -0.519389)
Size: (0.0867206, 0.0669483, 0.207001)

Position: (-1.46377, -1.2995, -0.224033)
Size: (0.211486, 0.069243, 0.236009)

Position: (-1.17577, -0.815525, -0.49386)
Size: (0.0570321, 0.145781, 0.0666662)

Position: (0.529576, 1.15795, -0.0963694)
Size: (0.0246595, 0.0516193, 0.0608443)

Position: (0.999816, -0.997494, -1.12122)
Size: (0.298818, 0.0649121, 0.203338)

