Position: (0.847195, -0.329692, 0.00288599)
Size: (0.0336274, 0.0312675, 0.0356206)

Position: (0.699088, 1.44144, 1.16793)
Size: (0.0389637, 0.166027, 0.293373)

Position: (-1.43765, 1.44854, -1.09501)
Size: (0.252521, 0.0391292, 0.0871269)

Position: (-1.32646, -0.34346, -0.00126215)
Size: (0.0453977, 0.274657, 0.208537)

Position: (0.0305995, 0.311452, -0.5973)
Size: (0.00101658, 0.117987, 0.0362506)

Position: (0.773204, 0.662259, -0.103577)
Size: (0.0986292, 0.231957, 0.166448)

Position: (-1.05284, 0.464098, 1.35454)
Size: (0.00860974, 0.0745276, 0.130074)

Position: (-0.19161, -1.41262, -0.0287477)
Size: (0.115289, 0.1902, 0.163565)

Position: (0.281452, 1.35138, 0.375961)
Size: (0.0341101, 0.215874, 0.299464)

Position: (-0.895351, 0.61558, 0.496523)
Size: (0.293506, 0.0720433, 0.108173)

Position: (1.40273, -0.477335, 1.40097)
Size: (0.128688, 0.149847, 0.195929)

Position: (1.05752, 0.261538, -0.22055)
Size: (0.247083, 0.0196748, 0.0648632)

Position: (-0.4448, -0.475432, -1.15893)
Size: (0.218056, 0.0772856, 0.137018)

Position: (0.792826, -0.584458, -0.342624)
Size: (0.0679237, 0.0624458, 0.128441)

Position: (-0.730344, -0.700128, -0.259484)
Size: (0.143714, 0.193865, 0.0913385)

Position: (1.4875, -0.432525, -0.12766)
Size: (0.0621981, 0.180666, 0.0938071)

Position: (-0.714701, -1.11313, 1.00876)
Size: (0.177025, 0.0660089, 0.171961)

Position: (1.44397, -0.539747, -1.29766)
Size: (0.0157534, 0.27466, 0.096331)

Position: (0.180027, 0.424506, -0.421907)
Size: (0.000200687, 0.168179, 0.196917)

Position: (-0.537045, -1.14594, -0.175121)
Size: (0.298411, 0.0375828, 0.210299)

Position: (0.692264, -1.37676, 0.610908)
Size: (0.2646, 0.223467, 0.0225996)

Position: (0.757384, -0.0880019, 0.0724023)
Size: (0.126767, 0.0508635, 0.0630745)

Position: (1.25158, 1.44087, -1.4235)
Size: (0.0133393, 0.106702, 0.158878)

Position: (1.1668, 0.122459, -0.388721)
Size: (0.0176626, 0.237053, 0.252964)

Position: (-0.67276, 0.7382, 0.723748)
Size: (0.225356, 0.0587888, 0.0215483)

Position: (1.15481, -1.1422, -0.97789)
Size: (0.251443, 0.257696, 0.122476)

Position: (0.411081, 1.32491, 0.316829)
Size: (0.262641, 0.00914957, 0.021661)

Position: (-0.662749, 0.986819, -1.25629)
Size: (0.193406, 0.270279, 0.0886532)

Position: (-0.158431, -0.909891, -1.16847)
Size: (0.155509, 0.0764368, 0.0741537)

Position: (0.502171, -1.35747, 0.568175)
Size: (0.248901, 0.205895, 0.0367895)

Position: (-1.39723, -1.37682, 0.202555)
Size: (0.0632797, 0.0524945, 0.058674)

Position: (0.386125, 1.38961, -0.674036)
Size: (0.221409, 0.188873, 0.109849)

