Position: (-1.11364, 0.883721, -1.46454)
Size: (0.142698, 0.204672, 0.0614675)

Position: (-0.809972, -0.6553, 0.86584)
Size: (0.0393812, 0.106776, 0.161186)

Position: (0.991986, -0.66718, -0.191169)
Size: (0.25155, 0.187469, 0.217764)

Position: (0.891711, 0.93431, 0.269247)
Size: (0.0670676, 0.219908, 0.0262263)

Position: (0.942435, 1.18719, -0.564076)
Size: (0.116773, 0.028316, 0.0598307)

Position: (1.33025, -0.0329815, 0.223661)
Size: (0.262339, 0.00330145, 0.149487)

Position: (-0.141789, 1.4228, 0.5826)
Size: (0.19018, 0.036372, 0.29567)

Position: (0.780083, 0.460073, -0.819587)
Size: (0.284997, 0.227508, 0.129169)

Position: (1.2818, -0.566465, 0.498072)
Size: (0.221403, 0.187685, 0.245266)

Position: (0.183713, 0.110618, -1.10691)
Size: (0.199273, 0.190959, 0.0644816)

Position: (0.728867, -0.299786, 1.30147)
Size: (0.230034, 0.0436363, 0.0943709)

Position: (0.747127, -0.306618, -0.701422)
Size: (0.0572568, 0.165985, 0.204325)

Position: (-0.728429, 0.323944, -0.0670933)
Size: (0.0373581, 0.278227, 0.193137)

Position: (-0.151449, 0.627094, -0.190357)
Size: (0.0948799, 0.105891, 0.292304)

Position: (0.37192, 1.2205, -1.35863)
Size: (0.0819322, 0.126491, 0.025148)

Position: (0.775958, 0.0297564, 1.36757)
Size: (0.0978726, 0.244748, 0.28784)

Position: (-0.675667, 0.158434, -0.828797)
Size: (0.145912, 0.118616, 0.242824)

Position: (0.429435, -1.1342, -1.19508)
Size: (0.159176, 0.22857, 0.213457)

Position: (0.198137, -0.602462, -0.782671)
Size: (0.0564727, 0.175626, 0.207463)

Position: (-0.801948, -0.72405, 0.424569)
Size: (0.193392, 0.0829276, 0.212467)

Position: (0.360611, 1.35735, -1.23651)
Size: (0.0708468, 0.131217, 0.295846)

Position: (-0.108119, -0.0598474, 0.713773)
Size: (0.248809, 0.280823, 0.114065)

Position: (-1.28179, 0.873158, -1.20711)
Size: (0.0143444, 0.279837, 0.156492)

Position: (-0.113448, -0.163473, 0.319333)
Size: (0.291457, 0.250861, 0.10292)

Position: (0.0671435, -1.4542, 1.42274)
Size: (0.150609, 0.176147, 0.203596)

Position: (0.28968, -1.12126, -0.67941)
Size: (0.296479, 0.195792, 0.272492)

Position: (1.49919, 0.519109, -0.695117)
Size: (0.0789974, 0.269104, 0.281659)

Position: (-0.439237, 0.936507, 1.22432)
Size: (0.20443, 0.128094, 0.233126)

Position: (-0.633046, -0.36146, -0.530862)
Size: (0.0830019, 0.0768904, 0.0275227)

Position: (0.496159, 1.3896, -1.44151)
Size: (0.158425, 0.0013933, 0.0979436)

Position: (0.224799, -1.02737, -1.14022)
Size: (0.0194389, 0.12228, 0.0706966)

Position: (1.38747, 0.941321, 1.18859)
Size: (0.213005, 0.0495691, 0.207677)

