Position: (0.332238, -1.44071, 0.589787)
Size: (0.00484454, 0.184073, 0.098484)

Position: (-0.286359, 0.0311315, -0.647124)
Size: (0.231481, 0.180281, 0.220505)

Position: (-0.0417241, 1.09264, -0.312704)
Size: (0.0190146, 0.1258, 0.0924189)

Position: (0.193794, 0.89329, -0.279798)
Size: (0.057871, 0.11639, 0.0877349)

Position: (1.11157, 0.451749, -1.39312)
Size: (0.0751063, 0.172463, 0.0350927)

Position: (-0.446927, 0.649704, -0.703081)
Size: (0.216679, 0.264768, 0.05816)

Position: (0.557597, 0.107762, 0.875543)
Size: (0.235289, 0.256786, 0.108756)

Position: (-0.94401, 0.368722, 0.32009)
Size: (0.226471, 0.0162133, 0.0760282)

Position: (-0.0438556, 0.878125, -0.92742)
Size: (0.254259, 0.281764, 0.0546198)

Position: (-0.695227, -0.219687, -0.0456417)
Size: (0.0723829, 0.0443305, 0.225121)

Position: (0.218993, 0.907854, 0.00758244)
Size: (0.276098, 0.273178, 0.181678)

Position: (-0.211864, 0.282767, 0.550982)
Size: (0.286416, 0.236146, 0.124038)

Position: (-0.842029, -0.0841033, -0.97593)
Size: (0.112262, 0.130671, 0.269207)

Position: (0.754791, -0.974478, -1.13322)
Size: (0.0704997, 0.248692, 0.172827)

Position: (0.43715, 1.35861, 0.732709)
Size: (0.0510139, 0.289683, 0.179204)

Position: (-0.353722, 1.32651, -0.335091)
Size: (0.0459847, 0.0233775, 0.266077)

Position: (-0.242065, -1.31846, -0.344892)
Size: (0.216649, 0.0991831, 0.105664)

Position: (0.636037, -0.710048, 0.0362214)
Size: (0.251811, 0.0301089, 0.228914)

Position: (-0.525302, 1.1616, 1.08198)
Size: (0.153363, 0.0460947, 0.26082)

Position: (-1.41459, -0.292694, 1.23751)
Size: (0.100511, 0.201896, 0.0253335)

Position: (0.393804, 0.352474, 0.792952)
Size: (0.268603, 0.148823, 0.0426125)

Position: (0.526942, -0.431617, 0.604491)
Size: (0.0548874, 0.0214659, 0.125561)

Position: (-1.36634, 0.67775, 0.718239)
Size: (0.204657, 0.154085, 0.200593)

Position: (1.22138, -0.800301, 0.137091)
Size: (0.19248, 0.0396154, 0.187241)

Position: (-1.22947, 1.05696, 0.3508)
Size: (0.147636, 0.0398802, 0.135902)

Position: (0.715957, -1.30637, 0.966942)
Size: (0.0221731, 0.156142, 0.229404)

Position: (1.44129, -0.768357, 0.405415)
Size: (0.0252121, 0.125127, 0.102238)

Position: (-0.835038, -0.740542, 0.152934)
Size: (0.245657, 0.167128, 0.000965892)

Position: (-0.932754, 0.0150898, -1.41969)
Size: (0.210101, 0.146878, 0.138147)

Position: (-0.603476, -0.134778, -0.169193)
Size: (0.161673, 0.29717, 0.209254)

Position: (1.32223, -0.354407, 0.565604)
Size: (0.0887409, 0.223549, 0.170019)

Position: (-1.23319, -1.45048, -0.0235352)
Size: (0.100079, 0.214814, 0.240054)

