Position: (-0.663165, 0.543411, -1.27777)
Size: (0.0138801, 0.211032, 0.11097)

Position: (0.217542, -0.930716, -0.429759)
Size: (0.242673, 0.147696, 0.103717)

Position: (-0.65488, -0.0510108, -1.07309)
Size: (0.287304, 0.0408349, 0.0748987)

Position: (0.887606, 0.385735, 0.845965)
Size: (0.0303692, 0.141646, 0.0960987)

Position: (-1.41583, -0.458533, -1.21622)
Size: (0.234801, 0.177494, 0.190263)

Position: (0.474479, -1.09621, -0.933128)
Size: (0.11267, 0.0562166, 0.235051)

Position: (-0.365657, -0.787092, -0.431726)
Size: (0.262942, 0.027018, 0.226487)

Position: (-1.17215, 1.2202, 0.439367)
Size: (0.0756257, 0.272007, 0.0154572)

Position: (0.0725092, -1.05412, 0.0223511)
Size: (0.139711, 0.0547719, 0.143111)

Position: (-0.106392, 0.506675, -0.85267)
Size: (0.233083, 0.298647, 0.168362)

Position: (1.23229, 0.41503, -0.782139)
Size: (0.18236, 0.175026, 0.170817)

Position: (1.44805, -0.160122, 0.862242)
Size: (0.24128, 0.0415189, 0.0539299)

Position: (0.841144, -0.377206, -0.649736)
Size: (0.046595, 0.0413023, 0.0104844)

Position: (-0.374094, -1.11259, -1.38961)
Size: (0.184547, 0.0390234, 0.0925043)

Position: (-0.321199, 0.351871, 0.718744)
Size: (0.293447, 0.057843, 0.253312)

Position: (0.378188, -0.526206, 1.38289)
Size: (0.259221, 0.255579, 0.261461)

Position: (-0.121515, -0.236357, -0.127869)
Size: (0.180033, 0.135857, 0.245982)

Position: (0.477033, 0.962569, -0.788139)
Size: (0.0329667, 0.230222, 0.277859)

Position: (1.36612, -1.36573, -1.01795)
Size: (0.131778, 0.175113, 0.298484)

Position: (-0.294557, 0.570866, 1.09912)
Size: (0.0328545, 0.0613821, 0.295131)

Position: (-1.30745, -0.0771819, 1.26689)
Size: (0.271773, 0.0586213, 0.230402)

Position: (0.340615, -1.22325, 0.818234)
Size: (0.21529, 0.133452, 0.134241)

Position: (0.395733, 1.27076, -1.24091)
Size: (0.057075, 0.143191, 0.257286)

Position: (-0.839626, -1.28935, 0.397688)
Size: (0.29214, 0.0143096, 0.285936)

Position: (0.487485, 0.253659, 0.23749)
Size: (0.27829, 0.102295, 0.242566)

Position: (0.42608, -0.270443, -0.110169)
Size: (0.117905, 0.182815, 0.138742)

Position: (-0.10326, 0.970683, 0.77674)
Size: (0.060908, 0.0712499, 0.14855)

Position: (0.35741, 0.495151, -0.942105)
Size: (0.0413152, 0.0164259, 0.0797335)

Position: (0.661001, -0.314371, 0.414654)
Size: (0.233844, 0.0225869, 0.289005)

Position: (-0.797053, -1.19076, -1.35092)
Size: (0.109057, 0.0334098, 0.14137)

Position: (-0.337546, -0.16235, 0.205026)
Size: (0.236198, 0.137384, 0.0127654)

Position: (-0.38, 1.10099, -1.28901)
Size: (0.118666, 0.17325, 0.265549)

