Position: (0.913703, -1.20818, -1.00095)
Size: (0.275691, 0.0163669, 0.181422)

Position: (-0.263234, -0.990513, -1.07517)
Size: (0.190075, 0.271063, 0.144404)

Position: (-0.811116, -0.347008, -0.045185)
Size: (0.270693, 0.228144, 0.0949864)

Position: (0.137832, 1.17522, -0.395627)
Size: (0.232078, 0.0666203, 0.111998)

Position: (1.00165, -0.180011, 0.963779)
Size: (0.00973626, 0.270143, 0.0118124)

Position: (0.106573, 0.977031, -1.43276)
Size: (0.229232, 0.286066, 0.103521)

Position: (1.39329, 0.832298, 0.915251)
Size: (0.213139, 0.278916, 0.124254)

Position: (0.281655, -0.31142, -1.43732)
Size: (0.121258, 0.0623823, 0.249447)

Position: (1.19008, 1.34516, -0.610236)
Size: (0.0596087, 0.279431, 0.0643622)

Position: (0.682113, -0.735666, 1.09368)
Size: (0.266229, 0.286801, 0.183472)

Position: (-0.683664, -0.75409, 0.855228)
Size: (0.261004, 0.193186, 0.17296)

Position: (-1.2427, -1.01619, 0.0524385)
Size: (0.183946, 0.113606, 0.12052)

Position: (-0.808443, 1.02332, -0.502818)
Size: (0.202873, 0.175017, 0.146183)

Position: (-0.181955, 0.33375, -0.198261)
Size: (0.268447, 0.0903362, 0.183189)

Position: (-0.762609, -0.450479, -0.192172)
Size: (0.109363, 0.0847551, 0.143741)

Position: (-0.745353, 1.3785, -1.32983)
Size: (0.041087, 0.199731, 0.0932253)

Position: (0.0711154, 1.13215, -0.715305)
Size: (0.166863, 0.0525197, 0.295664)

Position: (1.45197, 0.260723, 0.365205)
Size: (0.1195, 0.0129857, 0.0115814)

Position: (-0.505618, -1.33122, 0.786637)
Size: (0.221328, 0.219739, 0.130366)

Position: (0.656458, -1.06776, 1.28791)
Size: (0.0927396, 0.0231341, 0.00957693)

Position: (-1.07846, 1.35005, -1.11361)
Size: (0.0178295, 0.280352, 0.225629)

Position: (1.01681, -1.3237, -0.780081)
Size: (0.170341, 0.00783995, 0.217751)

Position: (0.842151, -0.317687, -0.966543)
Size: (0.175571, 0.000252056, 0.0501496)

Position: (-1.45311, -0.267257, 0.238573)
Size: (0.0859694, 0.0126025, 0.28055)

Position: (0.170555, 0.14258, 0.897076)
Size: (0.248297, 0.195562, 0.255949)

Position: (1.45551, 0.226916, -0.848226)
Size: (0.289697, 0.016767, 0.292852)

Position: (-0.292241, 1.07873, -1.00913)
Size: (0.248061, 0.207062, 0.095571)

Position: (1.06607, 0.594845, -0.559059)
Size: (0.181881, 0.106158, 0.0182121)

Position: (0.366605, 0.924705, 0.888486)
Size: (0.28852, 0.162931, 0.243965)

Position: (0.818137, -0.369411, -0.340115)
Size: (0.0289604, 0.242521, 0.0902162)

Position: (-1.44491, -1.07502, -0.451091)
Size: (0.22852, 0.0815333, 0.20381)

Position: (1.3027, -0.0327936, -0.47766)
Size: (0.237775, 0.250273, 0.279696)

