Position: (0.547877, 0.514037, 1.30446)
Size: (0.208609, 0.291155, 0.220309)

Position: (-0.659626, -0.835644, 1.38676)
Size: (0.223912, 0.0667408, 0.0695087)

Position: (0.328737, 0.449257, 1.14021)
Size: (0.268626, 0.0618297, 0.275414)

Position: (-0.609991, -1.48047, -0.933273)
Size: (0.0581083, 0.0854218, 0.0485692)

Position: (-0.610256, -1.23838, -0.789134)
Size: (0.148092, 0.162419, 0.297387)

Position: (0.799993, -1.30906, -1.08793)
Size: (0.120876, 0.124078, 0.222315)

Position: (-1.08556, -0.148504, 0.878285)
Size: (0.262714, 0.131309, 0.0166712)

Position: (-0.252235, 0.716885, 1.25619)
Size: (0.0129152, 0.288729, 0.278368)

Position: (1.43849, 1.1951, -0.14242)
Size: (0.129839, 0.289669, 0.00866906)

Position: (-1.11174, -0.0245637, -0.293975)
Size: (0.0844659, 0.000724904, 0.17873)

Position: (1.41237, 1.34418, -0.903112)
Size: (0.207254, 0.0658637, 0.157356)

Position: (0.674366, 0.285442, -0.515004)
Size: (0.136951, 0.0689499, 0.19581)

Position: (-1.13125, 0.981814, 0.586133)
Size: (0.214562, 0.231604, 0.0820979)

Position: (0.124431, 0.81313, 0.216459)
Size: (0.139046, 0.223342, 0.0776677)

Position: (-0.509706, -0.917795, -1.44374)
Size: (0.173357, 0.211327, 0.267357)

Position: (1.13294, -0.658375, 0.542642)
Size: (0.262628, 0.279033, 0.0635762)

Position: (-1.19115, -0.400388, -0.736205)
Size: (0.108848, 0.0696286, 0.000732476)

Position: (1.20547, 0.690692, 0.981189)
Size: (0.103804, 0.123215, 0.187472)

Position: (-0.382935, -1.36235, 1.05921)
Size: (0.208106, 0.0557161, 0.0634192)

Position: (0.666982, -0.670868, -0.921078)
Size: (0.0267031, 0.0475336, 0.00609483)

Position: (1.33273, -1.00183, 0.596458)
Size: (0.285298, 0.0590652, 0.101087)

Position: (-0.286514, 0.637457, 0.583574)
Size: (0.112326, 0.106388, 0.256011)

Position: (-0.549281, -0.0440823, 0.476329)
Size: (0.103081, 0.215502, 0.0368124)

Position: (-0.443731, -1.0648, 1.32618)
Size: (0.174564, 0.208702, 0.236467)

Position: (-0.121318, -1.39208, 0.423899)
Size: (0.269611, 0.0225343, 0.192411)

Position: (-0.526602, 0.180517, -0.30843)
Size: (0.0462108, 0.172707, 0.00959296)

Position: (1.40139, 0.258921, 0.890927)
Size: (0.21417, 0.100928, 0.221508)

Position: (1.45733, 0.836215, 0.0897652)
Size: (0.246816, 0.10877, 0.0487664)

Position: (0.577919, 0.657296, 0.930081)
Size: (0.0699128, 0.0705255, 0.0685516)

Position: (-0.20819, 0.336884, 0.199734)
Size: (0.195905, 0.195626, 0.278058)

Position: (-0.526226, -1.12945, -0.0429689)
Size: (0.286264, 0.187815, 0.187849)

Position: (-1.0651, 0.0395177, 1.45692)
Size: (0.112707, 0.241102, 0.148775)

