Position: (0.55678, 0.321269, 0.136814)
Size: (0.291049, 0.0190387, 0.0919451)

Position: (-0.635478, -0.183793, -0.103149)
Size: (0.00501942, 0.157049, 0.168154)

Position: (0.875397, -0.466056, -1.25956)
Size: (0.222467, 0.0265624, 0.273195)

Position: (1.40736, 1.36235, -0.781929)
Size: (0.156509, 0.0870896, 0.256367)

Position: (-0.0982009, 0.488016, 0.703044)
Size: (0.233504, 0.245908, 0.040328)

Position: (0.700656, -0.731349, -0.901557)
Size: (0.211282, 0.0831771, 0.292263)

Position: (0.795614, -0.244481, 0.410667)
Size: (0.0867857, 0.247168, 0.0255802)

Position: (-1.12224, 0.636705, -1.25362)
Size: (0.20612, 0.29304, 0.02072)

Position: (-0.582161, -0.0512391, 1.1215)
Size: (0.244764, 0.114251, 0.122667)

Position: (1.00713, -0.486625, -0.17339)
Size: (0.28137, 0.191644, 0.297982)

Position: (-0.367651, 0.960264, 0.716122)
Size: (0.140553, 0.0892204, 0.262512)

Position: (0.540054, -1.03783, 1.19432)
Size: (0.224176, 0.231227, 0.0942028)

Position: (-0.916904, 0.691495, -1.48539)
Size: (0.288378, 0.254011, 0.156209)

Position: (-0.479089, 0.942655, 0.71542)
Size: (0.160044, 0.285159, 0.254208)

Position: (-0.00743634, 0.473528, 1.00144)
Size: (0.298386, 0.282537, 0.00304306)

Position: (-1.48069, 1.49712, -1.11569)
Size: (0.0399525, 0.0151567, 0.280233)

Position: (0.543247, -0.671934, -0.595066)
Size: (0.270485, 0.0684736, 0.128723)

Position: (1.16786, -0.347135, 0.662255)
Size: (0.131684, 0.136197, 0.0299193)

Position: (0.491478, -0.151936, -0.753749)
Size: (0.285899, 0.283522, 0.290186)

Position: (-0.824838, 0.0259189, 0.881615)
Size: (0.234923, 0.0647045, 0.00475553)

Position: (1.44511, -0.160287, 0.467789)
Size: (0.0515559, 0.159596, 0.13859)

Position: (-1.18865, -0.779548, -1.20427)
Size: (0.078794, 0.0285707, 0.290076)

Position: (-0.447198, -1.1066, 1.15076)
Size: (0.174884, 0.0340641, 0.00968232)

Position: (1.07427, -0.238668, 1.11434)
Size: (0.0119376, 0.0301272, 0.180146)

Position: (-0.244839, -1.19092, 0.50195)
Size: (0.257186, 0.298335, 0.0358959)

Position: (1.02762, 1.45446, -0.961083)
Size: (0.268368, 0.0484004, 0.0288083)

Position: (1.02815, -1.1316, -1.25175)
Size: (0.0693758, 0.271773, 0.161582)

Position: (0.808262, -0.730054, -1.41399)
Size: (0.220144, 0.136584, 0.0898624)

Position: (0.883609, -1.08608, 0.792626)
Size: (0.0378808, 0.132197, 0.0138383)

Position: (-0.854631, 0.424971, -1.26945)
Size: (0.0339593, 0.0390621, 0.074972)

Position: (-1.00436, -1.22056, -1.25685)
Size: (0.136086, 0.292883, 0.261409)

Position: (1.00565, -0.364601, 0.917763)
Size: (0.192314, 0.0881378, 0.204963)

