Position: (-0.699535, 1.18595, 0.363651)
Size: (0.191939, 0.118338, 0.191775)

Position: (0.871785, 1.31685, -0.634164)
Size: (0.245371, 0.153852, 0.0837024)

Position: (0.155401, -0.140212, 0.000323813)
Size: (0.062073, 0.0819946, 0.14806)

Position: (-0.759288, -0.362619, -1.19071)
Size: (0.227314, 0.172529, 0.208507)

Position: (0.229143, -1.01261, -0.816519)
Size: (0.225002, 0.181132, 0.17675)

Position: (-0.376975, -1.05761, -0.850233)
Size: (0.124968, 0.0807337, 0.293624)

Position: (0.936024, -0.930178, 0.289177)
Size: (0.146899, 0.267856, 0.184942)

Position: (0.584514, -0.586974, 0.446782)
Size: (0.144325, 0.0327568, 0.246218)

Position: (-1.19892, -0.928107, 1.27001)
Size: (0.234175, 0.0273213, 0.0233716)

Position: (-0.513694, 0.943199, -0.261686)
Size: (0.2564, 0.290794, 0.166548)

Position: (-1.43806, 0.189863, 0.175375)
Size: (0.212165, 0.0248435, 0.159402)

Position: (0.870051, 0.0298168, -0.31095)
Size: (0.203389, 0.126808, 0.192789)

Position: (-1.23283, -0.630814, 0.166582)
Size: (0.120402, 0.235807, 0.0999325)

Position: (1.31546, 1.25602, -0.978506)
Size: (0.0640873, 0.0863813, 0.179506)

Position: (-0.217987, 1.02713, 1.38152)
Size: (0.283119, 0.0959917, 0.0821003)

Position: (0.98589, -0.17529, 1.00501)
Size: (0.186063, 0.254398, 0.167286)

Position: (0.657537, -0.57831, 0.684557)
Size: (0.238052, 0.186768, 0.267886)

Position: (-0.583822, -1.3201, -1.17971)
Size: (0.15865, 0.032825, 0.169721)

Position: (-0.126533, -0.998098, 0.582593)
Size: (0.0500698, 0.271389, 0.00845075)

Position: (-0.768677, 1.0896, 0.0790965)
Size: (0.223107, 0.107171, 0.247566)

Position: (-0.133745, 0.0266781, 0.284177)
Size: (0.0756138, 0.0730061, 0.0357781)

Position: (-0.321196, -0.691991, 0.142152)
Size: (0.241259, 0.220071, 0.00681631)

Position: (0.871794, -1.04718, -1.3066)
Size: (0.198225, 0.285076, 0.232076)

Position: (-0.366828, 0.95784, 1.17521)
Size: (0.167322, 0.248959, 0.234709)

Position: (0.578559, 0.295073, 1.32251)
Size: (0.242032, 0.0829785, 0.241055)

Position: (0.676231, 1.32323, 1.39386)
Size: (0.0848221, 0.218352, 0.0941595)

Position: (1.42641, 1.31579, 0.0489313)
Size: (0.0908199, 0.17326, 0.0466629)

Position: (1.23883, 0.940538, 1.02513)
Size: (0.0778313, 0.194095, 0.267849)

Position: (0.788457, 0.312695, 0.827129)
Size: (0.151975, 0.0431951, 0.134412)

Position: (-0.0602554, 0.495441, 0.768615)
Size: (0.132696, 0.195302, 0.163571)

Position: (0.0274031, 0.0908326, -1.14292)
Size: (0.255636, 0.125502, 0.213589)

Position: (-0.411419, 0.0196741, -0.901449)
Size: (0.247087, 0.0139302, 0.297545)

