Position: (0.703264, -0.03767, -1.06119)
Size: (0.192819, 0.0470041, 0.1852)

Position: (-0.634208, -1.05051, 1.13911)
Size: (0.236056, 0.0685962, 0.1366)

Position: (-0.512904, 0.0795034, 0.528197)
Size: (0.296926, 0.12129, 0.0548349)

Position: (1.16278, -0.253458, 0.180453)
Size: (0.139119, 0.0835988, 0.121255)

Position: (1.47521, -0.50822, -0.527402)
Size: (0.142313, 0.243651, 0.0893212)

Position: (0.0924589, -0.14309, 1.05801)
Size: (0.0201329, 0.0353035, 0.185293)

Position: (-0.0864023, -1.41272, 0.610355)
Size: (0.180987, 0.0878121, 0.248524)

Position: (-1.15911, -1.42045, 0.394204)
Size: (0.0183839, 0.223341, 0.253726)

Position: (1.28992, -0.145952, -0.197272)
Size: (0.173823, 0.0998339, 0.031058)

Position: (0.230164, 0.337986, -0.602033)
Size: (0.117378, 0.0504495, 0.0813308)

Position: (-0.163034, -1.18242, -0.138798)
Size: (0.221874, 0.205929, 0.129005)

Position: (-0.740864, -0.732004, -0.876364)
Size: (0.0247045, 0.0522542, 0.199419)

Position: (-0.256727, -1.46944, -1.15442)
Size: (0.0548329, 0.057336, 0.230866)

Position: (0.203149, -1.05436, 0.361809)
Size: (0.292776, 0.169342, 0.127392)

Position: (0.956642, -0.517704, 0.0850306)
Size: (0.230741, 0.0602737, 0.215112)

Position: (-0.333468, -1.24112, -0.345228)
Size: (0.0956803, 0.1883, 0.0723129)

Position: (-1.25173, 0.182318, -0.455508)
Size: (0.260216, 0.0306702, 0.0733784)

Position: (0.173914, -0.597225, -0.0190545)
Size: (0.141112, 0.247246, 0.192951)

Position: (0.671665, -0.505503, 0.781875)
Size: (0.264623, 0.021678, 0.131503)

Position: (-0.490064, 0.357135, 0.612909)
Size: (0.0662281, 0.179422, 0.291313)

Position: (-0.679023, -0.842134, -0.0373502)
Size: (0.109944, 0.224124, 0.0822429)

Position: (-1.37483, -0.0801469, -0.0595906)
Size: (0.108968, 0.247827, 0.17887)

Position: (-0.738471, 0.41466, -0.841998)
Size: (0.218803, 0.166388, 0.225075)

Position: (0.827525, -0.014778, -0.908116)
Size: (0.224238, 0.0864635, 0.174548)

Position: (-1.3847, 0.844067, -0.189035)
Size: (0.277409, 0.2006, 0.277505)

Position: (-0.119901, -1.07566, -0.938743)
Size: (0.0535119, 0.20816, 0.0126879)

Position: (0.922439, -1.45737, -0.996391)
Size: (0.0322378, 0.199775, 0.0559982)

Position: (0.651814, -0.195913, -0.0369905)
Size: (0.209894, 0.291505, 0.105039)

Position: (0.993395, -1.15982, -0.473415)
Size: (0.101418, 0.10437, 0.217302)

Position: (-1.01556, 1.09542, 1.22853)
Size: (0.291921, 0.149803, 0.0948789)

Position: (1.03752, -0.833882, -0.954498)
Size: (0.014207, 0.19737, 0.228731)

Position: (-0.699692, -0.470032, 0.00359914)
Size: (0.287404, 0.177346, 0.187717)

