Position: (-0.82787, -0.369663, 1.09688)
Size: (0.117142, 0.00719394, 0.201257)

Position: (-0.195333, 0.495285, -0.482703)
Size: (0.109974, 0.293641, 0.0556865)

Position: (-1.17345, -0.358515, 0.743148)
Size: (0.0789596, 0.0476098, 0.166871)

Position: (-0.38912, 0.436562, 0.594921)
Size: (0.0775237, 0.122127, 0.0481882)

Position: (0.144345, -1.24772, 1.29592)
Size: (0.202441, 0.00964444, 0.0245294)

Position: (-0.806961, -1.42166, -0.983729)
Size: (0.257662, 0.219618, 0.295239)

Position: (0.661375, -1.48175, -1.11336)
Size: (0.0858419, 0.0289747, 0.112021)

Position: (-0.25214, 0.68048, -1.10317)
Size: (0.196325, 0.184348, 0.10226)

Position: (-0.431762, -0.134544, 1.3819)
Size: (0.0614104, 0.266156, 0.242116)

Position: (0.74833, 1.42102, -1.09244)
Size: (0.108811, 0.231032, 0.238493)

Position: (-0.320799, -0.644837, 0.354565)
Size: (0.212405, 0.120965, 0.208101)

Position: (1.21208, 1.32158, 0.549103)
Size: (0.209677, 0.0549029, 0.174068)

Position: (0.284792, 1.29895, 0.30242)
Size: (0.272222, 0.204186, 0.223631)

Position: (0.893164, 1.27743, 0.0653714)
Size: (0.255779, 0.220378, 0.240161)

Position: (1.49609, 0.955579, 1.4614)
Size: (0.275467, 0.145218, 0.0844801)

Position: (-1.18191, -0.990464, -0.258954)
Size: (0.185999, 0.0306239, 0.165449)

Position: (-0.379021, -0.714716, 0.670791)
Size: (0.236696, 0.292933, 0.0425732)

Position: (0.308394, -0.12134, -1.35129)
Size: (0.185321, 0.121939, 0.155716)

Position: (0.121094, -1.30887, 0.501292)
Size: (0.246678, 0.207573, 0.0729959)

Position: (0.660315, 1.10162, -0.207771)
Size: (0.047921, 0.0758022, 0.052397)

Position: (-0.0607278, 1.13612, 1.00713)
Size: (0.106002, 0.184663, 0.197952)

Position: (-0.65701, 1.09904, 0.291224)
Size: (0.071949, 0.0959814, 0.271772)

Position: (0.439792, 0.312322, -0.222945)
Size: (0.192541, 0.123927, 0.0806844)

Position: (-1.39494, -1.14238, 0.408549)
Size: (0.0894254, 0.0782024, 0.153959)

Position: (0.216483, 1.02908, 0.847679)
Size: (0.274559, 0.212511, 0.0750023)

Position: (-0.888735, -1.2009, -0.679843)
Size: (0.0983973, 0.0217981, 0.17752)

Position: (0.718005, 0.413511, -0.653622)
Size: (0.0321945, 0.209862, 0.191729)

Position: (0.540887, 0.592146, 1.37815)
Size: (0.1455, 0.153853, 0.0463006)

Position: (-0.272497, 1.13997, -1.25083)
Size: (0.220268, 0.0905949, 0.0399872)

Position: (-1.23079, -1.47806, -1.05155)
Size: (0.165085, 0.00459864, 0.0635083)

Position: (-0.188119, 0.5272, -1.31098)
Size: (0.212983, 0.184138, 0.192103)

Position: (0.626873, -0.828527, -1.47159)
Size: (0.112153, 0.0172035, 0.0243933)

