Position: (-0.122294, -0.600499, -1.31723)
Size: (0.159222, 0.00800707, 0.112479)

Position: (0.610931, -1.16672, 1.00515)
Size: (0.105211, 0.0519894, 0.180785)

Position: (-0.371591, -0.487438, 1.17366)
Size: (0.221332, 0.00734427, 0.0354488)

Position: (-1.23007, -0.321399, -0.396323)
Size: (0.19016, 0.021052, 0.162948)

Position: (1.32827, 0.622008, -0.480552)
Size: (0.151002, 0.214893, 0.246976)

Position: (0.347835, -0.609642, 1.45569)
Size: (0.0437617, 0.112529, 0.259364)

Position: (0.306569, 0.631704, -0.365836)
Size: (0.0405099, 0.135208, 0.156653)

Position: (0.0089488, -1.48875, -0.251959)
Size: (0.0676476, 0.253862, 0.0530156)

Position: (0.125686, -0.272604, 0.173113)
Size: (0.277576, 0.223958, 0.269688)

Position: (1.02058, -1.29574, -1.39117)
Size: (0.0242244, 0.0859706, 0.0592268)

Position: (1.47895, -0.300929, -0.863214)
Size: (0.0321394, 0.210681, 0.247439)

Position: (-1.38526, -1.4942, 1.32212)
Size: (0.168346, 0.132452, 0.127287)

Position: (1.27842, 0.424722, 0.38392)
Size: (0.276344, 0.177761, 0.141749)

Position: (-1.22138, -0.398122, -0.509574)
Size: (0.137006, 0.284148, 0.144346)

Position: (-0.870397, 1.15075, 0.693626)
Size: (0.202609, 0.172454, 0.265794)

Position: (1.38498, 0.994673, 0.709198)
Size: (0.117702, 0.117171, 0.259347)

Position: (0.271952, -0.770656, -0.290103)
Size: (0.198864, 0.114947, 0.151793)

Position: (-1.09293, 0.325775, -0.470703)
Size: (0.0923072, 0.215582, 0.108009)

Position: (1.36183, -0.774554, 1.40603)
Size: (0.224526, 0.0845906, 0.123861)

Position: (-0.447861, 0.848541, -0.534083)
Size: (0.196296, 0.177804, 0.0578111)

Position: (-0.354978, -0.478081, -0.0668265)
Size: (0.277755, 0.0304791, 0.105466)

Position: (0.954284, 0.951616, -1.4274)
Size: (0.060682, 0.18374, 0.042851)

Position: (-0.179845, 1.36747, -0.878437)
Size: (0.0773909, 0.0363035, 0.18029)

Position: (1.31555, -0.53793, -0.00329983)
Size: (0.166877, 0.28636, 0.214224)

Position: (0.30452, -0.465526, 1.47931)
Size: (0.0729441, 0.170821, 0.231061)

Position: (0.400928, 0.0616714, -0.201291)
Size: (0.24739, 0.0933788, 0.0621054)

Position: (1.14007, -1.20951, 0.112005)
Size: (0.286404, 0.00364702, 0.0301561)

Position: (-0.806879, 0.187383, -1.01248)
Size: (0.161607, 0.247051, 0.185219)

Position: (-0.749917, -0.619436, -1.3645)
Size: (0.154319, 0.262724, 0.219915)

Position: (1.42552, -0.0409463, 0.287878)
Size: (0.288039, 0.249976, 0.269475)

Position: (-0.207567, 1.16532, -0.31798)
Size: (0.09623, 0.0938254, 0.273008)

Position: (0.924354, -0.429186, -0.318187)
Size: (0.117894, 0.19207, 0.107709)

