Position: (-0.790052, -0.831634, 1.06476)
Size: (0.241141, 0.289672, 0.104811)

Position: (0.198513, 1.29618, -0.569679)
Size: (0.19732, 0.17038, 0.292833)

Position: (-0.924519, 0.558494, -0.972583)
Size: (0.214066, 0.194654, 0.247704)

Position: (1.40566, -1.22269, -0.294063)
Size: (0.0562314, 0.00662021, 0.200589)

Position: (0.524856, -1.36417, 0.778671)
Size: (0.224754, 0.0840044, 0.190107)

Position: (1.35832, -1.49655, 0.533383)
Size: (0.0807418, 0.0247932, 0.0977684)

Position: (0.411095, 0.935661, 1.09954)
Size: (0.122422, 0.280165, 0.251473)

Position: (0.776441, -0.616245, -0.774361)
Size: (0.0946492, 0.00848659, 0.241969)

Position: (0.262971, 0.97816, -1.30273)
Size: (0.120657, 0.201525, 0.0902485)

Position: (0.392855, -1.26712, -0.66594)
Size: (0.116028, 0.161452, 0.24114)

Position: (0.135945, 0.846689, 1.33039)
Size: (0.208438, 0.265624, 0.00216294)

Position: (0.81847, -0.498208, 0.199791)
Size: (0.0362805, 0.252359, 0.180359)

Position: (-0.72954, -0.0705207, 1.39717)
Size: (0.193451, 0.0882151, 0.17425)

Position: (-1.37992, -0.491597, 0.637843)
Size: (0.0639166, 0.147534, 0.247528)

Position: (-0.660243, 0.511632, 0.364828)
Size: (0.237171, 0.136226, 0.0844428)

Position: (0.691878, 0.341285, -0.689541)
Size: (0.181482, 0.0247984, 0.165111)

Position: (-0.967748, 0.198313, -0.749496)
Size: (0.127537, 0.0877647, 0.00516642)

Position: (0.628631, -1.14599, -0.91718)
Size: (0.0996873, 0.237807, 0.165715)

Position: (1.49592, 1.26474, 0.857949)
Size: (0.157033, 0.22199, 0.180034)

Position: (-0.721186, -1.38457, -0.795049)
Size: (0.0414075, 0.202565, 0.12255)

Position: (-0.738043, 0.635769, -0.286801)
Size: (0.122263, 0.108386, 0.0554627)

Position: (0.340745, -1.37071, -0.421015)
Size: (0.029428, 0.0950797, 0.198426)

Position: (-0.715685, -0.671556, -0.708494)
Size: (0.0624563, 0.0225771, 0.227209)

Position: (-0.995121, 0.148426, -0.720268)
Size: (0.0738033, 0.117372, 0.208345)

Position: (0.561004, -1.10917, -1.13627)
Size: (0.125718, 0.220622, 0.189289)

Position: (-0.695768, 1.19238, 1.34412)
Size: (0.212109, 0.25507, 0.0698784)

Position: (0.0873837, -1.00883, -0.200302)
Size: (0.142745, 0.167913, 0.0115662)

Position: (-1.06365, -1.4368, -1.02601)
Size: (0.17701, 0.103093, 0.230601)

Position: (-0.425275, 1.42885, -1.28386)
Size: (0.18392, 0.258192, 0.0712701)

Position: (-0.150753, -0.638214, 1.20277)
Size: (0.0752627, 0.236795, 0.256496)

Position: (1.43532, 0.923613, -1.31632)
Size: (0.202719, 0.291758, 0.231342)

Position: (0.271063, -0.624636, -1.04582)
Size: (0.041708, 0.196468, 0.085185)

