Position: (-0.566453, 1.21219, -0.155428)
Size: (0.130849, 0.0408734, 0.173971)

Position: (0.466647, -0.688743, -0.290041)
Size: (0.0608447, 0.219645, 0.150753)

Position: (0.943566, -1.203, 0.618231)
Size: (0.107399, 0.116548, 0.00903738)

Position: (0.129405, 1.43342, -0.322913)
Size: (0.214847, 0.272367, 0.278932)

Position: (-0.483303, 1.24992, 0.456275)
Size: (0.121547, 0.213473, 0.286658)

Position: (0.815749, 1.22172, 0.513036)
Size: (0.200312, 0.137907, 0.274073)

Position: (0.845938, 1.31694, -0.0345607)
Size: (0.00318328, 0.113348, 0.176412)

Position: (-0.0666948, 0.121399, 0.64014)
Size: (0.191449, 0.151966, 0.197361)

Position: (0.960412, -1.36539, -1.036)
Size: (0.201863, 0.141357, 0.0744498)

Position: (0.218727, 1.17985, -1.11314)
Size: (0.264777, 0.188414, 0.104645)

Position: (-1.0656, 0.691533, -1.08435)
Size: (0.0569101, 0.073108, 0.0814751)

Position: (1.29036, -0.631655, -0.934363)
Size: (0.0786656, 0.238792, 0.232054)

Position: (-0.316769, 1.46102, -0.154891)
Size: (0.0403796, 0.296878, 0.256)

Position: (0.813227, 1.01074, -0.927281)
Size: (0.124742, 0.125063, 0.131397)

Position: (0.507267, 0.973735, 1.10938)
Size: (0.000200474, 0.112145, 0.0773583)

Position: (-0.450656, 0.265102, -0.409362)
Size: (0.115577, 0.193196, 0.258399)

Position: (-0.654274, 1.00444, 0.703301)
Size: (0.252962, 0.261056, 0.0886219)

Position: (0.921635, 0.237799, -0.427583)
Size: (0.0209478, 0.185575, 0.00722431)

Position: (-0.766362, -1.33968, -0.977031)
Size: (0.00787135, 0.253848, 0.0148678)

Position: (0.935795, 1.48349, -0.519299)
Size: (0.220814, 0.161654, 0.204868)

Position: (-0.213689, 0.608897, -1.38159)
Size: (0.0438068, 0.171489, 0.118875)

Position: (-0.313212, -0.168158, -1.39795)
Size: (0.27467, 0.284, 0.0931621)

Position: (-1.01502, 1.45444, 0.356241)
Size: (0.0457319, 0.141371, 0.077862)

Position: (-1.29016, -0.012545, -0.370169)
Size: (0.241028, 0.248488, 0.163952)

Position: (-0.195464, 0.200036, -1.09398)
Size: (0.18275, 0.0950258, 0.208297)

Position: (-0.340242, -1.38489, -0.795226)
Size: (0.290646, 0.136902, 0.027895)

Position: (1.36157, -0.473728, 0.167617)
Size: (0.199119, 0.151191, 0.183615)

Position: (-0.523556, -1.06861, 0.334629)
Size: (0.0300747, 0.099404, 0.0616013)

Position: (-0.633049, -0.0634019, -1.02718)
Size: (0.00315026, 0.107905, 0.250201)

Position: (0.596236, 0.688201, -0.671489)
Size: (0.207909, 0.15496, 0.270152)

Position: (0.057952, 0.392052, 0.356854)
Size: (0.0150056, 0.00749876, 0.0315431)

Position: (1.09217, 0.206909, 0.0495947)
Size: (0.0877166, 0.127995, 0.215058)

