Position: (-1.25118, 0.738568, -0.683538)
Size: (0.207249, 0.0312587, 0.133624)

Position: (1.4263, -0.812199, -0.317866)
Size: (0.104888, 0.113909, 0.16765)

Position: (0.750982, 0.983395, 0.4518)
Size: (0.248464, 0.0465418, 0.0760478)

Position: (0.409953, -1.28298, 0.795923)
Size: (0.233315, 0.0972925, 0.170953)

Position: (-1.07197, 1.12053, 1.4261)
Size: (0.0956659, 0.275425, 0.254074)

Position: (0.00988178, 0.378685, -0.553224)
Size: (0.00830243, 0.0591718, 0.226181)

Position: (1.3769, 1.41388, -1.21195)
Size: (0.112892, 0.175972, 0.0750543)

Position: (0.231212, 1.08027, -0.825184)
Size: (0.262814, 0.0391901, 0.0774824)

Position: (0.405533, -1.23341, 0.834477)
Size: (0.108738, 0.0450236, 0.149196)

Position: (0.233175, -1.43176, -0.850084)
Size: (0.0235554, 0.174221, 0.13135)

Position: (0.805838, 0.13302, -1.26102)
Size: (0.0336366, 0.179131, 0.0376154)

Position: (-0.628725, -1.4407, 1.38841)
Size: (0.050983, 0.073648, 0.270298)

Position: (-0.884408, -0.140455, 1.16874)
Size: (0.0560902, 0.298676, 0.0332426)

Position: (-1.33884, 0.316974, -0.366165)
Size: (0.0673273, 0.203321, 0.222836)

Position: (-0.647662, -1.13641, 0.873438)
Size: (0.230351, 0.22175, 0.218387)

Position: (0.988053, -0.58508, 0.549273)
Size: (0.00844625, 0.186423, 0.0132714)

Position: (0.0266149, -0.216691, 1.06396)
Size: (0.0493299, 0.0624622, 0.186678)

Position: (-0.727469, -1.24196, -0.879067)
Size: (0.0553981, 0.258433, 0.0810773)

Position: (0.401265, -0.971608, -0.27062)
Size: (0.0783009, 0.0454119, 0.0463241)

Position: (-0.326353, -0.949447, 0.0918096)
Size: (0.0251451, 0.0211917, 0.0255463)

Position: (1.18136, 1.30585, -0.74574)
Size: (0.000845421, 0.0689844, 0.0560111)

Position: (-1.38497, -1.0953, 0.867964)
Size: (0.137067, 0.118777, 0.266202)

Position: (0.146249, -0.463279, -0.371508)
Size: (0.205604, 0.262991, 0.221741)

Position: (1.48338, -0.436473, 0.316638)
Size: (0.0950919, 0.128622, 0.161288)

Position: (-1.37025, 0.118591, -0.254218)
Size: (0.00267078, 0.28806, 0.0923749)

Position: (1.22074, -1.20919, 1.21093)
Size: (0.184016, 0.23154, 0.216581)

Position: (-0.0116392, -0.703721, -0.0817588)
Size: (0.251202, 0.0665822, 0.120754)

Position: (0.697531, -1.41992, -1.3243)
Size: (0.262247, 0.132307, 0.0737334)

Position: (-0.831861, -1.31985, 0.709709)
Size: (0.155207, 0.27996, 0.286656)

Position: (0.350504, -0.225445, -1.02129)
Size: (0.0684094, 0.0014108, 0.0113813)

Position: (1.35247, -1.38751, 1.30427)
Size: (0.012386, 0.0158783, 0.143398)

Position: (-0.882217, 0.16201, 1.4387)
Size: (0.295333, 0.205423, 0.0991566)

