Position: (1.32082, 0.872025, 1.2298)
Size: (0.210045, 0.109041, 0.235893)

Position: (-0.975266, -1.46721, -0.703851)
Size: (0.295454, 0.26186, 0.115198)

Position: (-1.03016, -0.441758, -0.462109)
Size: (0.0496911, 0.182288, 0.210456)

Position: (-1.17088, -0.184412, 0.70841)
Size: (0.0340981, 0.219519, 0.242798)

Position: (1.10139, 0.145635, -1.09493)
Size: (0.194776, 0.266089, 0.169744)

Position: (1.06993, -1.05942, 0.499219)
Size: (0.239369, 0.261532, 0.235603)

Position: (0.60295, -1.36388, -0.51554)
Size: (0.0772895, 0.23922, 0.0326889)

Position: (0.889575, -0.820267, -0.965351)
Size: (0.00572469, 0.152246, 0.141885)

Position: (0.78576, -0.513585, -0.00443503)
Size: (0.0290592, 0.0435587, 0.234686)

Position: (-1.00281, -0.791575, -0.0952183)
Size: (0.139658, 0.169004, 0.0273846)

Position: (1.17975, -0.812774, -0.316022)
Size: (0.238508, 0.0309218, 0.247356)

Position: (-0.862202, 0.800215, 0.440081)
Size: (0.134742, 0.154981, 0.257247)

Position: (0.564676, -1.23288, -0.678435)
Size: (0.120843, 0.0903266, 0.0500375)

Position: (-1.04453, 0.106168, -0.316301)
Size: (0.255371, 0.203938, 0.10521)

Position: (-0.839106, 1.48813, -0.0736371)
Size: (0.222126, 0.228017, 0.109709)

Position: (-1.30837, -1.20394, 0.831448)
Size: (0.253517, 0.239031, 0.221242)

Position: (-0.372613, -1.47185, -0.215059)
Size: (0.195692, 0.293987, 0.253561)

Position: (0.431993, 1.38948, 0.083902)
Size: (0.269853, 0.263681, 0.122415)

Position: (-0.550092, -1.21075, 1.33439)
Size: (0.245357, 0.107603, 0.0895734)

Position: (1.37214, -0.250573, -1.16511)
Size: (0.282005, 0.15225, 0.0321646)

Position: (0.762728, -0.319019, -1.12235)
Size: (0.182845, 0.0824997, 0.151844)

Position: (0.0673233, -0.566627, 0.733139)
Size: (0.00874395, 0.163069, 0.0598357)

Position: (1.13957, -0.354963, -0.881465)
Size: (0.110984, 0.188053, 0.069813)

Position: (0.0681262, 1.34246, -1.4531)
Size: (0.137263, 0.267011, 0.0888132)

Position: (0.734453, 0.172068, 1.37659)
Size: (0.205765, 0.259415, 0.191858)

Position: (0.0258607, 0.547738, -1.47769)
Size: (0.210458, 0.109967, 0.246256)

Position: (0.670681, -0.822812, -0.351162)
Size: (0.191235, 0.195905, 0.18959)

Position: (-0.29558, 1.06326, -1.2255)
Size: (0.20846, 0.160352, 0.290265)

Position: (-0.324988, -0.32077, 0.25778)
Size: (0.207793, 0.229463, 0.155677)

Position: (1.14742, -0.61027, 0.213987)
Size: (0.200322, 0.182291, 0.197592)

Position: (-0.172703, -0.821599, -0.975538)
Size: (0.218579, 0.215601, 0.207176)

Position: (-1.1824, 1.19596, 0.892156)
Size: (0.0496518, 0.287487, 0.145785)

