Position: (-0.650227, 0.559366, -0.586716)
Size: (0.0771885, 0.123683, 0.00408469)

Position: (0.0786357, -1.46305, 0.290717)
Size: (0.282399, 0.280313, 0.100345)

Position: (0.200472, -0.801854, -0.341892)
Size: (0.226652, 0.0249755, 0.0774343)

Position: (-1.3168, -0.553979, 0.26624)
Size: (0.0865506, 0.271133, 0.167556)

Position: (0.571485, 1.31341, 0.807525)
Size: (0.116446, 0.19098, 0.0323389)

Position: (1.17939, -1.13957, 1.21684)
Size: (0.141415, 0.25913, 0.135174)

Position: (-0.888784, -0.130158, -0.214135)
Size: (0.134256, 0.278529, 0.282912)

Position: (-1.44641, -0.0813599, 0.694254)
Size: (0.238269, 0.252069, 0.0713141)

Position: (-0.332879, -1.39751, -0.604236)
Size: (0.129062, 0.106433, 0.05588)

Position: (-1.09135, 0.977645, -1.44025)
Size: (0.281215, 0.0968823, 0.181897)

Position: (-1.12051, 1.2209, -0.169363)
Size: (0.100897, 0.089713, 0.144924)

Position: (0.0389226, 0.53127, -1.15141)
Size: (0.0111944, 0.0559584, 0.113107)

Position: (-0.0482102, -0.721939, 0.384364)
Size: (0.009397, 0.258726, 0.223263)

Position: (-0.231644, -0.351445, -0.286259)
Size: (0.186302, 0.0147521, 0.120357)

Position: (-1.45226, -0.560112, -0.331154)
Size: (0.0616343, 0.202993, 0.0156889)

Position: (-0.789312, -0.672466, 0.0814908)
Size: (0.0152019, 0.0295591, 0.0604453)

Position: (0.704305, 0.147198, 0.743348)
Size: (0.286383, 0.101618, 0.146713)

Position: (-0.292048, 0.809488, 0.577675)
Size: (0.145529, 0.292742, 0.129143)

Position: (-1.4469, -0.328843, 0.00915636)
Size: (0.00419883, 0.126728, 0.191617)

Position: (0.360506, -0.624738, 1.03015)
Size: (0.202077, 0.157057, 0.0128369)

Position: (0.18101, 1.16621, 1.30774)
Size: (0.274962, 0.293677, 0.18306)

Position: (-0.670327, -0.629706, -0.499955)
Size: (0.0657872, 0.0703943, 0.202252)

Position: (-1.32081, 0.41912, -0.14085)
Size: (0.21131, 0.12149, 0.207876)

Position: (0.268696, -1.09076, -0.351891)
Size: (0.114573, 0.127804, 0.298919)

Position: (-0.590151, 0.896887, 1.1317)
Size: (0.255278, 0.0899503, 0.124372)

Position: (0.59597, -0.0833006, -1.05108)
Size: (0.0378033, 0.111868, 0.295985)

Position: (-0.318104, -0.0514148, 0.0155804)
Size: (0.0882462, 0.0846194, 0.106388)

Position: (-1.48825, 0.184089, -0.0198949)
Size: (0.194598, 0.0701201, 0.165382)

Position: (-0.380762, -1.25458, 0.753179)
Size: (0.124217, 0.00597795, 0.137919)

Position: (0.855541, 0.610748, 1.09136)
Size: (0.180416, 0.0254593, 0.0553843)

Position: (-1.25949, 1.35616, 1.32991)
Size: (0.17066, 0.108758, 0.10929)

Position: (-0.532248, 0.309426, -0.626508)
Size: (0.0734478, 0.219093, 0.152457)

