Position: (-0.821967, 0.773826, -0.535509)
Size: (0.116706, 0.167767, 0.10664)

Position: (0.920786, 0.0435726, 1.04491)
Size: (0.150487, 0.277619, 0.18187)

Position: (1.34821, -0.83272, -0.881014)
Size: (0.221204, 0.0765804, 0.136481)

Position: (1.47367, -0.0696345, -0.0921883)
Size: (0.288937, 0.19715, 0.1928)

Position: (-0.951297, 0.887646, 1.38929)
Size: (0.174138, 0.127338, 0.279489)

Position: (1.32601, 1.0598, 0.126223)
Size: (0.297742, 0.279529, 0.0895574)

Position: (-0.348175, -0.227262, -0.39474)
Size: (0.0263317, 0.172457, 0.0752994)

Position: (-1.28994, 0.686865, 0.453028)
Size: (0.174922, 0.151465, 0.0677993)

Position: (-1.28179, 1.05016, 0.553349)
Size: (0.0170386, 0.0828215, 0.100102)

Position: (-0.809142, 0.470732, -0.888603)
Size: (0.288167, 0.191109, 0.267413)

Position: (0.217626, -0.728415, 0.633731)
Size: (0.206564, 0.125205, 0.0413546)

Position: (0.034931, -0.637697, -1.06377)
Size: (0.0141966, 0.182556, 0.0798882)

Position: (-0.0422527, 0.24909, 0.239424)
Size: (0.163617, 0.187974, 0.194426)

Position: (1.45372, -1.15528, 0.374415)
Size: (0.137718, 0.0323081, 0.146885)

Position: (-1.39372, -1.18628, 1.3252)
Size: (0.139573, 0.221622, 0.0359922)

Position: (1.17485, -0.924055, -0.190009)
Size: (0.131085, 0.284847, 0.0154162)

Position: (0.518991, -0.781621, 0.659986)
Size: (0.150218, 0.00529031, 0.256878)

Position: (-0.389057, -1.2934, 1.39195)
Size: (0.171759, 0.227389, 0.0465841)

Position: (0.414155, 1.49293, -0.473492)
Size: (0.222943, 0.24466, 0.21446)

Position: (-0.0533126, 0.270741, -1.26097)
Size: (0.10008, 0.00410233, 0.146165)

Position: (1.38627, 0.236057, 0.618063)
Size: (0.171915, 0.269191, 0.0266031)

Position: (-1.04226, -0.939356, 0.911086)
Size: (0.162098, 0.048637, 0.272203)

Position: (1.04093, -0.167947, -0.330098)
Size: (0.0754422, 0.174834, 0.0269708)

Position: (-0.19219, -0.0939928, 0.605278)
Size: (0.0840635, 0.049666, 0.0133266)

Position: (-1.39578, 0.629588, -0.0702515)
Size: (0.0361591, 0.21283, 0.0574881)

Position: (1.03041, 0.986856, -0.908148)
Size: (0.149713, 0.00936756, 0.13824)

Position: (-0.503042, 0.675303, 1.13747)
Size: (0.159537, 0.00827221, 0.289734)

Position: (1.15684, 0.213112, 0.822665)
Size: (0.117038, 0.191694, 0.257702)

Position: (0.681267, -1.07796, 0.399929)
Size: (0.196354, 0.275949, 0.278289)

Position: (0.441782, -0.451764, -1.12116)
Size: (0.249612, 0.260445, 0.282843)

Position: (0.32276, -1.037, 0.442128)
Size: (0.142104, 0.0181297, 0.00838584)

Position: (1.46244, 0.241679, 0.140292)
Size: (0.0288505, 0.0151935, 0.079211)

