Position: (0.67793, -0.598024, 1.01497)
Size: (0.0348037, 0.145493, 0.141128)

Position: (1.33284, -0.19045, -0.996055)
Size: (0.246857, 0.260142, 0.0924573)

Position: (0.594851, -1.48177, 0.889186)
Size: (0.265371, 0.177754, 0.19512)

Position: (-0.185427, 0.818822, -1.05479)
Size: (0.128624, 0.171018, 0.0425015)

Position: (-1.1977, -0.771965, 0.584003)
Size: (0.289824, 0.203586, 0.0205782)

Position: (1.31117, 1.08924, -0.0195873)
Size: (0.115243, 0.289602, 0.111803)

Position: (-0.363427, 0.751845, -0.649088)
Size: (0.049817, 0.0876276, 0.262061)

Position: (-0.290846, -1.37471, -1.341)
Size: (0.131641, 0.047296, 0.0391158)

Position: (0.809578, 0.0549825, 0.959432)
Size: (0.276367, 0.105962, 0.23112)

Position: (-0.0650805, 0.527302, -0.540085)
Size: (0.23995, 0.240774, 0.0332857)

Position: (1.18394, 1.44212, 0.398321)
Size: (0.0802738, 0.111214, 0.294843)

Position: (0.809287, -0.877132, 1.11552)
Size: (0.215896, 0.0906205, 0.0655363)

Position: (0.26685, 1.04602, -0.0863051)
Size: (0.0200091, 0.139708, 0.200465)

Position: (0.382487, 0.142538, 1.33691)
Size: (0.261203, 0.250626, 0.0432381)

Position: (1.26641, -0.458976, -0.395225)
Size: (0.147561, 0.212398, 0.242397)

Position: (0.687128, 0.97134, -0.0171183)
Size: (0.0120462, 0.0323481, 0.266426)

Position: (0.964459, -0.62018, 0.257911)
Size: (0.142893, 0.159753, 0.285553)

Position: (0.443948, -1.09713, -0.336965)
Size: (0.210901, 0.256603, 0.186835)

Position: (1.36589, -0.898518, -1.35861)
Size: (0.268499, 0.147548, 0.108469)

Position: (0.0979155, -0.669559, 0.783174)
Size: (0.227783, 0.0422017, 0.0557916)

Position: (-0.303672, -0.802951, -1.29328)
Size: (0.0331408, 0.0360201, 0.256397)

Position: (1.44421, -0.541162, -0.153554)
Size: (0.0603125, 0.125721, 0.143469)

Position: (0.581884, 0.284726, -0.138846)
Size: (0.0632337, 0.133414, 0.184543)

Position: (1.4777, 1.26958, 0.183099)
Size: (0.0827603, 0.249356, 0.194399)

Position: (-0.0369957, 1.1739, 0.0336261)
Size: (0.131579, 0.0206138, 0.194154)

Position: (-1.4194, 0.974179, -1.02423)
Size: (0.221669, 0.190387, 0.117444)

Position: (0.639705, 0.0914617, -1.10957)
Size: (0.270227, 0.0394351, 0.135619)

Position: (0.0971806, -1.26441, 1.34272)
Size: (0.0662767, 0.284928, 0.278346)

Position: (0.0161758, 1.27347, -1.42017)
Size: (0.17557, 0.225371, 0.292538)

Position: (-1.45477, -1.37091, -0.861644)
Size: (0.0461662, 0.158675, 0.155188)

Position: (0.509372, -1.28576, 0.27555)
Size: (0.158457, 0.112986, 0.201142)

Position: (1.45415, -1.36166, 0.00614165)
Size: (0.258341, 0.0382258, 0.0930898)

