Position: (-1.15254, 1.03257, 0.706082)
Size: (0.262984, 0.0690567, 0.0861277)

Position: (-1.12595, 0.916664, 0.622831)
Size: (0.0793074, 0.261153, 0.089996)

Position: (-0.177482, -1.12322, 0.831168)
Size: (0.135206, 0.101438, 0.182414)

Position: (-0.63357, 0.573393, 0.00378559)
Size: (0.202203, 0.197373, 0.276493)

Position: (0.757297, 0.678722, 1.10856)
Size: (0.00567743, 0.241534, 0.0862165)

Position: (0.25342, -0.550333, 0.341388)
Size: (0.0719136, 0.133395, 0.0905966)

Position: (1.34384, -0.0351607, 0.255179)
Size: (0.292289, 0.290481, 0.165589)

Position: (1.21047, 0.443338, 0.273476)
Size: (0.0406074, 0.0152804, 0.249644)

Position: (-0.724482, -1.23403, 0.755597)
Size: (0.0260114, 0.173697, 0.231765)

Position: (1.2963, 0.502677, 0.691132)
Size: (0.0412442, 0.28731, 0.288571)

Position: (1.25132, 0.0876271, 0.769922)
Size: (0.0454477, 0.0124452, 0.0303595)

Position: (0.290427, 1.00139, 0.937206)
Size: (0.0705791, 0.0950839, 0.0521253)

Position: (0.859515, -0.982097, -0.664318)
Size: (0.246509, 0.2819, 0.274593)

Position: (-0.253397, 1.24087, 0.825491)
Size: (0.253604, 0.00741063, 0.0365866)

Position: (-0.611025, 1.15009, -1.20048)
Size: (0.172239, 0.150181, 0.194758)

Position: (-0.667903, 1.13564, 0.338897)
Size: (0.104642, 0.229136, 0.0954414)

Position: (0.29896, -1.24036, -1.25036)
Size: (0.0168746, 0.238751, 0.131392)

Position: (-0.600279, 0.857997, 0.323441)
Size: (0.240999, 0.298591, 0.290357)

Position: (-0.0644037, -0.876416, 0.244118)
Size: (0.0709007, 0.224415, 0.175105)

Position: (0.0927353, -0.17216, -0.420786)
Size: (0.079367, 0.255227, 0.160358)

Position: (-0.561729, -1.35423, -0.762613)
Size: (0.242766, 0.141755, 0.117434)

Position: (0.424409, 1.24886, -0.811441)
Size: (0.193181, 0.0989554, 0.0096642)

Position: (-0.0756649, -0.618844, 0.794599)
Size: (0.112713, 0.159223, 0.205555)

Position: (-0.183123, -1.45143, 1.49152)
Size: (0.222427, 0.00916533, 0.174579)

Position: (-0.935399, -0.980624, -0.996529)
Size: (0.287829, 0.28595, 0.234799)

Position: (1.44568, -1.29562, 0.928234)
Size: (0.293614, 0.0938409, 0.186937)

Position: (-0.095293, 0.236762, 0.851966)
Size: (0.196929, 0.22683, 0.0767551)

Position: (-1.16557, 0.334348, 1.25601)
Size: (0.163864, 0.271586, 0.225643)

Position: (1.02837, -1.31291, 1.47487)
Size: (0.256859, 0.166812, 0.128996)

Position: (0.0906523, -0.852554, 0.725834)
Size: (0.0571395, 0.19406, 0.209129)

Position: (-0.139365, 0.992306, -1.01032)
Size: (0.225998, 0.0382637, 0.132794)

Position: (0.676131, 1.3656, -1.00709)
Size: (0.285705, 0.288319, 0.0820614)

