Position: (0.779636, 1.07178, 1.30639)
Size: (0.0612804, 0.0727743, 0.24569)

Position: (-1.46605, -0.807023, -0.892324)
Size: (0.103415, 0.233721, 0.27547)

Position: (-0.926344, -0.632841, 0.227854)
Size: (0.0147369, 0.111976, 0.0863764)

Position: (1.12933, -0.681757, -1.20385)
Size: (0.0528628, 0.201754, 0.229725)

Position: (-0.449896, 0.489384, 0.725976)
Size: (0.238937, 0.224199, 0.28898)

Position: (-0.927958, 1.28712, 1.07766)
Size: (0.277839, 0.166402, 0.295685)

Position: (1.34368, -1.42525, -1.25515)
Size: (0.0627597, 0.124566, 0.179167)

Position: (0.0689872, 1.36629, -0.312824)
Size: (0.13212, 0.244815, 0.246378)

Position: (1.48909, 1.06808, -0.743991)
Size: (0.28068, 0.20338, 0.0994903)

Position: (0.77538, -1.163, 0.838385)
Size: (0.132158, 0.21271, 0.19067)

Position: (1.41129, 0.0731246, 0.0508669)
Size: (0.172345, 0.0755118, 0.288462)

Position: (0.0379215, 1.19813, 0.757391)
Size: (0.000170225, 0.085662, 0.179737)

Position: (0.365677, 0.022805, 0.374875)
Size: (0.126527, 0.131345, 0.171133)

Position: (0.506253, 0.98004, -0.710468)
Size: (0.0652153, 0.283966, 0.0843786)

Position: (0.580738, 0.809517, 1.31416)
Size: (0.225824, 0.0163018, 0.0450943)

Position: (1.07842, 1.39109, 1.41697)
Size: (0.0531188, 0.279883, 0.0206028)

Position: (-0.764571, -0.143564, 0.0107191)
Size: (0.278146, 0.086186, 0.00784419)

Position: (0.383335, 0.647294, -1.24524)
Size: (0.091303, 0.0548768, 0.0474532)

Position: (-0.179293, -1.00101, 1.26109)
Size: (0.141618, 0.281586, 0.219962)

Position: (-0.357183, -0.567507, -0.592541)
Size: (0.119747, 0.251632, 0.126766)

Position: (-0.877717, -0.518627, 0.532399)
Size: (0.0212726, 0.127901, 0.065057)

Position: (0.247611, 0.482316, 0.0693856)
Size: (0.295691, 0.166108, 0.295294)

Position: (0.52973, 0.846729, -0.215434)
Size: (0.262724, 0.0964697, 0.094415)

Position: (0.673059, -0.0282818, -0.573092)
Size: (0.133354, 0.153164, 0.295885)

Position: (0.143966, -1.2896, -1.00959)
Size: (0.129671, 0.187461, 0.0533116)

Position: (-1.01547, 0.191172, 1.38767)
Size: (0.249772, 0.281728, 0.257061)

Position: (1.36464, -1.06148, -1.26664)
Size: (0.15042, 0.210888, 0.0792842)

Position: (-0.792829, -0.0308304, 0.795402)
Size: (0.0592115, 0.225568, 0.0605109)

Position: (0.0952417, -1.07757, -0.394955)
Size: (0.164305, 0.27496, 0.299201)

Position: (0.670985, -0.989163, -0.116266)
Size: (0.207891, 0.137595, 0.271893)

Position: (0.347004, 1.24165, 0.540731)
Size: (0.235032, 0.157476, 0.0915646)

Position: (0.531988, -1.21375, -0.470653)
Size: (0.248128, 0.110385, 0.0915688)

