Position: (0.0709327, 1.06963, -1.42765)
Size: (0.0959606, 0.0571385, 0.0169048)

Position: (1.37603, -1.33983, -0.569482)
Size: (0.2331, 0.0145982, 0.290024)

Position: (-0.965241, 0.146103, -0.159759)
Size: (0.0488639, 0.143335, 0.148522)

Position: (-0.534458, 0.121869, -0.599795)
Size: (0.244359, 0.0544689, 0.271208)

Position: (0.317491, 1.1439, -1.4114)
Size: (0.139549, 0.261628, 0.0794765)

Position: (0.61768, -0.839778, 1.00869)
Size: (0.102941, 0.186292, 0.153446)

Position: (-1.4673, 0.89316, 0.0336195)
Size: (0.138876, 0.0699947, 0.206308)

Position: (0.577112, 0.898079, -1.32055)
Size: (0.223359, 0.132678, 0.0672238)

Position: (-0.517139, 0.573172, -0.326121)
Size: (0.0304242, 0.0146322, 0.14105)

Position: (-1.36496, 1.31038, -0.0422557)
Size: (0.144895, 0.0779519, 0.017526)

Position: (0.705332, 1.38736, -0.382695)
Size: (0.0931651, 0.273048, 0.247748)

Position: (0.410724, -0.5831, 0.394561)
Size: (0.0962171, 0.0383502, 0.0344291)

Position: (0.0924694, -0.0264289, 0.385575)
Size: (0.255088, 0.019115, 0.260054)

Position: (-1.3954, 0.424303, 1.36351)
Size: (0.213163, 0.274721, 0.263627)

Position: (0.0399613, 0.728568, -1.42374)
Size: (0.210466, 0.197175, 0.16917)

Position: (0.405056, 0.0630266, -0.0783523)
Size: (0.282795, 0.0779822, 0.101396)

Position: (-1.29399, -0.184644, 0.672226)
Size: (0.228515, 0.210337, 0.09171)

Position: (-1.36565, 1.14961, -1.22567)
Size: (0.133591, 0.0667949, 0.132134)

Position: (-1.17862, -1.25443, -0.884469)
Size: (0.0170144, 0.276386, 0.14412)

Position: (0.613148, -0.358634, -0.0120565)
Size: (0.192212, 0.0557629, 0.00371304)

Position: (-0.721309, -0.0626115, -1.10749)
Size: (0.118921, 0.0620246, 0.0218175)

Position: (-0.941384, -0.271878, 0.0516816)
Size: (0.0695848, 0.0249392, 0.221117)

Position: (-1.05778, -0.0377325, -0.078725)
Size: (0.199958, 0.00118904, 0.129873)

Position: (1.01545, 0.921117, 0.0424783)
Size: (0.154938, 0.283881, 0.162999)

Position: (0.579466, 0.854446, 0.0873087)
Size: (0.247575, 0.292253, 0.139173)

Position: (1.16173, 0.476261, -0.0669328)
Size: (0.161109, 0.224189, 0.277679)

Position: (1.22392, -0.854681, 0.480792)
Size: (0.208681, 0.20983, 0.268176)

Position: (0.629306, -0.305127, 0.146204)
Size: (0.0791185, 0.0164079, 0.213804)

Position: (0.903109, 0.951203, -1.35212)
Size: (0.109168, 0.153543, 0.240204)

Position: (1.31946, -1.35211, -0.804741)
Size: (0.0771805, 0.202658, 0.178267)

Position: (0.680506, -0.148137, 0.974136)
Size: (0.200753, 0.112285, 0.134794)

Position: (-0.495576, 1.45775, 0.834186)
Size: (0.00444638, 0.000607122, 0.109206)

