Position: (-1.01231, -0.741594, -1.29125)
Size: (0.0800116, 0.0962935, 0.280353)

Position: (-0.375878, -0.395944, -0.251016)
Size: (0.123818, 0.136868, 0.0238181)

Position: (0.170411, -0.572109, 1.48632)
Size: (0.0703661, 0.189514, 0.141873)

Position: (0.420354, 1.05606, -1.01237)
Size: (0.287142, 0.0714542, 0.0793951)

Position: (1.4893, -1.35271, -1.05129)
Size: (0.0261314, 0.0972707, 0.146321)

Position: (-0.464679, -1.01906, -1.29834)
Size: (0.25385, 0.160051, 0.292503)

Position: (-0.444723, 0.7001, 1.46049)
Size: (0.227804, 0.101405, 0.00557678)

Position: (0.591573, -1.23125, 1.33658)
Size: (0.15417, 0.206079, 0.0725227)

Position: (0.0243587, 0.969619, 0.378413)
Size: (0.237799, 0.133607, 0.139431)

Position: (1.24145, -1.01185, 1.37411)
Size: (0.260237, 0.24354, 0.109177)

Position: (-0.0859193, -0.646036, -0.0450164)
Size: (0.275884, 0.0631378, 0.0530286)

Position: (-0.0125433, 0.0420636, -0.854114)
Size: (0.256633, 0.151517, 0.0210906)

Position: (0.168919, 0.6684, -1.0032)
Size: (0.213863, 0.240377, 0.16491)

Position: (1.17017, 0.745962, 1.2471)
Size: (0.070092, 0.201234, 0.120813)

Position: (-0.774092, 0.203957, 0.223688)
Size: (0.0267593, 0.230606, 0.285731)

Position: (-0.199531, -0.330277, 0.136614)
Size: (0.0522608, 0.144298, 0.28887)

Position: (-1.27631, -0.864558, 0.404955)
Size: (0.0495118, 0.237275, 0.119808)

Position: (0.289766, 0.297176, -1.37439)
Size: (0.158732, 0.130485, 0.0693589)

Position: (0.0377729, 0.276815, 1.29166)
Size: (0.176014, 0.297762, 0.0445566)

Position: (-1.37127, -0.901642, 1.41416)
Size: (0.15774, 0.187113, 0.244246)

Position: (0.521302, -0.524762, 1.29511)
Size: (0.0116338, 0.239025, 0.239712)

Position: (0.526815, 1.09052, 0.349284)
Size: (0.00413258, 0.043583, 0.231352)

Position: (-0.573419, -0.159929, -0.627703)
Size: (0.130418, 0.222239, 0.293736)

Position: (0.389992, 1.19806, 0.216254)
Size: (0.133272, 0.185467, 0.193038)

Position: (-1.41725, 1.30206, -0.10018)
Size: (0.191921, 0.202169, 0.274739)

Position: (-1.47863, 0.358144, 1.35827)
Size: (0.240029, 0.257892, 0.00819972)

Position: (-0.973458, 1.32911, -0.16849)
Size: (0.169377, 0.0594645, 0.182356)

Position: (1.04915, 0.566613, 0.614894)
Size: (0.104539, 0.0579546, 0.192463)

Position: (-1.20311, 0.225201, 0.383541)
Size: (0.244969, 0.175304, 0.0281051)

Position: (1.02902, 1.29485, 0.52379)
Size: (0.076681, 0.0998585, 0.143197)

Position: (1.26167, 0.248086, 0.314665)
Size: (0.207951, 0.201156, 0.0302629)

Position: (1.16103, -0.325967, -1.18786)
Size: (0.270695, 0.144696, 0.226719)

