Position: (-1.39767, -0.950036, -0.785928)
Size: (0.118996, 0.142048, 0.210866)

Position: (0.225842, 1.19581, 0.00833951)
Size: (0.286913, 0.120366, 0.210869)

Position: (-0.704536, -1.42423, 0.339567)
Size: (0.153771, 0.0514193, 0.275258)

Position: (1.24405, -0.946489, -1.17141)
Size: (0.167777, 0.0209936, 0.0183265)

Position: (0.527771, -0.597861, -0.60545)
Size: (0.277749, 0.0627689, 0.0665175)

Position: (1.11305, -0.758842, -0.767453)
Size: (0.132115, 0.213088, 0.131021)

Position: (1.2555, -0.59694, -0.471245)
Size: (0.160138, 0.202735, 0.0348492)

Position: (0.542841, -0.257724, 0.273644)
Size: (0.0248666, 0.231913, 0.223244)

Position: (1.09028, 1.45682, -1.45623)
Size: (0.0683908, 0.171113, 0.135447)

Position: (-0.366267, -0.183227, 0.345937)
Size: (0.19651, 0.0481577, 0.126641)

Position: (-0.227721, -0.91989, 0.383589)
Size: (0.267626, 0.107103, 0.0406383)

Position: (-1.0338, 0.84166, 1.47881)
Size: (0.19877, 0.00703293, 0.244403)

Position: (-1.39474, 1.09012, -0.212875)
Size: (0.0530516, 0.242243, 0.24664)

Position: (0.929485, -0.652678, -1.17517)
Size: (0.222952, 0.0184429, 0.0631525)

Position: (-1.05137, 0.439759, -0.33039)
Size: (0.0281452, 0.278473, 0.00530621)

Position: (-0.865806, 1.05878, -1.41389)
Size: (0.140358, 0.177827, 0.235061)

Position: (-0.803816, 0.358023, 1.39981)
Size: (0.0272173, 0.135319, 0.16068)

Position: (1.03239, -0.49489, 1.1405)
Size: (0.183981, 0.20828, 0.109633)

Position: (-1.37337, 0.37512, -0.79374)
Size: (0.183543, 0.0310004, 0.10201)

Position: (-1.4059, 1.45949, 0.300215)
Size: (0.119718, 0.267556, 0.0443515)

Position: (-0.633634, -0.038525, -0.299772)
Size: (0.032914, 0.254369, 0.1913)

Position: (-1.06461, -0.41823, -0.777517)
Size: (0.214201, 0.208624, 0.0147924)

Position: (0.307844, -0.77078, -1.45575)
Size: (0.0623283, 0.0979899, 0.198927)

Position: (-0.229157, 0.184258, 0.731468)
Size: (0.176331, 0.140736, 0.12878)

Position: (1.28428, 0.972134, -0.579887)
Size: (0.191012, 0.29099, 0.133377)

Position: (0.387504, -1.15442, -1.09847)
Size: (0.27972, 0.0698129, 0.0308407)

Position: (-0.0289584, 1.21495, -1.06906)
Size: (0.100052, 0.158507, 0.0391227)

Position: (-0.87554, 1.23025, -0.844325)
Size: (0.00976804, 0.165118, 0.14535)

Position: (0.712325, -0.491633, -0.482426)
Size: (0.277198, 0.0622379, 0.0405896)

Position: (0.553564, -1.04703, 1.01281)
Size: (0.24299, 0.0160747, 0.198707)

Position: (-0.245823, 0.584142, -0.908636)
Size: (0.0216272, 0.221699, 0.195963)

Position: (-1.25025, 0.547153, 0.727178)
Size: (0.255912, 0.109797, 0.25622)

