Position: (0.755257, 0.817806, -1.23623)
Size: (0.191975, 0.124354, 0.275047)

Position: (0.827839, -1.2244, 0.394432)
Size: (0.0459462, 0.268464, 0.208077)

Position: (0.941163, 1.12134, -0.726794)
Size: (0.0932497, 0.155113, 0.212758)

Position: (-1.18645, -0.590897, -0.445147)
Size: (0.0769537, 0.248104, 0.255351)

Position: (-1.19634, 1.25925, 1.20507)
Size: (0.0794956, 0.28093, 0.276699)

Position: (0.560212, -0.296499, 0.675287)
Size: (0.283202, 0.159943, 0.0837942)

Position: (0.322111, -0.746043, -0.316635)
Size: (0.242678, 0.086166, 0.0868776)

Position: (1.24743, 1.17887, -0.400648)
Size: (0.201765, 0.212259, 0.0764159)

Position: (-0.127387, 1.2758, 1.49562)
Size: (0.0532294, 0.280993, 0.208228)

Position: (-0.271143, 1.22017, -1.28934)
Size: (0.200926, 0.153808, 0.16118)

Position: (0.404221, 0.171686, -0.702031)
Size: (0.104222, 0.0342035, 0.12447)

Position: (0.227196, 0.228082, 1.18527)
Size: (0.114434, 0.271734, 0.249216)

Position: (0.161211, 0.943694, -0.295213)
Size: (0.216129, 0.0963001, 0.0166282)

Position: (-0.189909, 0.402477, -1.36285)
Size: (0.0596179, 0.27109, 0.192618)

Position: (-0.373435, 0.94268, -0.679113)
Size: (0.0579559, 0.269902, 0.234995)

Position: (0.0168541, -0.160933, -0.0898769)
Size: (0.211575, 0.153568, 0.00341625)

Position: (-0.745304, 0.676303, -1.34053)
Size: (0.023214, 0.060095, 0.108714)

Position: (1.41083, -1.23298, 0.638667)
Size: (0.183098, 0.129076, 0.229391)

Position: (-1.43885, -0.8716, 0.645458)
Size: (0.168313, 0.0419632, 0.260114)

Position: (-1.40055, 0.316696, 1.22954)
Size: (0.131796, 0.00883103, 0.0536216)

Position: (-0.217038, 0.402963, 0.213247)
Size: (0.239139, 0.0147687, 0.0993504)

Position: (0.225071, -1.09375, 0.92742)
Size: (0.0222453, 0.241594, 0.174871)

Position: (1.31079, -0.50756, -1.24548)
Size: (0.234404, 0.0416993, 0.0638997)

Position: (-0.464091, -0.50179, 0.559484)
Size: (0.137402, 0.0547908, 0.0353584)

Position: (-0.925303, -0.592148, -1.13066)
Size: (0.298337, 0.113309, 0.0748256)

Position: (-1.36471, -0.0693638, -1.39718)
Size: (0.0140946, 0.0904064, 0.0427854)

Position: (-0.563245, -0.578813, 0.796596)
Size: (0.0603652, 0.0676294, 0.25446)

Position: (-0.101905, -0.781643, -1.10003)
Size: (0.252814, 0.292426, 0.17807)

Position: (-1.05648, 1.27345, -1.24106)
Size: (0.123066, 0.225801, 0.296693)

Position: (-0.275238, 1.2654, -0.0933186)
Size: (0.14908, 0.134038, 0.270396)

Position: (-1.02921, -0.372413, -1.22886)
Size: (0.181823, 0.172003, 0.0719862)

Position: (-1.20224, -1.22695, -0.771076)
Size: (0.189652, 0.161263, 0.035009)

