Position: (-0.793605, 0.599073, 0.141741)
Size: (0.156445, 0.165264, 0.204708)

Position: (-1.0336, 1.16712, 0.96957)
Size: (0.0326067, 0.255599, 0.294306)

Position: (0.122785, -0.54153, -0.65292)
Size: (0.0883414, 0.135178, 0.222083)

Position: (1.10529, -0.179667, 1.16062)
Size: (0.286389, 0.244139, 0.0107781)

Position: (1.35071, -0.985566, 0.0020772)
Size: (0.084352, 0.29843, 0.0578281)

Position: (0.656261, 0.375401, -0.0214887)
Size: (0.282815, 0.0758625, 0.093684)

Position: (-1.46768, 0.330901, -0.822327)
Size: (0.0396442, 0.0127797, 0.0168665)

Position: (1.42882, 0.505534, 1.04915)
Size: (0.0438454, 0.195584, 0.154765)

Position: (-0.0210407, 1.00879, -0.831302)
Size: (0.261461, 0.141684, 0.0341463)

Position: (-1.23166, 0.665935, -0.909731)
Size: (0.155213, 0.227739, 0.116477)

Position: (-0.0165611, 0.63751, 1.10008)
Size: (0.0688073, 0.0266058, 0.259064)

Position: (0.669232, 0.785946, 0.586744)
Size: (0.253501, 0.226769, 0.0627995)

Position: (-0.162512, -0.865442, -0.756358)
Size: (0.28157, 0.0151558, 0.283897)

Position: (1.34553, 0.720649, -1.04411)
Size: (0.169541, 0.0430229, 0.147048)

Position: (-1.15755, -0.402881, 1.04346)
Size: (0.148487, 0.00121688, 0.133709)

Position: (-0.261759, -0.160787, -0.130956)
Size: (0.290792, 0.216139, 0.194394)

Position: (0.464279, 0.446809, 0.63359)
Size: (0.0821825, 0.157929, 0.11759)

Position: (1.49255, 0.713446, 0.832724)
Size: (0.212423, 0.186582, 0.0496821)

Position: (-0.662515, -1.23154, 0.554716)
Size: (0.0149373, 0.188627, 0.213251)

Position: (-0.682538, 0.25915, -0.460382)
Size: (0.0413092, 0.14756, 0.0198561)

Position: (-0.682594, 1.20484, -0.392651)
Size: (0.264593, 0.0028752, 0.146436)

Position: (0.957678, 1.20857, 1.4648)
Size: (0.219589, 0.130141, 0.246784)

Position: (-0.979442, 1.48811, -1.42809)
Size: (0.22882, 0.236946, 0.281898)

Position: (0.147751, 0.786936, 0.410968)
Size: (0.234135, 0.273616, 0.0889771)

Position: (-0.41891, -0.505708, 1.17295)
Size: (0.232674, 0.0612374, 0.032193)

Position: (-0.415702, 0.576996, 1.10158)
Size: (0.294396, 0.283937, 0.100591)

Position: (-1.49179, 0.290896, -0.737108)
Size: (0.286764, 0.0952985, 0.250979)

Position: (1.39993, -0.21303, -0.0441276)
Size: (0.102036, 0.269614, 0.204903)

Position: (0.358182, 0.771527, -1.41339)
Size: (0.0399847, 0.286715, 0.0371675)

Position: (-0.0599245, 0.414599, -0.187306)
Size: (0.0564352, 0.111731, 0.145275)

Position: (0.723835, -0.44662, -0.101865)
Size: (0.100083, 0.110008, 0.19607)

Position: (-0.200759, 1.21137, -0.420028)
Size: (0.0141435, 0.185917, 0.131081)

