Position: (0.772881, 0.33159, 0.0911185)
Size: (0.207296, 0.212879, 0.238132)

Position: (1.33478, -0.439171, -0.163806)
Size: (0.160794, 0.130728, 0.16026)

Position: (1.15238, -0.450231, -0.897261)
Size: (0.294872, 0.15497, 0.20589)

Position: (0.732707, 1.43133, 1.4508)
Size: (0.267951, 0.224515, 0.115371)

Position: (0.251515, 0.573602, 0.470236)
Size: (0.0518947, 0.266624, 0.248425)

Position: (0.525776, 0.810808, 0.34404)
Size: (0.165078, 0.0755744, 0.256326)

Position: (-1.30335, 1.40232, -0.523225)
Size: (0.290103, 0.0522094, 0.240308)

Position: (-0.848741, -0.414317, 0.139242)
Size: (0.195637, 0.235151, 0.237409)

Position: (0.992618, 0.599121, 1.13193)
Size: (0.0439272, 0.290959, 0.228285)

Position: (-1.49427, 0.655946, 0.951166)
Size: (0.161798, 0.099489, 0.231361)

Position: (0.63438, 0.436357, -0.447787)
Size: (0.0936991, 0.255595, 0.219549)

Position: (-0.813128, 0.635021, 0.57606)
Size: (0.0879888, 0.0518018, 0.146041)

Position: (0.839285, -1.28883, -0.270448)
Size: (0.112419, 0.281525, 0.0830956)

Position: (0.663486, -0.64402, -1.24857)
Size: (0.137177, 0.0681614, 0.135771)

Position: (0.758839, 0.298471, 0.00911921)
Size: (0.297211, 0.161682, 0.142886)

Position: (0.551864, -1.1438, 1.18822)
Size: (0.172055, 0.0876926, 0.0829909)

Position: (-0.705736, -0.911874, 0.312462)
Size: (0.213996, 0.219305, 0.238435)

Position: (-0.497474, 0.235209, -0.793364)
Size: (0.29004, 0.12168, 0.21883)

Position: (0.42611, -0.3523, -1.19517)
Size: (0.170028, 0.0214042, 0.259707)

Position: (0.695801, 1.06906, 0.202843)
Size: (0.138359, 0.0848737, 0.222324)

Position: (-0.990761, -1.07116, -0.213452)
Size: (0.243739, 0.285176, 0.0312516)

Position: (1.23989, 0.427165, 0.193393)
Size: (0.181916, 0.0590673, 0.221381)

Position: (0.151569, 0.0961573, -0.978546)
Size: (0.0798171, 0.21967, 0.110557)

Position: (-0.275786, 0.537165, 0.731649)
Size: (0.0613539, 0.0915347, 0.178492)

Position: (-0.0209342, 0.710225, -0.903724)
Size: (0.0746281, 0.117713, 0.199936)

Position: (1.04011, 1.19044, -0.0388556)
Size: (0.202315, 0.0595832, 0.115073)

Position: (1.1842, -1.1921, 0.0208065)
Size: (0.208448, 0.069709, 0.158536)

Position: (-0.652651, 0.691775, 1.34571)
Size: (0.160891, 0.269533, 0.166511)

Position: (1.41425, 0.783018, -0.844005)
Size: (0.100462, 0.18554, 0.0384675)

Position: (-0.0379622, -0.948939, -1.1027)
Size: (0.0645288, 0.266274, 0.273969)

Position: (0.412885, 0.181487, 0.779523)
Size: (0.111223, 0.2514, 0.115524)

Position: (0.978756, -1.16383, -1.31927)
Size: (0.0564737, 0.2327, 0.0058302)

