Position: (0.611259, -0.0166897, 0.733794)
Size: (0.213892, 0.253083, 0.140805)

Position: (-0.154262, -1.27585, 1.17388)
Size: (0.223678, 0.091644, 0.118449)

Position: (0.0688298, 0.0668369, -0.389881)
Size: (0.178694, 0.296051, 0.0286013)

Position: (0.807198, 0.231041, 1.05139)
Size: (0.203291, 0.0546837, 0.111468)

Position: (-0.378667, -1.13545, 0.0787687)
Size: (0.282077, 0.291638, 0.0506216)

Position: (0.195176, 0.812138, -0.247243)
Size: (0.228809, 0.0255788, 0.157933)

Position: (1.1116, 1.05425, 1.32891)
Size: (0.102735, 0.238924, 0.149224)

Position: (0.997745, -0.934916, -0.372858)
Size: (0.176817, 0.209092, 0.122596)

Position: (-0.424016, 1.00781, 0.808516)
Size: (0.279659, 0.180021, 0.00164069)

Position: (0.580467, -1.19309, -0.928744)
Size: (0.226396, 0.115512, 0.0931326)

Position: (0.767181, 0.637076, 0.529843)
Size: (0.245056, 0.0162402, 0.227)

Position: (1.36477, -0.814092, -1.31892)
Size: (0.0785409, 0.101974, 0.238912)

Position: (-1.05745, -1.12045, -0.282497)
Size: (0.00864944, 0.191018, 0.1372)

Position: (1.49156, -0.119244, -0.140859)
Size: (0.0926266, 0.027817, 0.172837)

Position: (0.0589837, -0.83715, 1.24427)
Size: (0.275972, 0.156466, 0.274088)

Position: (0.765571, -0.901037, 0.728057)
Size: (0.131534, 0.0885441, 0.179721)

Position: (-0.0152174, 1.45484, -0.42774)
Size: (0.107903, 0.282311, 0.267026)

Position: (-1.41351, -0.721966, 0.628187)
Size: (0.0147502, 0.156446, 0.19)

Position: (0.100316, 0.617138, 0.16413)
Size: (0.18675, 0.283739, 0.207289)

Position: (-1.22042, -0.864335, 1.09107)
Size: (0.113192, 0.158613, 0.275512)

Position: (-0.638012, 0.484479, -0.870458)
Size: (0.117721, 0.0937712, 0.222576)

Position: (-0.575226, 0.672559, 1.15266)
Size: (0.15091, 0.10146, 0.00452003)

Position: (0.61774, -0.487475, -0.415374)
Size: (0.135395, 0.0229045, 0.189377)

Position: (0.45487, -0.925777, 0.609565)
Size: (0.29216, 0.2964, 0.246381)

Position: (0.755019, 1.00212, 0.0320775)
Size: (0.247156, 0.23844, 0.138949)

Position: (0.333248, 0.76892, -0.347197)
Size: (0.0623565, 0.015581, 0.183321)

Position: (1.27273, -0.537986, 0.0608053)
Size: (0.297715, 0.10133, 0.208395)

Position: (-0.625524, 0.647647, -1.4173)
Size: (0.107994, 0.236106, 0.210724)

Position: (-0.160498, -0.635466, -0.0721199)
Size: (0.219384, 0.285269, 0.0147927)

Position: (0.998366, -0.794333, 1.44934)
Size: (0.15518, 0.280333, 0.0703123)

Position: (-1.39553, -0.224681, 1.39681)
Size: (0.00917217, 0.102302, 0.0680819)

Position: (-0.88001, -0.416186, 1.13231)
Size: (0.12027, 0.203219, 0.233775)

