Position: (-0.715182, -0.647335, 0.115543)
Size: (0.282784, 0.131731, 0.168848)

Position: (-0.449671, 0.109895, 0.0118022)
Size: (0.252549, 0.262286, 0.105852)

Position: (0.700601, 0.468898, 1.15566)
Size: (0.161476, 0.0630915, 0.147881)

Position: (-1.45123, -0.749159, 0.00568888)
Size: (0.0188709, 0.252113, 0.18031)

Position: (-0.571444, 0.996656, 1.3102)
Size: (0.248187, 0.0328347, 0.111866)

Position: (0.78063, 0.00428759, -0.145507)
Size: (0.206828, 0.0172472, 0.277362)

Position: (0.71087, -0.743877, 1.00471)
Size: (0.0702281, 0.203614, 0.174585)

Position: (0.0175398, 0.390207, -1.22843)
Size: (0.0480285, 0.037077, 0.0635571)

Position: (-0.904944, 0.920507, 0.509882)
Size: (0.162935, 0.105437, 0.0530436)

Position: (-0.145106, 0.780026, 1.12355)
Size: (0.258, 0.184204, 0.206648)

Position: (-0.824329, -1.33166, 1.24263)
Size: (0.193755, 0.0834378, 0.238291)

Position: (-0.451416, -0.400886, 1.15248)
Size: (0.272619, 0.0284185, 0.00926208)

Position: (-0.864258, 0.0873862, -0.934862)
Size: (0.279688, 0.175769, 0.0253181)

Position: (-0.677495, -1.40365, -0.163843)
Size: (0.104163, 0.116934, 0.14227)

Position: (-1.14475, -0.615108, 0.741954)
Size: (0.193588, 0.0779626, 0.258897)

Position: (0.422831, -1.41541, -0.291891)
Size: (0.107828, 0.248677, 0.0707611)

Position: (0.698957, -0.797928, -1.14254)
Size: (0.150495, 0.0465977, 0.0387226)

Position: (-1.27932, 0.35415, -0.255277)
Size: (0.000396607, 0.131177, 0.143184)

Position: (-0.661735, -0.81468, -0.393158)
Size: (0.256076, 0.045615, 0.0433668)

Position: (-0.268809, -0.658622, 1.04053)
Size: (0.134961, 0.012604, 0.246975)

Position: (-0.211119, -0.741001, 0.662418)
Size: (0.0814672, 0.0847472, 0.247385)

Position: (-1.17828, 0.877792, -1.25662)
Size: (0.135248, 0.112188, 0.0543525)

Position: (0.654363, 0.825963, -1.49739)
Size: (0.130965, 0.0020158, 0.084417)

Position: (-0.213827, 1.33912, 1.25049)
Size: (0.0700654, 0.101439, 0.0265249)

Position: (-0.956826, -0.204626, 0.783977)
Size: (0.054883, 0.0516218, 0.211112)

Position: (-0.610078, -1.4461, -1.15008)
Size: (0.201182, 0.176645, 0.167979)

Position: (-0.358095, 0.458162, -0.945033)
Size: (0.186953, 0.250041, 0.126798)

Position: (0.0228565, 0.0711272, -0.987266)
Size: (0.153181, 0.279263, 0.104999)

Position: (1.06949, -0.108173, 0.993318)
Size: (0.0501082, 0.168874, 0.224981)

Position: (0.196913, 1.05521, -0.28023)
Size: (0.173869, 0.149801, 0.0650635)

Position: (-1.20587, -0.955307, 0.106912)
Size: (0.139666, 0.133171, 0.234594)

Position: (-0.185513, 0.619008, -1.38321)
Size: (0.140189, 0.208372, 0.109812)

