Position: (1.15481, 0.418303, -0.771005)
Size: (0.171385, 0.0194952, 0.062696)

Position: (-0.463542, 0.599985, 1.24798)
Size: (0.126243, 0.147687, 0.0546318)

Position: (1.01136, -1.15597, -0.554355)
Size: (0.0066816, 0.104972, 0.242521)

Position: (0.875401, 0.393715, 1.38091)
Size: (0.161054, 0.236304, 0.0425119)

Position: (-1.15889, -0.551894, -0.52273)
Size: (0.242709, 0.179198, 0.0361921)

Position: (-1.00039, -1.45528, -0.906579)
Size: (0.25126, 0.0296078, 0.250062)

Position: (0.0850887, 1.27334, 0.350957)
Size: (0.192332, 0.206347, 0.187032)

Position: (0.370582, 0.259328, 0.299354)
Size: (0.269924, 0.0662827, 0.0258598)

Position: (0.00649591, -0.343267, -0.400304)
Size: (0.237889, 0.143018, 0.242795)

Position: (-1.13749, 0.239871, 1.28151)
Size: (0.22, 0.158376, 0.222527)

Position: (0.769169, -0.00353404, 0.383492)
Size: (0.254432, 0.236705, 0.0678033)

Position: (-1.25232, 0.813472, 0.392234)
Size: (0.0935382, 0.269243, 0.101887)

Position: (-1.37851, -0.217697, 0.985574)
Size: (0.190865, 0.120719, 0.29174)

Position: (0.0360008, 0.17955, 0.468306)
Size: (0.261847, 0.114306, 0.254153)

Position: (-0.0180699, 1.39516, -0.0370766)
Size: (0.102503, 0.0155155, 0.19185)

Position: (-0.328767, -0.492715, -0.848942)
Size: (0.192981, 0.0189866, 0.00441146)

Position: (-0.896354, 1.27872, 1.07628)
Size: (0.165689, 0.279522, 0.220724)

Position: (-1.03817, -0.721117, -1.03182)
Size: (0.176492, 0.0875667, 0.031944)

Position: (-0.805546, 1.24595, -0.909337)
Size: (0.124913, 0.293334, 0.0658012)

Position: (-1.01522, -0.992086, 0.500747)
Size: (0.108742, 0.204796, 0.278446)

Position: (-1.22736, 1.37627, 1.41571)
Size: (0.0115562, 0.133144, 0.170285)

Position: (0.203602, -0.477055, -1.09324)
Size: (0.237375, 0.28915, 0.298869)

Position: (-0.964839, -1.2696, -1.02918)
Size: (0.128209, 0.280943, 0.238097)

Position: (0.78808, 0.0712813, -1.16408)
Size: (0.152204, 0.130038, 0.164208)

Position: (-1.34784, -1.11859, 0.830797)
Size: (0.146792, 0.216107, 0.275192)

Position: (-1.13419, 0.993179, 0.309478)
Size: (0.241814, 0.0360125, 0.0416955)

Position: (-1.05827, -1.44364, 0.456322)
Size: (0.168488, 0.295676, 0.17256)

Position: (-0.945236, -0.10334, -0.823618)
Size: (0.223827, 0.0491806, 0.0405186)

Position: (-0.0510868, 0.21947, 0.447398)
Size: (0.0520522, 0.19804, 0.170731)

Position: (-0.535163, -0.952007, -0.128864)
Size: (0.160315, 0.0529854, 0.297115)

Position: (-1.38465, 0.835671, -0.264858)
Size: (0.0315606, 0.0530449, 0.0574188)

Position: (0.5746, 1.18843, 0.230963)
Size: (0.197349, 0.0560428, 0.0527406)

