Position: (-0.705514, -1.18068, 0.805287)
Size: (0.0183041, 0.260812, 0.298186)

Position: (-0.150802, 1.02723, 0.739001)
Size: (0.070293, 0.122354, 0.290849)

Position: (-1.26011, -0.852399, -0.457318)
Size: (0.278654, 0.115202, 0.162893)

Position: (0.230927, 0.253913, 0.958129)
Size: (0.243434, 0.0817553, 0.105673)

Position: (0.587709, -0.891426, 0.305926)
Size: (0.249508, 0.128978, 0.28908)

Position: (-1.1903, -0.564233, 1.09449)
Size: (0.0903194, 0.142971, 0.177206)

Position: (-0.0698242, -1.0483, 1.05672)
Size: (0.122862, 0.0318144, 0.171061)

Position: (-1.35189, 1.18197, 0.083381)
Size: (0.0232539, 0.206112, 0.0830801)

Position: (-0.301443, 0.688169, 0.447057)
Size: (0.0252843, 0.0940345, 0.00908071)

Position: (0.790164, 0.0412685, 0.41495)
Size: (0.0702768, 0.165097, 0.0167439)

Position: (1.16141, 0.935789, -0.673864)
Size: (0.0266755, 0.286071, 0.00475853)

Position: (-0.723776, 1.10989, 1.21288)
Size: (0.254683, 0.155821, 0.183777)

Position: (0.265713, 0.983788, -0.115727)
Size: (0.186276, 0.221209, 0.166201)

Position: (-0.339795, -0.320013, -0.168772)
Size: (0.270677, 0.24986, 0.11827)

Position: (-0.37492, 0.378083, 0.252438)
Size: (0.0600869, 0.145461, 0.271107)

Position: (1.15582, -0.88592, 1.19802)
Size: (0.138185, 0.0150542, 0.0598651)

Position: (1.35283, -0.324619, -0.102252)
Size: (0.181398, 0.088574, 0.0972891)

Position: (-0.832566, -1.21412, -0.653382)
Size: (0.162157, 0.0304803, 0.107913)

Position: (-0.0134777, -0.621134, 0.682873)
Size: (0.188772, 0.107843, 0.217416)

Position: (-0.476846, 1.23717, -1.12625)
Size: (0.0131294, 0.284108, 0.235707)

Position: (0.717707, 0.311335, -0.960612)
Size: (0.242524, 0.130496, 0.186509)

Position: (-0.798493, -1.03601, 0.523484)
Size: (0.206496, 0.166759, 0.0518259)

Position: (0.962634, 0.398632, 0.0543312)
Size: (0.29804, 0.226915, 0.180785)

Position: (1.0727, -0.510362, -1.23153)
Size: (0.207158, 0.254954, 0.253952)

Position: (1.26061, 1.37629, -0.563554)
Size: (0.145686, 0.235596, 0.0395239)

Position: (-0.45041, 0.0735477, -0.567446)
Size: (0.0090137, 0.260135, 0.0378332)

Position: (0.888293, -0.378782, 0.437022)
Size: (0.22948, 0.289425, 0.02049)

Position: (0.0964013, -0.0421137, -0.729699)
Size: (0.285128, 0.283224, 0.141589)

Position: (1.44846, 0.311969, 0.87755)
Size: (0.0122289, 0.150515, 0.16406)

Position: (-0.132978, -1.47221, -1.11458)
Size: (0.227176, 0.099512, 0.080436)

Position: (0.174779, 1.07278, -0.263333)
Size: (0.13647, 0.0251763, 0.207629)

Position: (0.489143, 1.12034, 0.14746)
Size: (0.0573053, 0.233308, 0.111069)

