Position: (-0.69621, -0.381796, 0.912903)
Size: (0.154654, 0.150193, 0.0891148)

Position: (-0.661704, -0.152806, 1.00675)
Size: (0.267523, 0.155953, 0.297956)

Position: (-1.07102, -0.189409, -0.119977)
Size: (0.284432, 0.0190918, 0.205419)

Position: (-1.42587, 0.695956, 0.229419)
Size: (0.0552149, 0.0694511, 0.158905)

Position: (-0.192354, 0.817296, -1.22022)
Size: (0.288785, 0.0613059, 0.28654)

Position: (-0.427539, 0.471474, 0.153867)
Size: (0.288009, 0.0496586, 0.297276)

Position: (0.123367, -1.00613, 0.488624)
Size: (0.238382, 0.180813, 0.17419)

Position: (-0.103889, -1.2238, 0.991043)
Size: (0.116679, 0.292631, 0.124553)

Position: (0.353838, 0.723775, -1.06793)
Size: (0.273938, 0.000507636, 0.0705536)

Position: (0.837128, 1.35249, -0.535322)
Size: (0.165523, 0.0766408, 0.000302884)

Position: (0.838841, 1.4988, -0.730884)
Size: (0.226562, 0.104219, 0.157597)

Position: (-1.42039, 0.606165, 0.0250405)
Size: (0.187889, 0.133593, 0.0697911)

Position: (0.576628, -0.607869, 0.114597)
Size: (0.127732, 0.26736, 0.279537)

Position: (-0.0995269, 0.474891, -0.447954)
Size: (0.100222, 0.145371, 0.175906)

Position: (-1.05171, 0.857216, 1.37732)
Size: (0.278303, 0.281403, 0.10716)

Position: (0.975621, 0.217922, -0.599877)
Size: (0.281365, 0.279444, 0.129183)

Position: (0.962468, -0.222868, -0.69613)
Size: (0.296178, 0.27197, 0.188714)

Position: (-0.659257, -0.168559, -0.983965)
Size: (0.210582, 0.283039, 0.235326)

Position: (-0.510937, 0.97538, -0.609792)
Size: (0.288785, 0.0455403, 0.0575318)

Position: (0.467644, -0.521052, -0.382272)
Size: (0.0230965, 0.154329, 0.152094)

Position: (0.609835, 1.08017, 1.08281)
Size: (0.124718, 0.226904, 0.0649859)

Position: (0.353031, -0.19355, 0.661407)
Size: (0.0812773, 0.001347, 0.146457)

Position: (-0.00674731, -0.844221, -0.437455)
Size: (0.281635, 0.214345, 0.112085)

Position: (0.0770853, 0.635626, -1.05541)
Size: (0.0109906, 0.296032, 0.223327)

Position: (1.08022, 0.834198, 1.1738)
Size: (0.159275, 0.171397, 0.276754)

Position: (-0.159211, 0.856624, -1.40731)
Size: (0.131953, 0.130334, 0.257295)

Position: (-0.511598, -1.20314, 1.08101)
Size: (0.0191772, 0.246411, 0.052383)

Position: (0.2242, -1.1894, 1.25395)
Size: (0.182422, 0.111107, 0.155805)

Position: (1.22821, -1.34708, 0.90273)
Size: (0.0037966, 0.215967, 0.176635)

Position: (0.0757894, 1.40054, 0.65251)
Size: (0.224321, 0.0642633, 0.266229)

Position: (0.287291, 1.02513, 0.281589)
Size: (0.213147, 0.0242115, 0.201524)

Position: (0.592888, 0.367978, -1.34594)
Size: (0.274646, 0.250229, 0.0550022)

