Position: (0.888939, -0.034223, -0.42865)
Size: (0.217208, 0.0831164, 0.0669098)

Position: (0.0378839, -0.16128, -0.141659)
Size: (0.077085, 0.0657367, 0.185598)

Position: (1.01281, -0.921423, 0.947609)
Size: (0.223826, 0.18741, 0.0473103)

Position: (-0.457346, -0.477274, -0.630149)
Size: (0.0929563, 0.269366, 0.0619553)

Position: (0.172912, 1.28837, -1.10909)
Size: (0.298759, 0.0121128, 0.0895173)

Position: (-1.01933, -0.666982, 0.413997)
Size: (0.0914086, 0.210728, 0.241322)

Position: (-0.400873, 1.12575, -0.955596)
Size: (0.030479, 0.0876236, 0.288338)

Position: (-1.42099, -0.361803, 1.39055)
Size: (0.211688, 0.258082, 0.0241433)

Position: (-1.19351, -0.0672664, 0.396189)
Size: (0.217743, 0.203964, 0.200086)

Position: (1.35501, -1.39147, 1.4143)
Size: (0.279697, 0.152467, 0.150056)

Position: (1.14494, 0.387318, -0.266991)
Size: (0.19284, 0.102002, 0.11043)

Position: (-0.253281, -1.20173, -1.2791)
Size: (0.236256, 0.0366448, 0.0678288)

Position: (-0.806041, 1.17231, 0.516115)
Size: (0.0535257, 0.0783495, 0.156072)

Position: (-0.52501, 1.26956, 0.714211)
Size: (0.103598, 0.228076, 0.198615)

Position: (-0.178741, 0.141726, -0.958276)
Size: (0.18025, 0.143327, 0.195707)

Position: (-0.997145, -0.714336, -0.762414)
Size: (0.16733, 0.193284, 0.115398)

Position: (-1.2961, -0.282703, 0.132049)
Size: (0.209503, 0.0463455, 0.252648)

Position: (0.0117386, 0.78225, -0.767256)
Size: (0.184663, 0.292295, 0.0974979)

Position: (0.727439, -1.10993, 1.0335)
Size: (0.0284714, 0.0526464, 0.195482)

Position: (1.47213, 1.20896, 1.31525)
Size: (0.206931, 0.061425, 0.292421)

Position: (1.28612, 1.14487, 0.551379)
Size: (0.226665, 0.199825, 0.154259)

Position: (0.0608665, 1.19617, -0.138097)
Size: (0.0995628, 0.0409826, 0.00130482)

Position: (0.72038, -1.42194, 0.49591)
Size: (0.147636, 0.235199, 0.280002)

Position: (0.134559, -0.124865, -0.161287)
Size: (0.169768, 0.043675, 0.110546)

Position: (1.07603, 0.860076, 0.543016)
Size: (0.168123, 0.0728694, 0.244608)

Position: (1.00173, 0.892165, -0.505347)
Size: (0.00573955, 0.299207, 0.139416)

Position: (0.843112, 1.13322, -0.0635228)
Size: (0.0699727, 0.0643294, 0.0488823)

Position: (1.39566, 0.220789, 0.619555)
Size: (0.0710221, 0.0496727, 0.298902)

Position: (0.0219008, 0.0547018, 1.2941)
Size: (0.2901, 0.217584, 0.0745789)

Position: (-0.340673, -0.426137, 0.507874)
Size: (0.228143, 0.0591339, 0.11866)

Position: (-1.40732, 1.26875, -0.633362)
Size: (0.231202, 0.0582509, 0.034331)

Position: (0.62299, -0.916719, 0.660458)
Size: (0.0220324, 0.0960105, 0.0603641)

