Position: (0.146194, -0.210389, 0.746841)
Size: (0.151537, 0.210377, 0.140535)

Position: (1.4675, -1.47481, 1.14837)
Size: (0.18312, 0.168708, 0.109628)

Position: (-1.00199, -0.508353, -0.229595)
Size: (0.183448, 0.22773, 0.299588)

Position: (-0.527074, 0.28942, 0.262405)
Size: (0.110198, 0.228302, 0.106192)

Position: (-0.341397, 0.33791, 0.149554)
Size: (0.0770501, 0.0509491, 0.052511)

Position: (-1.0765, 0.434008, 0.648601)
Size: (0.026634, 0.298806, 0.196171)

Position: (-0.323293, -0.76055, -0.867317)
Size: (0.114378, 0.125141, 0.202606)

Position: (1.01323, -1.13481, -1.1971)
Size: (0.159061, 0.290752, 0.073469)

Position: (1.0653, -0.725336, 0.906657)
Size: (0.270894, 0.164079, 0.281717)

Position: (-1.18103, 0.931523, -0.299075)
Size: (0.190156, 0.173317, 0.0951947)

Position: (0.94117, -0.587626, -0.631731)
Size: (0.0904874, 0.161926, 0.184117)

Position: (-0.524819, -1.06627, -1.05084)
Size: (0.168344, 0.190803, 0.136517)

Position: (-0.206035, -1.33583, -0.481791)
Size: (0.075857, 0.0928537, 0.246558)

Position: (0.13714, -1.39602, 0.0938971)
Size: (0.127267, 0.109205, 0.185074)

Position: (0.762358, 1.44701, -1.48506)
Size: (0.153797, 0.103301, 0.105532)

Position: (1.27136, -1.0733, 1.18353)
Size: (0.0565772, 0.298585, 0.161359)

Position: (-0.518569, -1.21378, 0.390864)
Size: (0.119879, 0.275846, 0.237452)

Position: (1.13855, 0.1989, -1.47842)
Size: (0.0542115, 0.047138, 0.115715)

Position: (0.379814, 0.159193, 0.560197)
Size: (0.126331, 0.15019, 0.217257)

Position: (1.22202, 1.39308, -1.19648)
Size: (0.261373, 0.27177, 0.0914359)

Position: (-0.960336, 1.39216, 0.730876)
Size: (0.152401, 0.177591, 0.0326404)

Position: (-0.0276771, 0.406374, 0.793418)
Size: (0.217813, 0.143826, 0.104473)

Position: (0.663217, 1.01324, -1.149)
Size: (0.0275887, 0.174765, 0.200002)

Position: (1.29172, 1.44463, 0.250345)
Size: (0.0375741, 0.162257, 0.147705)

Position: (0.90249, -1.4601, -0.384255)
Size: (0.0239173, 0.17329, 0.291184)

Position: (0.20582, -0.252025, -0.726642)
Size: (0.214387, 0.19407, 0.0649452)

Position: (1.05957, -0.678603, 0.726186)
Size: (0.0320375, 0.135803, 0.211527)

Position: (-0.630591, 1.41602, 1.15801)
Size: (0.217455, 0.155556, 0.131358)

Position: (1.41348, 0.464806, -0.319265)
Size: (0.26356, 0.00629714, 0.219834)

Position: (-0.302762, -0.0718912, -0.0635014)
Size: (0.0432605, 0.0189575, 0.0335799)

Position: (0.994039, -1.18559, 0.366004)
Size: (0.219692, 0.0779959, 0.121074)

Position: (-0.176815, -1.34217, -0.0797732)
Size: (0.132073, 0.0908632, 0.136246)

