Position: (-0.302418, 1.28564, -0.638625)
Size: (0.12642, 0.0580967, 0.110436)

Position: (0.0953611, -0.859237, -1.30094)
Size: (0.202416, 0.119507, 0.132717)

Position: (-0.361867, -0.713445, -0.791018)
Size: (0.0494023, 0.117698, 0.177)

Position: (1.07054, 0.375261, 0.278247)
Size: (0.198767, 0.239745, 0.199649)

Position: (0.974001, -0.816518, 0.313542)
Size: (0.135257, 0.0390271, 0.0611021)

Position: (-1.12974, 0.639874, 0.510183)
Size: (0.0789745, 0.129157, 0.260429)

Position: (-0.94734, 0.49304, 0.818605)
Size: (0.142553, 0.21743, 0.0920086)

Position: (-1.14884, 0.285494, 1.02188)
Size: (0.116513, 0.214808, 0.298442)

Position: (-0.381924, 0.275745, -1.38502)
Size: (0.258982, 0.174651, 0.00396821)

Position: (-1.44892, -0.4985, 0.377823)
Size: (0.17506, 0.112906, 0.299175)

Position: (0.390528, -0.83296, 1.35597)
Size: (0.297319, 0.0333493, 0.147648)

Position: (-0.15046, -0.961898, 0.0396022)
Size: (0.0386351, 0.0930186, 0.0987535)

Position: (-0.655683, 0.352259, -1.45023)
Size: (0.120681, 0.111931, 0.168623)

Position: (-0.471081, -0.0154109, -1.08245)
Size: (0.256642, 0.184962, 0.173682)

Position: (-0.224195, -0.821639, 0.526999)
Size: (0.236946, 0.0867321, 0.0973932)

Position: (0.0801322, -1.43869, 1.40098)
Size: (0.0810381, 0.225613, 0.176465)

Position: (1.12541, 0.0567758, 0.223685)
Size: (0.23632, 0.289377, 0.2659)

Position: (0.13844, -0.586072, 0.264834)
Size: (0.0398821, 0.0120738, 0.103549)

Position: (-0.104587, -0.907569, -0.498305)
Size: (0.192789, 0.242294, 0.165799)

Position: (0.894996, 0.760463, -1.35571)
Size: (0.171293, 0.194285, 0.154644)

Position: (-0.445823, -1.44984, 0.447924)
Size: (0.232428, 0.00375912, 0.110075)

Position: (0.758629, -0.638945, -1.30124)
Size: (0.149009, 0.220519, 0.203708)

Position: (-0.449564, -0.880573, 0.716311)
Size: (0.245342, 0.142486, 0.0963832)

Position: (0.395499, 1.09836, -1.32611)
Size: (0.114262, 0.0427933, 0.0426148)

Position: (-0.159024, -0.717815, -1.27014)
Size: (0.0984453, 0.118969, 0.0473655)

Position: (-0.853469, 1.33898, 0.899194)
Size: (0.241612, 0.0202246, 0.125272)

Position: (-0.821326, -1.24984, 0.927144)
Size: (0.0634828, 0.170824, 0.0496664)

Position: (1.22373, -0.362952, -0.55166)
Size: (0.261287, 0.0849729, 0.0419839)

Position: (0.1473, 0.18456, 0.144324)
Size: (0.0388999, 0.102617, 0.247768)

Position: (-1.25293, 0.738484, 1.362)
Size: (0.0853052, 0.0736835, 0.0903506)

Position: (-0.463108, 1.24884, 0.986937)
Size: (0.12715, 0.092817, 0.0815238)

Position: (-1.48305, -1.43202, 0.330673)
Size: (0.220111, 0.250854, 0.0570613)

