Position: (0.221749, -0.412243, 0.179522)
Size: (0.280257, 0.249049, 0.267163)

Position: (-0.113363, 0.131576, -1.04094)
Size: (0.0266955, 0.196103, 0.248906)

Position: (0.968034, -0.312521, -0.658164)
Size: (0.12888, 0.0783864, 0.00419974)

Position: (0.109859, -0.39587, -1.34586)
Size: (0.109999, 0.159298, 0.243804)

Position: (-1.47153, -1.11884, -1.14133)
Size: (0.287005, 0.000989276, 0.0121691)

Position: (0.231227, 1.17881, 0.430339)
Size: (0.28363, 0.105277, 0.282612)

Position: (1.37133, -0.619493, -1.33372)
Size: (0.251315, 0.269033, 0.0285914)

Position: (1.01557, 1.00837, 0.188659)
Size: (0.0845608, 0.209991, 0.197019)

Position: (-1.04342, -0.401533, -0.241164)
Size: (0.0241476, 0.00430852, 0.207411)

Position: (-0.629918, 0.551608, 0.965959)
Size: (0.234453, 0.0570553, 0.00370674)

Position: (0.645269, 0.993428, 0.954242)
Size: (0.277326, 0.180125, 0.143603)

Position: (-1.42246, -1.4247, -0.385838)
Size: (0.227384, 0.248114, 0.0736082)

Position: (-0.517337, -1.40759, -0.108251)
Size: (0.0573151, 0.213338, 0.205528)

Position: (1.49516, -1.07737, -0.848278)
Size: (0.0925321, 0.146906, 0.126738)

Position: (-0.173805, -0.144915, -1.30751)
Size: (0.285901, 0.0946764, 0.232765)

Position: (-0.488786, 0.0714791, -1.05283)
Size: (0.247216, 0.0601793, 0.0963928)

Position: (0.660968, 0.276533, 1.18214)
Size: (0.115499, 0.137879, 0.240807)

Position: (0.356249, -0.689706, -0.668714)
Size: (0.0287123, 0.0280646, 0.177706)

Position: (0.1565, 0.971317, -1.48741)
Size: (0.131908, 0.085736, 0.235331)

Position: (0.497621, -0.244931, -1.2081)
Size: (0.133917, 0.0128271, 0.0470418)

Position: (-1.32491, 0.520467, 0.287091)
Size: (0.207627, 0.206712, 0.279359)

Position: (0.43332, 0.342372, 0.689295)
Size: (0.109093, 0.139152, 0.144542)

Position: (-1.17422, 1.08528, 1.31025)
Size: (0.13917, 0.0324903, 0.0937555)

Position: (0.4736, 0.965589, 0.565398)
Size: (0.299887, 0.198503, 0.108919)

Position: (-1.3168, 0.0956598, -1.10037)
Size: (0.250015, 0.128614, 0.27414)

Position: (-0.104107, 0.113868, -1.25691)
Size: (0.135786, 0.194783, 0.201905)

Position: (-1.30008, -0.768303, 0.785658)
Size: (0.168862, 0.11282, 0.154219)

Position: (-1.20184, 0.340162, -1.42164)
Size: (0.133079, 0.197675, 0.0783402)

Position: (0.834368, 0.163454, 0.492985)
Size: (0.0095266, 0.166582, 0.116914)

Position: (1.48705, 0.799693, -1.00026)
Size: (0.00025403, 0.0230086, 0.0611032)

Position: (-0.456073, -0.843496, 1.46231)
Size: (0.283413, 0.153515, 0.286509)

Position: (-0.691703, 0.0891432, 1.4864)
Size: (0.210146, 0.0260588, 0.232539)

