Position: (-0.902876, -0.422044, -0.836352)
Size: (0.164604, 0.0763727, 0.0602214)

Position: (0.57721, 0.763761, 1.11739)
Size: (0.121448, 0.0960408, 0.0717971)

Position: (0.420581, 0.991606, 1.1366)
Size: (0.188199, 0.139329, 0.0473871)

Position: (-0.908847, 0.234733, 0.532362)
Size: (0.0309435, 0.175417, 0.230968)

Position: (-0.293764, 1.34115, 0.857045)
Size: (0.00795453, 0.219295, 0.225943)

Position: (0.873798, -1.15625, 1.14288)
Size: (0.0929967, 0.131392, 0.258088)

Position: (-1.17389, 0.425401, 0.301201)
Size: (0.0641408, 0.146472, 0.0226518)

Position: (1.27229, -0.830164, 0.101666)
Size: (0.00578519, 0.15354, 0.0137211)

Position: (0.069602, 0.936986, 1.44216)
Size: (0.11654, 0.124325, 0.299561)

Position: (0.741723, 0.167781, -0.203349)
Size: (0.213861, 0.11677, 0.0774573)

Position: (1.0556, -1.38421, 1.41074)
Size: (0.103829, 0.00608712, 0.249945)

Position: (0.169367, -0.368366, 0.363844)
Size: (0.258106, 0.273474, 0.25116)

Position: (0.344401, 0.944377, -0.227492)
Size: (0.0446444, 0.0500175, 0.0645045)

Position: (0.467424, 0.563687, -0.150202)
Size: (0.1339, 0.187567, 0.106702)

Position: (0.918457, -0.595776, 1.0263)
Size: (0.219741, 0.104853, 0.201903)

Position: (1.1782, 1.40367, -0.0189162)
Size: (0.0854131, 0.176599, 0.281754)

Position: (-1.25822, -0.80692, 0.518897)
Size: (0.0116057, 0.207818, 0.229548)

Position: (-0.995076, 0.477197, 0.346859)
Size: (0.0428324, 0.294111, 0.115074)

Position: (-0.576226, -1.43504, 1.22675)
Size: (0.0123041, 0.192471, 0.118648)

Position: (-0.864952, 0.750744, -1.47748)
Size: (0.0566838, 0.0158036, 0.0440329)

Position: (0.561688, -1.34288, 0.723014)
Size: (0.273052, 0.286594, 0.138316)

Position: (0.926336, 0.770932, -1.44683)
Size: (0.0960681, 0.0237979, 0.241868)

Position: (-1.00911, -1.38049, 0.258075)
Size: (0.221123, 0.12932, 0.0657328)

Position: (-1.34295, -0.860099, 0.53489)
Size: (0.293544, 0.122528, 0.13858)

Position: (1.47859, -0.0802558, -1.10272)
Size: (0.147603, 0.094536, 0.200132)

Position: (0.585905, -1.32281, -0.124902)
Size: (0.188612, 0.038968, 0.272792)

Position: (0.838826, -0.286273, -0.49643)
Size: (0.193927, 0.200444, 0.0478828)

Position: (-1.24503, 0.200385, -1.10043)
Size: (0.0224312, 0.0234078, 0.163026)

Position: (1.15434, 1.15409, -1.01954)
Size: (0.0813922, 0.0922616, 0.00499432)

Position: (-1.35948, 0.681771, 0.219691)
Size: (0.109795, 0.101686, 0.201826)

Position: (1.21132, 0.223265, 0.25808)
Size: (0.158507, 0.261081, 0.208713)

Position: (-1.20132, 0.489092, -1.27441)
Size: (0.14498, 0.107457, 0.194179)

