Position: (0.0141961, -0.405592, 0.951849)
Size: (0.0665234, 0.0335014, 0.11029)

Position: (1.01383, 0.173084, -0.397206)
Size: (0.149351, 0.0282602, 0.262657)

Position: (-0.226481, 1.08499, -0.94785)
Size: (0.041753, 0.218415, 0.0356226)

Position: (1.26054, -1.05024, -0.739002)
Size: (0.0171401, 0.212574, 0.163815)

Position: (-0.913208, -0.22937, 1.30637)
Size: (0.173582, 0.120411, 0.247014)

Position: (-0.536343, -0.831997, 0.0733808)
Size: (0.150654, 0.145663, 0.156931)

Position: (0.614956, 0.86577, 1.40734)
Size: (0.220176, 0.0893845, 0.0129489)

Position: (-0.551593, 0.381047, -1.49191)
Size: (0.096232, 0.272126, 0.168651)

