Position: (0.283269, -1.36389, 0.0596152)
Size: (0.181646, 0.0410465, 0.245495)

Position: (1.46902, 0.84932, -0.278022)
Size: (0.0889013, 0.100011, 0.0325538)

Position: (-1.19705, -0.627641, 0.374314)
Size: (0.27578, 0.0867226, 0.0652574)

Position: (-1.10809, 0.177397, -1.45214)
Size: (0.0740006, 0.0803387, 0.224892)

Position: (-1.01105, -0.0806542, 1.10779)
Size: (0.223072, 0.235312, 0.0208307)

Position: (0.265615, 0.552642, 1.23049)
Size: (0.225343, 0.0639729, 0.299311)

Position: (-0.962769, -1.30844, -0.23338)
Size: (0.144742, 0.123875, 0.0202225)

Position: (0.471282, 1.39222, -0.299038)
Size: (0.0262948, 0.107189, 0.0419299)

