Position: (-0.799654, -1.42946, -1.37678)
Size: (0.12881, 0.0963868, 0.0356863)

Position: (-0.622645, -0.132847, -1.19934)
Size: (0.101756, 0.263407, 0.0654908)

Position: (-0.748941, -0.522936, -0.130851)
Size: (0.154614, 0.22012, 0.229125)

Position: (-0.537119, 1.18643, 0.850856)
Size: (0.0640643, 0.206791, 0.168953)

Position: (-0.838691, -0.723291, 0.437555)
Size: (0.0590186, 0.0327404, 0.274098)

Position: (-0.197411, -0.267752, -1.18683)
Size: (0.0287654, 0.20418, 0.28457)

Position: (1.39881, 0.506599, 0.412651)
Size: (0.27135, 0.291396, 0.27114)

Position: (-0.476466, 0.0902213, -0.152918)
Size: (0.188535, 0.0292035, 0.294685)

