Position: (-0.612115, -0.87853, 0.501046)
Size: (0.184468, 0.00534242, 0.145951)

Position: (0.883948, -0.623549, 0.443508)
Size: (0.154124, 0.231085, 0.203929)

Position: (1.32116, 0.705534, 0.521024)
Size: (0.0445869, 0.0150646, 0.166078)

Position: (-0.0332462, -0.512042, -0.517512)
Size: (0.286317, 0.259216, 0.179991)

Position: (0.27676, -1.42806, -1.19693)
Size: (0.0434641, 0.28816, 0.191079)

Position: (-1.43943, -0.822801, -0.995349)
Size: (0.0501988, 0.0253683, 0.287331)

Position: (0.761306, -0.223627, 0.273857)
Size: (0.151541, 0.0686657, 0.245073)

Position: (0.227455, -0.314492, -0.685402)
Size: (0.251196, 0.259516, 0.181282)

