Position: (-0.959395, -0.864397, -0.0630948)
Size: (0.138931, 0.229948, 0.190325)

Position: (0.672566, -1.42561, -0.900984)
Size: (0.21244, 0.282404, 0.143435)

Position: (-0.0824892, -0.551719, 0.412511)
Size: (0.154036, 0.282592, 0.114915)

Position: (-0.801743, 0.305706, 1.21866)
Size: (0.0811485, 0.0145931, 0.0812803)

Position: (-1.44362, -0.937885, -0.358154)
Size: (0.0370605, 0.289024, 0.297719)

Position: (0.229374, 0.525433, -1.23721)
Size: (0.232559, 0.071247, 0.0593448)

Position: (-1.27262, 0.477262, -0.2071)
Size: (0.191762, 0.179354, 0.164262)

Position: (0.902001, 0.268965, -0.199171)
Size: (0.292696, 0.120555, 0.105158)

