Position: (-0.811728, -1.39219, 0.453019)
Size: (0.0181235, 0.0548338, 0.100365)

Position: (-0.713499, 0.99649, -1.38364)
Size: (0.0205255, 0.162993, 0.00643024)

Position: (0.812961, -1.30871, 0.540685)
Size: (0.0851553, 0.0283793, 0.0248117)

Position: (0.44538, -0.345851, -0.959768)
Size: (0.258305, 0.292351, 0.216114)

Position: (-0.776959, 1.3396, 1.4458)
Size: (0.279587, 0.219815, 0.0916467)

Position: (0.495449, -1.11205, 0.775195)
Size: (0.10267, 0.198714, 0.246956)

Position: (1.10068, 1.17371, 0.228563)
Size: (0.0716724, 0.0569262, 0.239962)

Position: (0.0620477, 1.24557, 0.417905)
Size: (0.215481, 0.213476, 0.139508)

