Position: (-0.203534, 0.0394506, -1.07312)
Size: (0.0272679, 0.0754713, 0.00860097)

Position: (-1.45809, -0.0831278, 0.417903)
Size: (0.241795, 0.259039, 0.196106)

Position: (-1.42671, 0.787197, 0.121649)
Size: (0.0636545, 0.137624, 0.280841)

Position: (-1.48867, 0.986416, -1.08583)
Size: (0.206929, 0.159001, 0.210118)

Position: (0.664293, -0.75204, 1.44991)
Size: (0.271305, 0.144474, 0.28574)

Position: (-1.34716, 0.880566, -0.961592)
Size: (0.180226, 0.21807, 0.295589)

Position: (0.134244, 0.401384, 0.663761)
Size: (0.00284123, 0.191863, 0.228076)

Position: (-0.797264, 0.788997, -0.144323)
Size: (0.02784, 0.0355596, 0.0653838)

