Position: (-0.484502, 0.166292, 0.881913)
Size: (0.227315, 0.121729, 0.0871122)

Position: (-1.05738, 0.655126, 0.840181)
Size: (0.0717391, 0.221263, 0.270367)

Position: (-0.111023, 0.131679, 0.680717)
Size: (0.1269, 0.170298, 0.0165901)

Position: (-0.126797, 1.41037, 0.422846)
Size: (0.0362034, 0.293577, 0.176255)

Position: (0.17183, -0.554004, -1.08033)
Size: (0.163165, 0.228189, 0.0442051)

Position: (-0.319554, 0.316605, -0.155947)
Size: (0.0140777, 0.275258, 0.198131)

Position: (0.168859, -0.939583, 0.505592)
Size: (0.249801, 0.197107, 0.188701)

Position: (-0.850085, -0.622919, 0.538314)
Size: (0.268708, 0.282105, 0.173686)

