Position: (0.88486, 0.913332, 1.46268)
Size: (0.149438, 0.0291203, 0.0763264)

Position: (1.49832, 1.2738, 1.27207)
Size: (0.0452215, 0.0610484, 0.129694)

Position: (-0.00969065, 1.08598, -0.950311)
Size: (0.0614468, 0.130802, 0.0190439)

Position: (0.351072, 0.868651, -0.010799)
Size: (0.0373649, 0.223391, 0.287146)

Position: (0.961376, 0.441733, 1.09551)
Size: (0.221488, 0.165999, 0.108788)

Position: (-0.716178, -1.05164, -0.113126)
Size: (0.170823, 0.209306, 0.091957)

Position: (-0.60039, -1.49892, 0.493972)
Size: (0.0722291, 0.162055, 0.24167)

Position: (-1.02732, 0.0413665, -0.653132)
Size: (0.123001, 0.233514, 0.277904)

