Position: (-0.686845, 0.498442, -0.816765)
Size: (0.1618, 0.0692865, 0.0926345)

Position: (-1.47194, 1.02709, -0.00879274)
Size: (0.107667, 0.0773947, 0.0293629)

Position: (0.0688719, -0.794102, 1.49247)
Size: (0.298481, 0.00821233, 0.155289)

Position: (-0.303485, 0.300148, 0.618545)
Size: (0.22403, 0.0370961, 0.0237257)

Position: (0.1513, -1.21459, 0.403648)
Size: (0.0611876, 0.095387, 0.00363092)

Position: (0.50744, 0.713541, 1.03834)
Size: (0.196894, 0.0199617, 0.151485)

Position: (0.549742, -0.496748, 0.766235)
Size: (0.235404, 0.250696, 0.250315)

Position: (-0.415505, 1.48582, 0.672009)
Size: (0.0373602, 0.104416, 0.160717)

