Position: (0.546745, -0.568343, -1.40718)
Size: (0.201501, 0.127745, 0.0423072)

Position: (1.44219, 0.897265, -0.105224)
Size: (0.13772, 0.25326, 0.268869)

Position: (0.513688, -1.38167, -0.753389)
Size: (0.281336, 0.156088, 0.203841)

Position: (1.14432, 1.14077, -0.261583)
Size: (0.0410409, 0.276541, 0.185099)

Position: (0.84697, 1.23033, 0.338463)
Size: (0.201568, 0.123615, 0.0968705)

Position: (0.895319, 0.764301, 0.257966)
Size: (0.0745223, 0.208769, 0.180494)

Position: (1.22536, -1.0955, 0.937493)
Size: (0.0676966, 0.140379, 0.103439)

Position: (0.48718, -0.443545, 0.101484)
Size: (0.0619212, 0.260768, 0.137981)

