Position: (-1.08649, -0.389392, -0.245796)
Size: (0.199412, 0.110573, 0.289316)

Position: (-1.49541, 0.10394, -0.65801)
Size: (0.00721852, 0.0892976, 0.194022)

Position: (-1.44732, -0.667403, -0.74464)
Size: (0.0967261, 0.114489, 0.244843)

Position: (0.851642, -0.764176, -0.504399)
Size: (0.159518, 0.0935708, 0.063346)

Position: (1.42838, -0.516519, 1.04945)
Size: (0.0245963, 0.294368, 0.244306)

Position: (0.472892, -1.36351, 0.299395)
Size: (0.296765, 0.168881, 0.275567)

Position: (-0.51133, -1.29078, -0.63941)
Size: (0.0889229, 0.0645729, 0.181038)

Position: (-0.443677, -0.5496, 0.577931)
Size: (0.197182, 0.171294, 0.101018)

