Position: (-0.0292195, -0.252433, 1.24373)
Size: (0.115996, 0.290435, 0.0937782)

Position: (1.14323, -1.435, -0.969034)
Size: (0.2338, 0.272719, 0.0871267)

Position: (0.0546868, -1.04881, 0.50589)
Size: (0.117637, 0.295881, 0.165618)

Position: (-0.572525, 1.44216, -0.981116)
Size: (0.063022, 0.236953, 0.14649)

Position: (0.472355, -0.0446481, -0.946754)
Size: (0.0802639, 0.213678, 0.00263753)

Position: (1.33805, -1.30336, 0.0943345)
Size: (0.287523, 0.191195, 0.0874125)

Position: (1.01219, -0.0690752, -0.321653)
Size: (0.104587, 0.195953, 0.0180787)

Position: (0.248518, -1.46521, -0.593702)
Size: (0.0285445, 0.282848, 0.230507)

