Position: (0.662419, -0.938614, -0.653938)
Size: (0.268641, 0.242386, 0.270636)

Position: (0.608908, 0.272836, 0.107398)
Size: (0.129763, 0.070266, 0.0905065)

Position: (1.25148, 0.524679, 1.11306)
Size: (0.282945, 0.00999129, 0.254776)

Position: (-1.28183, -0.0244149, 0.159079)
Size: (0.0169223, 0.175049, 0.277998)

Position: (0.388717, 0.391647, 1.46794)
Size: (0.251718, 0.0458869, 0.154232)

Position: (-0.977426, 1.27687, -0.124954)
Size: (0.0795224, 0.292424, 0.279751)

Position: (-0.480773, 0.92113, 0.102202)
Size: (0.197403, 0.285168, 0.174175)

Position: (-0.595362, -0.488909, -1.4447)
Size: (0.099319, 0.0115682, 0.103975)

