Position: (1.17831, -0.0225893, 0.903873)
Size: (0.0147646, 0.155769, 0.118302)

Position: (0.0702421, 0.307084, 1.28397)
Size: (0.106394, 0.0018119, 0.0470187)

Position: (-1.17511, 0.283994, 0.0819488)
Size: (0.0538422, 0.106422, 0.178627)

Position: (-1.4683, -0.648545, 1.38091)
Size: (0.228628, 0.0943629, 0.0652181)

Position: (-1.26841, -0.273239, 0.467156)
Size: (0.28963, 0.275658, 0.136939)

Position: (-0.190884, 0.515929, 0.682208)
Size: (0.267452, 0.233275, 0.281903)

Position: (-1.22342, 1.04901, -1.0375)
Size: (0.0662713, 0.0184836, 0.272458)

Position: (-1.00529, 1.35635, -0.400923)
Size: (0.238065, 0.138307, 0.277709)

