Position: (-1.44212, 1.48657, 0.568441)
Size: (0.1426, 0.101386, 0.130488)

Position: (-0.952123, 0.116166, -0.515017)
Size: (0.0738597, 0.174832, 0.198946)

Position: (-0.922944, -0.603885, 0.610898)
Size: (0.192873, 0.0140442, 0.162097)

Position: (0.487811, -0.948869, 1.31952)
Size: (0.104275, 0.221157, 0.297422)

Position: (1.09821, 1.42157, 0.544659)
Size: (0.209699, 0.100003, 0.284857)

Position: (-0.736943, -1.12596, 0.375892)
Size: (0.140111, 0.179738, 0.00135802)

Position: (-1.48863, 0.242178, 0.672308)
Size: (0.060049, 0.171318, 0.228978)

Position: (0.219749, -0.0253495, 0.144658)
Size: (0.170948, 0.200815, 0.140474)

