Position: (-0.426503, -1.20671, -1.05553)
Size: (0.298552, 0.0788658, 0.279867)

Position: (-0.982513, 0.318736, 1.00577)
Size: (0.299829, 0.181197, 0.000337225)

Position: (-0.690295, 1.37585, -0.110162)
Size: (0.0600555, 0.123318, 0.287928)

Position: (1.23856, 0.522924, 1.07759)
Size: (0.00103933, 0.17138, 0.097372)

Position: (-1.18613, 1.48689, 1.37039)
Size: (0.109287, 0.175767, 0.0987876)

Position: (-0.242446, 1.05881, 0.227927)
Size: (0.287684, 0.00328503, 0.0157508)

Position: (1.42997, 1.16234, 1.14499)
Size: (0.153695, 0.191774, 0.241863)

Position: (1.3747, 0.857571, -0.172341)
Size: (0.279733, 0.290803, 0.137637)

