Position: (-0.0362409, 0.331639, 1.3248)
Size: (0.205258, 0.208001, 0.206418)

Position: (-0.0693847, -1.29582, -1.11297)
Size: (0.154788, 0.199171, 0.185866)

Position: (-0.0396623, 0.252645, 0.143384)
Size: (0.1986, 0.142892, 0.147124)

Position: (0.27299, 0.156193, 0.907961)
Size: (0.276812, 0.118471, 0.0891832)

Position: (0.00965232, 0.5383, -0.174568)
Size: (0.193535, 0.209986, 0.0305357)

Position: (-1.46845, 1.23581, 0.508541)
Size: (0.101462, 0.181316, 0.26931)

Position: (-0.274342, -1.20509, 0.964733)
Size: (0.0781509, 0.237589, 0.227638)

Position: (1.14785, 1.17326, 1.22744)
Size: (0.254817, 0.17611, 0.263564)

