Position: (0.290879, 0.504491, -1.38444)
Size: (0.213194, 0.26025, 0.269122)

Position: (-1.10407, 0.233441, 0.125706)
Size: (0.0463286, 0.099789, 0.152005)

Position: (0.224286, -0.514425, 0.485437)
Size: (0.112837, 0.286614, 0.191432)

Position: (1.0306, -1.28829, 1.45364)
Size: (0.105009, 0.174888, 0.190375)

Position: (0.982633, -0.735454, 0.718514)
Size: (0.270293, 0.0388586, 0.297574)

Position: (1.14479, -0.802349, -1.48499)
Size: (0.184879, 0.232215, 0.295648)

Position: (-0.915469, -1.18669, -1.23158)
Size: (0.068347, 0.202693, 0.278523)

Position: (0.806131, -0.0462229, -0.45887)
Size: (0.209675, 0.0920863, 0.182661)

