Position: (0.0365052, 0.278864, 0.729635)
Size: (0.118429, 0.299626, 0.0465771)

Position: (0.89856, -1.29206, 0.753799)
Size: (0.236123, 0.282366, 0.234609)

Position: (1.45214, 0.830747, -1.2749)
Size: (0.0589846, 0.176783, 0.0790145)

Position: (-1.30701, 0.00214858, 0.0599671)
Size: (0.105107, 0.000651583, 0.0719791)

Position: (-1.48377, -0.0526888, 1.46752)
Size: (0.282559, 0.172605, 0.170057)

Position: (1.3156, -0.115605, 0.754075)
Size: (0.259234, 0.219629, 0.262018)

Position: (0.00686099, -1.36906, -0.0609019)
Size: (0.15502, 0.0962908, 0.0320269)

Position: (0.441445, 0.0607991, 0.218986)
Size: (0.227031, 0.14213, 0.253263)

