Position: (0.248574, -0.287292, -0.820702)
Size: (0.176386, 0.175637, 0.187953)

Position: (0.0245178, 0.847841, -1.25428)
Size: (0.0744252, 0.226767, 0.200899)

Position: (-1.05296, 0.896498, 0.806445)
Size: (0.133914, 0.22142, 0.139617)

Position: (-0.516984, 1.16203, 0.535847)
Size: (0.0682938, 0.234487, 0.224699)

Position: (0.221881, 0.640474, -1.29733)
Size: (0.0297708, 0.0422312, 0.277822)

Position: (0.444094, -0.224809, 0.401666)
Size: (0.278407, 0.250831, 0.279239)

Position: (0.925561, 1.4425, -0.651087)
Size: (0.290276, 0.103202, 0.174886)

Position: (-0.0256338, 0.521245, 1.26523)
Size: (0.166639, 0.0235965, 0.262721)

