Position: (-0.103299, 0.112534, -1.30727)
Size: (0.146504, 0.293363, 0.164862)

Position: (0.266798, -0.814497, -0.214777)
Size: (0.0404785, 0.265938, 0.0446794)

Position: (0.29282, 0.219416, 0.198361)
Size: (0.0134276, 0.229144, 0.244378)

Position: (-1.15405, -0.350429, 0.382404)
Size: (0.143365, 0.188806, 0.0962129)

Position: (-0.885659, -0.321651, -0.806468)
Size: (0.265673, 0.29113, 0.04561)

Position: (0.326509, 0.749192, -1.42892)
Size: (0.168047, 0.0757724, 0.116924)

Position: (-1.17991, 0.899117, 0.638951)
Size: (0.118422, 0.172665, 0.242578)

Position: (-1.27796, -0.0488674, 1.0909)
Size: (0.112363, 0.219811, 0.297604)

