Position: (-0.483629, -1.14156, 0.480422)
Size: (0.0825991, 0.124035, 0.0358515)

Position: (-0.557104, -1.07926, 0.453809)
Size: (0.0419903, 0.106792, 0.155291)

Position: (-0.368143, 0.153714, -0.555964)
Size: (0.0768511, 0.24811, 0.169824)

Position: (1.36541, 0.364133, 0.855184)
Size: (0.179019, 0.286036, 0.19168)

Position: (1.00479, -1.24013, -0.837611)
Size: (0.0752174, 0.0463611, 0.266014)

Position: (0.714102, -0.323464, -0.0325697)
Size: (0.239713, 0.260172, 0.204438)

Position: (0.290727, 0.506613, -1.00956)
Size: (0.138036, 0.168872, 0.117347)

Position: (1.14507, -0.201157, 0.0141663)
Size: (0.176047, 0.214481, 0.190093)

