Position: (-0.618669, -0.0625591, -0.0696943)
Size: (0.187637, 0.055797, 0.271291)

Position: (0.208672, 0.469226, 0.508632)
Size: (0.0233507, 0.163446, 0.210437)

Position: (-0.695963, 0.504741, 0.433261)
Size: (0.202115, 0.150392, 0.1571)

Position: (-0.278803, 0.825118, 0.657387)
Size: (0.0282868, 0.159583, 0.0518806)

Position: (1.18433, 1.10679, -1.08245)
Size: (0.0707643, 0.0475848, 0.237859)

Position: (-0.256263, -1.12155, -0.367442)
Size: (0.0783158, 0.265584, 0.270131)

Position: (-1.32931, 1.20029, 1.34207)
Size: (0.186579, 0.181777, 0.03239)

Position: (-0.0754112, 1.24651, -0.510911)
Size: (0.0585494, 0.128092, 0.197418)

