Position: (0.178796, 0.14492, -0.364594)
Size: (0.294027, 0.267658, 0.151361)

Position: (0.850558, -1.08252, 0.299468)
Size: (0.00454603, 0.151466, 0.0997014)

Position: (0.448307, -0.31594, -0.813077)
Size: (0.173706, 0.179169, 0.281671)

Position: (-0.0813939, 0.185607, 1.18622)
Size: (0.272182, 0.17059, 0.276238)

Position: (-0.65439, 0.387429, 0.0041443)
Size: (0.00680199, 0.254543, 0.291467)

Position: (0.235603, 0.239151, 1.07993)
Size: (0.125678, 0.0572433, 0.0657388)

Position: (-0.140932, 1.38066, 0.0602313)
Size: (0.00117425, 0.0827867, 0.236567)

Position: (-0.387166, -1.23146, -1.49194)
Size: (0.272864, 0.0445441, 0.222386)

