Position: (1.32393, 1.34318, 0.699018)
Size: (0.207687, 0.293425, 0.195693)

Position: (-1.20126, 0.830785, -0.283753)
Size: (0.00426278, 0.212811, 0.105557)

Position: (-0.0232063, -0.000371174, 0.321233)
Size: (0.00953832, 0.0634219, 0.0876478)

Position: (-1.33384, -0.505045, -0.321343)
Size: (0.250906, 0.1053, 0.139578)

Position: (0.433309, -0.700482, -0.303909)
Size: (0.133085, 0.166662, 0.0463069)

Position: (1.37902, -1.31062, 0.341779)
Size: (0.201416, 0.0512948, 0.0790791)

Position: (-0.253244, -1.45039, -1.07)
Size: (0.16439, 0.217341, 0.171237)

Position: (-1.35932, 0.7689, -1.4176)
Size: (0.212456, 0.258404, 0.161294)

