Position: (0.952462, 1.02784, 0.184005)
Size: (0.151551, 0.0844224, 0.056264)

Position: (-1.35205, -1.32243, 0.754305)
Size: (0.00446265, 0.129065, 0.167116)

Position: (1.3357, -0.354732, -0.0470746)
Size: (0.218601, 0.0725451, 0.0722247)

Position: (-0.733759, -0.922517, -0.406619)
Size: (0.191082, 0.226718, 0.16042)

Position: (0.426545, -0.653877, -1.16279)
Size: (0.246714, 0.0453464, 0.209672)

Position: (-0.447634, -0.761393, -1.35332)
Size: (0.0304866, 0.2343, 0.222674)

Position: (1.33432, -0.283542, -0.223256)
Size: (0.00965571, 0.24129, 0.120429)

Position: (-1.05461, 1.34445, -1.11345)
Size: (0.0679486, 0.20686, 0.209671)

