Position: (0.602504, -1.25187, -1.32143)
Size: (0.12733, 0.250391, 0.118251)

Position: (-0.0804588, -0.292191, 1.31787)
Size: (0.00326301, 0.285695, 0.160964)

Position: (0.898079, -1.04653, 1.4646)
Size: (0.0154636, 0.178149, 0.173683)

Position: (1.03278, -1.03861, -0.633947)
Size: (0.170534, 0.228815, 0.236054)

Position: (1.2171, -0.383188, -1.13274)
Size: (0.276327, 0.286134, 0.107497)

Position: (-0.943408, 0.9928, -0.278948)
Size: (0.293116, 0.16098, 0.237572)

Position: (0.574028, -0.413864, 0.682321)
Size: (0.226982, 0.0885552, 0.0738452)

Position: (0.894704, 1.0393, 0.432288)
Size: (0.244064, 0.286913, 0.0517154)

