Position: (1.10469, -0.960183, -1.31228)
Size: (0.129055, 0.000711342, 0.161652)

Position: (-0.674992, 1.33223, 0.371995)
Size: (0.137652, 0.294431, 0.162966)

Position: (0.926892, -0.227069, 1.41847)
Size: (0.00161254, 0.277126, 0.00672019)

Position: (-0.492014, -0.54006, -1.49619)
Size: (0.248668, 0.0995893, 0.256073)

Position: (-1.23765, -1.32188, -1.19358)
Size: (0.246774, 0.188286, 0.0702058)

Position: (0.215745, 0.860404, -1.49563)
Size: (0.120706, 0.0531974, 0.182935)

Position: (-1.43442, 0.284391, -0.143211)
Size: (0.0403286, 0.162433, 0.174156)

Position: (0.951472, 1.42769, 1.22716)
Size: (0.09341, 0.0460594, 0.0662145)

