Position: (0.961433, -0.804766, -0.434019)
Size: (0.0450519, 0.296929, 0.253451)

Position: (-0.20555, -1.05404, 0.357673)
Size: (0.0319731, 0.10586, 0.122979)

Position: (-0.516766, -0.234844, 0.162954)
Size: (0.024069, 0.205143, 0.202539)

Position: (0.210141, 0.450236, 0.902355)
Size: (0.295076, 0.187519, 0.296174)

Position: (-0.188985, -0.598122, -1.34131)
Size: (0.235032, 0.235117, 0.055014)

Position: (0.990405, -0.585508, 0.952278)
Size: (0.02049, 0.0967824, 0.0240835)

Position: (-0.676762, 0.824862, -1.0577)
Size: (0.00354849, 0.0977697, 0.220146)

Position: (0.264204, -1.1667, -0.275644)
Size: (0.290027, 0.256327, 0.225368)

