Position: (-0.884028, -0.880152, 0.822839)
Size: (0.126668, 0.262734, 0.222168)

Position: (-1.09173, -0.350652, 1.40664)
Size: (0.0265636, 0.143074, 0.298596)

Position: (1.32694, -0.242008, -0.639695)
Size: (0.209531, 0.126066, 0.180823)

Position: (1.36076, -0.681834, -1.28059)
Size: (0.165423, 0.140229, 0.146712)

Position: (0.879357, -0.307065, 0.961821)
Size: (0.0115881, 0.0913779, 0.0592677)

Position: (1.36681, -1.05058, -0.338652)
Size: (0.0373441, 0.0907093, 0.0330584)

Position: (-0.88912, -0.642594, 0.577847)
Size: (0.149595, 0.0562107, 0.285195)

Position: (-1.25154, -0.43933, 1.38018)
Size: (0.259237, 0.27371, 0.00247105)

