Position: (1.40088, 1.23765, 0.70562)
Size: (0.0871379, 0.0721829, 0.182958)

Position: (-0.94022, 0.00903827, 0.0940356)
Size: (0.13782, 0.0901179, 0.268909)

Position: (0.875023, 0.12989, -1.02113)
Size: (0.0497885, 0.206783, 0.0792799)

Position: (-1.18045, 1.46891, -0.229247)
Size: (0.177519, 0.274946, 0.219521)

Position: (0.821855, -0.93383, 0.680895)
Size: (0.293218, 0.138789, 0.240189)

Position: (0.66628, -0.330669, -0.102279)
Size: (0.140444, 0.108137, 0.00895373)

Position: (-0.678526, 0.0135564, -1.3458)
Size: (0.166877, 0.089236, 0.231479)

Position: (-1.05311, 0.860979, 0.756288)
Size: (0.27177, 0.186002, 0.287427)

