Position: (-0.9778, -1.12956, -1.48058)
Size: (0.127099, 0.212536, 0.163464)

Position: (-1.11919, 0.892291, -0.804613)
Size: (0.277602, 0.0687714, 0.110762)

Position: (0.512796, -0.894074, 0.137113)
Size: (0.104485, 0.0665093, 0.185902)

Position: (1.17744, 0.0896098, -0.109151)
Size: (0.109621, 0.261928, 0.0601396)

Position: (-1.06149, -0.231772, 1.21603)
Size: (0.0619793, 0.125463, 0.249051)

Position: (0.280587, -0.478603, 0.675687)
Size: (0.244137, 0.218917, 0.110153)

Position: (-1.13119, 0.276595, 0.310177)
Size: (0.229992, 0.213637, 0.260597)

Position: (0.100435, -0.507191, 0.993669)
Size: (0.11036, 0.203513, 0.293961)

