Position: (-1.43437, -0.288549, 1.49694)
Size: (0.29485, 0.257473, 0.0662153)

Position: (-0.344527, -1.38588, 0.430219)
Size: (0.0129346, 0.278853, 0.0980107)

Position: (0.259292, 1.45805, 0.978202)
Size: (0.0498176, 0.084904, 0.289977)

Position: (-1.47225, 0.502879, -1.35341)
Size: (0.237015, 0.227592, 0.137065)

Position: (0.243351, 1.0263, 0.545271)
Size: (0.0619685, 0.214923, 0.0200926)

Position: (1.12231, -1.05071, -0.818449)
Size: (0.101281, 0.230037, 0.0374618)

Position: (-0.887426, 0.723596, 0.521576)
Size: (0.23276, 0.253604, 0.0271566)

Position: (1.20616, 0.463841, 0.649057)
Size: (0.000165297, 0.244514, 0.0880026)

