Position: (-1.33027, 0.940888, 0.102021)
Size: (0.117096, 0.077365, 0.027989)

Position: (0.945703, 0.157977, -0.0758573)
Size: (0.20191, 0.203526, 0.137917)

Position: (1.31377, 1.0476, 0.350107)
Size: (0.293542, 0.013139, 0.254845)

Position: (1.0945, 0.998649, -1.3259)
Size: (0.0557049, 0.228076, 0.243807)

Position: (-1.02591, -0.284843, 1.36978)
Size: (0.000277478, 0.182457, 0.0403527)

Position: (0.790808, -0.711198, 1.27537)
Size: (0.265567, 0.0571542, 0.164282)

Position: (1.44152, -0.5806, -0.604681)
Size: (0.142137, 0.216764, 0.00763357)

Position: (0.611408, -0.488172, 0.557959)
Size: (0.141057, 0.224712, 0.230302)

