Position: (-0.052244, -0.415847, -0.556345)
Size: (0.28009, 0.195675, 0.190645)

Position: (1.31232, 1.153, -1.45317)
Size: (0.0382667, 0.289474, 0.223051)

Position: (-0.689623, -0.736804, -0.0331868)
Size: (0.0634239, 0.102007, 0.26789)

Position: (0.114846, -0.20358, 1.0905)
Size: (0.17051, 0.0571941, 0.0792746)

Position: (-0.188967, -1.29115, 1.2599)
Size: (0.288361, 0.299719, 0.190175)

Position: (0.378553, 0.382435, -0.378743)
Size: (0.0273993, 0.281744, 0.0728328)

Position: (-1.32082, -0.63057, -1.24367)
Size: (0.119204, 0.00874891, 0.0663521)

Position: (-0.218147, -1.30061, 0.636772)
Size: (0.251654, 0.294027, 0.142927)

