Position: (-0.373641, -0.565616, -0.965108)
Size: (0.292195, 0.0384157, 0.115025)

Position: (0.375897, -0.0703795, 0.703255)
Size: (0.279944, 0.0880437, 0.147928)

Position: (0.0321269, 0.226541, -0.736574)
Size: (0.0736001, 0.181285, 0.12896)

Position: (0.331715, 1.08059, 0.45926)
Size: (0.149954, 0.138797, 0.0340782)

Position: (-0.923543, 0.548791, -1.15016)
Size: (0.20373, 0.0785554, 0.0993729)

Position: (1.0438, 0.0673442, 1.02513)
Size: (0.0839317, 0.18867, 0.29328)

Position: (0.13866, 0.0439843, -0.455022)
Size: (0.267498, 0.0188198, 0.239293)

Position: (0.987383, -0.334751, -0.186471)
Size: (0.0395863, 0.0756309, 0.0907384)

