Position: (1.07773, 0.48803, -1.47353)
Size: (0.155788, 0.264402, 0.0774171)

Position: (-0.359339, -1.46042, -0.447527)
Size: (0.111084, 0.219576, 0.0839481)

Position: (1.11139, -1.06229, 0.349959)
Size: (0.267228, 0.294649, 0.116829)

Position: (0.26741, -0.553104, 1.49168)
Size: (0.230579, 0.186092, 0.0899921)

Position: (1.15867, -0.54899, 0.934868)
Size: (0.104839, 0.0212345, 0.0530826)

Position: (1.37566, -0.532663, -0.980906)
Size: (0.296324, 0.107731, 0.0488417)

Position: (-1.17159, -0.119186, -1.27676)
Size: (0.0641235, 0.234305, 0.277273)

Position: (0.578047, -0.928212, -0.525441)
Size: (0.184016, 0.126033, 0.0135988)

