Position: (0.125091, -0.420733, -1.45409)
Size: (0.159438, 0.277509, 0.182085)

Position: (-0.984371, -0.524445, 0.097142)
Size: (0.00644123, 0.0206048, 0.135275)

Position: (-1.03322, -0.650902, 1.19311)
Size: (0.125511, 0.217114, 0.1593)

Position: (-0.330088, 1.26432, 0.149501)
Size: (0.27784, 0.0221387, 0.22726)

Position: (1.00164, 1.19277, 0.689858)
Size: (0.158667, 0.0518904, 0.0474238)

Position: (0.797525, 0.914045, -0.218344)
Size: (0.157579, 0.21818, 0.254339)

Position: (1.0855, 0.214255, -0.47765)
Size: (0.202683, 0.0439086, 0.103549)

Position: (0.801589, 1.12318, -0.780672)
Size: (0.0456976, 0.172719, 0.0673509)

