Position: (-0.102245, -0.331745, 0.527154)
Size: (0.266303, 0.108523, 0.00186678)

Position: (0.747471, -1.25192, -0.669636)
Size: (0.111266, 0.104973, 0.177308)

Position: (0.382194, -0.583375, 1.40171)
Size: (0.203699, 0.24443, 0.113634)

Position: (0.27862, 1.16168, -0.929367)
Size: (0.0120616, 0.132366, 0.0593739)

Position: (1.37998, 0.595397, 1.49767)
Size: (0.0665876, 0.0390495, 0.0311885)

Position: (0.90207, 1.45336, 1.036)
Size: (0.128648, 0.291126, 0.0729474)

Position: (-0.83949, 1.04848, 0.35715)
Size: (0.145047, 0.0326891, 0.19965)

Position: (1.17479, -0.233697, 0.463351)
Size: (0.272816, 0.115526, 0.0200776)

