Position: (1.14499, -0.830903, -1.20056)
Size: (0.0471334, 0.00484309, 0.170543)

Position: (0.0558478, 1.29913, -0.927084)
Size: (0.242706, 0.00346922, 0.266786)

Position: (-0.0869284, 1.09805, -1.38142)
Size: (0.156095, 0.0891854, 0.1026)

Position: (0.401283, 0.551695, 1.29396)
Size: (0.255944, 0.00153468, 0.126179)

Position: (0.165791, 1.13889, -1.33777)
Size: (0.142923, 0.127107, 0.105098)

Position: (-0.580991, 0.862458, -1.39694)
Size: (0.210481, 0.25797, 0.055993)

Position: (0.706506, 0.900623, -0.585608)
Size: (0.044449, 0.297312, 0.193571)

Position: (1.47051, 1.42813, 0.0445645)
Size: (0.246499, 0.15032, 0.0861418)

