Position: (-0.842091, 0.696409, 0.77266)
Size: (0.0183785, 0.269558, 0.2885)

Position: (1.30426, 0.808553, 1.2641)
Size: (0.267301, 0.0864013, 0.153454)

Position: (-0.160241, -0.640589, -0.330632)
Size: (0.0497282, 0.0916432, 0.262307)

Position: (0.27194, 0.815778, 1.43575)
Size: (0.209105, 0.18067, 0.0762853)

Position: (-0.155637, 1.35979, -0.806007)
Size: (0.0821844, 0.261285, 0.151299)

Position: (-0.648992, -0.272841, -1.28255)
Size: (0.0915152, 0.212557, 0.122551)

Position: (0.749474, 0.510262, 1.10204)
Size: (0.00283108, 0.219175, 0.130188)

Position: (1.30918, 1.49161, 1.48159)
Size: (0.0619483, 0.259885, 0.220532)

