Position: (0.654703, -0.40149, 1.33091)
Size: (0.165693, 0.0873208, 0.104688)

Position: (1.35324, 0.545334, -0.809731)
Size: (0.102503, 0.0364137, 0.201376)

Position: (0.186482, -1.4979, 1.40148)
Size: (0.284488, 0.257798, 0.190425)

Position: (0.0752226, -0.385382, -0.158406)
Size: (0.292663, 0.0216871, 0.139538)

Position: (0.958249, -0.753094, -1.02869)
Size: (0.247527, 0.12711, 0.261278)

Position: (1.43596, -0.974261, 0.301314)
Size: (0.170715, 0.0276488, 0.0878801)

Position: (-0.0418488, -0.103975, 0.462626)
Size: (0.0306035, 0.207412, 0.0137194)

Position: (-0.335266, -0.138684, 0.394526)
Size: (0.125492, 0.0327753, 0.0594544)

