Position: (0.314323, 0.147617, -0.132812)
Size: (0.168538, 0.0397062, 0.0992531)

Position: (0.51172, -0.914251, 0.220841)
Size: (0.115139, 0.230514, 0.0184836)

Position: (-1.0419, 0.812578, 0.0649628)
Size: (0.229103, 0.272942, 0.273652)

Position: (-0.66118, 0.701437, -0.385088)
Size: (0.23917, 0.0203518, 0.164121)

Position: (0.906064, 0.822513, -0.187748)
Size: (0.26911, 0.0277211, 0.249636)

Position: (-0.525966, -0.727736, 0.191526)
Size: (0.0305848, 0.0170574, 0.120042)

Position: (-1.06813, -0.502069, 1.42065)
Size: (0.166392, 0.264441, 0.235241)

Position: (-1.41806, 0.53483, 1.00797)
Size: (0.201281, 0.155506, 0.276563)

