Position: (1.19694, -0.489332, 0.624115)
Size: (0.0256045, 0.143866, 0.0751404)

Position: (-0.306721, 0.385541, 0.274497)
Size: (0.131839, 0.0461373, 0.263062)

Position: (0.573389, -0.507534, 1.33156)
Size: (0.125997, 0.0901444, 0.15991)

Position: (1.39734, 0.00410474, 0.184116)
Size: (0.107731, 0.0729879, 0.0838591)

Position: (1.04152, 0.974932, -0.264435)
Size: (0.114618, 0.00650399, 0.0507663)

Position: (0.698868, 1.01484, 1.03933)
Size: (0.0139284, 0.0398896, 0.253371)

Position: (0.0206767, -0.992921, -1.29103)
Size: (0.0308146, 0.0916364, 0.169147)

Position: (-0.289639, 0.734623, -0.307449)
Size: (0.212468, 0.173159, 0.0624701)

