Position: (0.276465, 1.20436, -0.285966)
Size: (0.129114, 0.165705, 0.0484295)

Position: (0.966681, 0.144505, 0.539317)
Size: (0.164426, 0.198597, 0.0288856)

Position: (1.2312, 0.88614, -0.587823)
Size: (0.259588, 0.0446374, 0.115865)

Position: (-0.471731, -0.100187, -0.0130085)
Size: (0.0902993, 0.287956, 0.0929305)

Position: (0.693641, 0.0178512, 0.859663)
Size: (0.111163, 0.130204, 0.156382)

Position: (1.01644, 0.343194, 1.11457)
Size: (0.157958, 0.0168036, 0.179164)

Position: (-0.0986973, 0.709545, 0.564886)
Size: (0.159274, 0.0607093, 0.15696)

Position: (1.31713, 1.39688, 0.0718039)
Size: (0.283383, 0.266305, 0.136256)

