Position: (0.268475, -1.42946, -0.203762)
Size: (0.0360145, 0.00519103, 0.0676873)

Position: (0.170193, -0.0927035, 0.578065)
Size: (0.040651, 0.0909288, 0.296257)

Position: (-1.25783, 0.477024, -0.803771)
Size: (0.275725, 0.0747721, 0.0962397)

Position: (0.634014, -1.45825, 0.989032)
Size: (0.244432, 0.0742894, 0.145265)

Position: (0.635421, -0.0712562, 1.46963)
Size: (0.155059, 0.174541, 0.281085)

Position: (-0.326066, -1.00296, -0.454874)
Size: (0.0471726, 0.292709, 0.224074)

Position: (1.44563, 0.667571, 0.714868)
Size: (0.100669, 0.110669, 0.0556552)

Position: (-1.19896, -1.47249, -0.263381)
Size: (0.21355, 0.189355, 0.00505491)

