Position: (-0.806275, -0.216396, -0.456843)
Size: (0.115083, 0.269015, 0.200047)

Position: (1.30687, -0.111903, 0.372996)
Size: (0.261952, 0.251723, 0.0615536)

Position: (1.30851, -0.0681683, -1.24541)
Size: (0.0618771, 0.0272616, 0.118729)

Position: (0.41873, -0.353732, -1.13258)
Size: (0.0381748, 0.123328, 0.125148)

Position: (-0.486136, 0.81045, 0.768531)
Size: (0.275217, 0.25709, 0.123345)

Position: (1.46143, -0.0690176, -1.01051)
Size: (0.164163, 0.0468903, 0.128942)

Position: (-1.08582, -0.959503, 0.593063)
Size: (0.279854, 0.175555, 0.084265)

Position: (1.29996, -1.43991, -0.630307)
Size: (0.17611, 0.148976, 0.213193)

