Position: (-1.30196, 1.03554, -0.796439)
Size: (0.0588083, 0.123872, 0.158205)

Position: (-1.00676, -0.248537, 0.184866)
Size: (0.0784427, 0.0294809, 0.158296)

Position: (0.727738, 0.271916, -0.129433)
Size: (0.180156, 0.264066, 0.104943)

Position: (-0.321434, 0.088717, -1.44242)
Size: (0.232036, 0.295435, 0.0897225)

Position: (1.19473, 1.07681, -1.19219)
Size: (0.214575, 0.0286664, 0.114669)

Position: (-0.882867, 0.787384, 0.258262)
Size: (0.287518, 0.145644, 0.256946)

Position: (0.870501, -0.734733, 0.79621)
Size: (0.0681702, 0.127462, 0.154365)

Position: (1.08669, 0.196061, -0.96537)
Size: (0.125834, 0.191159, 0.264075)

