Position: (-0.724636, 0.411086, 1.26109)
Size: (0.138155, 0.0526539, 0.0736836)

Position: (0.508875, 1.38168, 0.978687)
Size: (0.0460888, 0.141663, 0.161309)

Position: (-0.505426, 1.0701, -1.18825)
Size: (0.215173, 0.0402476, 0.0313202)

Position: (1.05597, 1.20852, -1.41084)
Size: (0.00158115, 0.0913717, 0.253543)

Position: (-0.749625, 1.439, 1.23586)
Size: (0.0141168, 0.147467, 0.121169)

Position: (-0.0253227, 0.823522, -0.150414)
Size: (0.125215, 0.0225954, 0.206699)

Position: (0.245317, 1.02677, -1.12215)
Size: (0.0117687, 0.185904, 0.120431)

Position: (-0.339514, -1.1808, 0.187496)
Size: (0.26664, 0.0897852, 0.0447541)

