Position: (-1.08232, 0.924213, -0.437631)
Size: (0.0986851, 0.113035, 0.0911772)

Position: (0.474839, 0.288545, -0.64587)
Size: (0.199728, 0.221318, 0.20917)

Position: (-1.1346, 0.434017, 0.62461)
Size: (0.0210121, 0.211379, 0.270376)

Position: (0.891674, 0.692419, 0.570329)
Size: (0.130966, 0.265626, 0.29538)

Position: (0.952243, 0.0213039, 0.285046)
Size: (0.258158, 0.0739912, 0.299218)

Position: (-1.02324, 1.15353, -0.484614)
Size: (0.091834, 0.0933693, 0.24775)

Position: (0.716507, 0.847473, 1.25075)
Size: (0.234747, 0.169126, 0.172734)

Position: (0.916612, -0.95639, -0.912874)
Size: (0.247293, 0.179337, 0.252558)

