Position: (0.911509, 0.24634, -1.39495)
Size: (0.222182, 0.157002, 0.111831)

Position: (-0.0384813, 0.484756, -1.11541)
Size: (0.151821, 0.194072, 0.273927)

Position: (0.8153, 1.14271, 1.37336)
Size: (0.00869147, 0.028909, 0.122083)

Position: (-1.31448, -0.41282, -1.31842)
Size: (0.0356125, 0.108789, 0.177483)

Position: (-0.298445, -0.488696, 0.909711)
Size: (0.174465, 0.263545, 0.0614242)

Position: (0.713613, 1.10452, 1.00393)
Size: (0.127247, 0.175876, 0.0356154)

Position: (-0.671999, -1.42056, -0.0182085)
Size: (0.281786, 0.149337, 0.281698)

Position: (0.451334, -1.36291, -1.36922)
Size: (0.232388, 0.226704, 0.109638)

