Position: (0.483148, 0.733137, -1.01202)
Size: (0.149089, 0.108202, 0.247085)

Position: (-1.4389, -1.40961, -1.16074)
Size: (0.0229178, 0.0530074, 0.226108)

Position: (0.527026, 0.00973166, -0.797177)
Size: (0.138531, 0.286546, 0.203377)

Position: (0.697783, 1.09, -0.789093)
Size: (0.263439, 0.0109729, 0.299975)

Position: (1.16131, -0.940311, -0.0892544)
Size: (0.0370638, 0.126878, 0.153196)

Position: (-0.330776, -0.22878, 1.25918)
Size: (0.210204, 0.189535, 0.0838846)

Position: (1.21997, -0.518417, 0.679782)
Size: (0.15242, 0.22106, 0.208606)

Position: (0.464322, 1.37261, 1.06167)
Size: (0.0657483, 0.159782, 0.254057)

