Position: (-1.01007, 0.0328625, -0.99014)
Size: (0.0201491, 0.0339348, 0.258164)

Position: (0.120264, 1.33229, 0.847349)
Size: (0.175465, 0.187113, 0.212487)

Position: (0.863611, -0.569525, 0.238317)
Size: (0.101858, 0.217185, 0.0490242)

Position: (0.410279, -0.300788, -1.08268)
Size: (0.0200191, 0.249804, 0.265789)

Position: (-0.258353, -0.58089, 0.747071)
Size: (0.181246, 0.00595452, 0.130327)

Position: (0.513029, 1.4505, -0.615411)
Size: (0.284112, 0.173041, 0.00573152)

Position: (0.729824, 0.579626, -1.12289)
Size: (0.269044, 0.19254, 0.119442)

Position: (-0.0456508, -0.629145, 0.357959)
Size: (0.269974, 0.131066, 0.261645)

