Position: (-1.09431, -0.996305, -0.883993)
Size: (0.260228, 0.211273, 0.013917)

Position: (1.25648, -1.01206, -1.17624)
Size: (0.132851, 0.186334, 0.173476)

Position: (0.33576, 1.32739, -0.684127)
Size: (0.206137, 0.163602, 0.252995)

Position: (0.788923, -0.34123, -1.04715)
Size: (0.0336842, 0.175539, 0.117306)

Position: (-1.40276, 0.546369, -0.121941)
Size: (0.135815, 0.257745, 0.0383536)

Position: (1.48319, 0.258119, -0.301211)
Size: (0.197768, 0.0357053, 0.0717842)

Position: (-1.15259, -0.33405, -0.938959)
Size: (0.134206, 0.281948, 0.223728)

Position: (1.26747, -1.38139, 0.768803)
Size: (0.0666532, 0.1991, 0.188485)

