Position: (-0.386665, -0.580994, -0.74214)
Size: (0.0814754, 0.270685, 0.163978)

Position: (-0.600658, 1.06703, 0.275193)
Size: (0.150735, 0.297883, 0.0705774)

Position: (-0.267526, -0.533415, 1.0385)
Size: (0.118154, 0.151821, 0.165858)

Position: (-0.270404, 0.719379, -0.934647)
Size: (0.185681, 0.178031, 0.213956)

Position: (0.560574, -0.709025, -0.503708)
Size: (0.131598, 0.0832884, 0.0366423)

Position: (0.00279668, 0.400003, 1.48966)
Size: (0.26619, 0.288996, 0.118048)

Position: (1.37246, 1.14235, -0.275956)
Size: (0.192407, 0.00761662, 0.242705)

Position: (1.22096, -1.06818, -0.622772)
Size: (0.287334, 0.0717747, 0.27307)

