Position: (-0.3335, -0.284207, 1.27187)
Size: (0.135044, 0.210901, 0.251743)

Position: (1.13374, -0.212374, -1.00779)
Size: (0.073938, 0.104755, 0.111978)

Position: (-0.633986, 0.75183, 1.128)
Size: (0.271943, 0.183842, 0.15388)

Position: (1.16681, -0.92252, -0.176385)
Size: (0.0346827, 0.0528536, 0.282572)

Position: (0.522723, 1.10412, -0.647638)
Size: (0.156752, 0.00422183, 0.112615)

Position: (-1.40814, 0.584005, 1.13955)
Size: (0.0167143, 0.0252441, 0.206042)

Position: (-0.614268, -0.740968, 0.643921)
Size: (0.0873772, 0.0928379, 0.280253)

Position: (-0.387241, -0.826923, 1.34828)
Size: (0.0717484, 0.0627891, 0.182992)

