Position: (0.109727, -0.732829, 1.00554)
Size: (0.195893, 0.284006, 0.220218)

Position: (0.0870442, 0.361988, -0.760512)
Size: (0.119176, 0.05091, 0.18824)

Position: (0.137294, -0.489319, 0.535781)
Size: (0.228245, 0.13404, 0.129009)

Position: (-0.118977, -1.16001, -0.921451)
Size: (0.120817, 0.0773625, 0.0741415)

Position: (1.45796, -0.317407, 1.25193)
Size: (0.140929, 0.233764, 0.161359)

Position: (0.359983, -1.48167, -1.07515)
Size: (0.0225057, 0.123159, 0.0126249)

Position: (0.729245, 1.16652, -0.575438)
Size: (0.239059, 0.0564225, 0.227178)

Position: (0.314189, -0.286938, -0.422357)
Size: (0.0285826, 0.231838, 0.215311)

