Position: (1.02492, 1.31992, -1.12575)
Size: (0.268974, 0.245789, 0.212084)

Position: (0.394081, -1.34557, 1.09339)
Size: (0.144296, 0.123171, 0.122741)

Position: (-1.01246, 0.663167, 1.41397)
Size: (0.240277, 0.152978, 0.285947)

Position: (0.716559, 1.05537, -0.478796)
Size: (0.267743, 0.182929, 0.113271)

Position: (1.02415, 0.678098, 1.22907)
Size: (0.0199291, 0.0212481, 0.212063)

Position: (0.611284, 1.12778, 0.813946)
Size: (0.0742961, 0.00904752, 0.0221739)

Position: (-0.299238, 0.551568, -0.780306)
Size: (0.268278, 0.124074, 0.108247)

Position: (-0.38242, 1.37398, 1.0998)
Size: (0.290836, 0.0151877, 0.184648)

