Position: (0.857708, -1.3977, 1.39653)
Size: (0.290524, 0.0813426, 0.106668)

Position: (0.0503254, 0.476124, 1.37218)
Size: (0.00759554, 0.091437, 0.0568834)

Position: (0.676278, -0.881863, -0.207895)
Size: (0.109918, 0.205635, 0.210678)

Position: (-1.36101, 0.59164, 1.46441)
Size: (0.198497, 0.0531816, 0.207012)

Position: (-1.405, -0.465462, 0.30821)
Size: (0.0412412, 0.17637, 0.0186592)

Position: (0.391599, -0.567335, 0.0424401)
Size: (0.241411, 0.185221, 0.251397)

Position: (0.58115, -0.0242942, -0.521906)
Size: (0.114046, 0.204211, 0.0898827)

Position: (0.524832, 1.30791, -0.816756)
Size: (0.13139, 0.21557, 0.252515)

