Position: (0.632492, 0.458122, -1.37589)
Size: (0.171772, 0.0238201, 0.290932)

Position: (-0.415064, -0.214095, 1.2874)
Size: (0.106001, 0.0980337, 0.000946034)

Position: (1.17418, 0.177328, -0.0905625)
Size: (0.048442, 0.154972, 0.299529)

Position: (-0.742199, -0.840161, -0.242087)
Size: (0.165633, 0.191936, 0.186919)

Position: (-0.164733, -1.34898, -1.3288)
Size: (0.0663026, 0.105096, 0.127009)

Position: (-1.4692, 1.12522, 1.19793)
Size: (0.107913, 0.181741, 0.111403)

Position: (-0.0295399, -1.26209, -0.591712)
Size: (0.103464, 0.11238, 0.148044)

Position: (-1.39488, -0.613107, -0.332868)
Size: (0.24111, 0.148185, 0.222187)

