Position: (-1.21584, -0.418206, -1.17332)
Size: (0.246995, 0.276372, 0.105641)

Position: (0.608012, 0.0479037, 0.869557)
Size: (0.061895, 0.154129, 0.133618)

Position: (0.146979, 1.03371, -1.32465)
Size: (0.296481, 0.112201, 0.0650175)

Position: (-0.0499071, -0.627189, 1.10766)
Size: (0.127367, 0.174688, 0.146337)

Position: (-0.897264, 1.07021, -0.716776)
Size: (0.193929, 0.269204, 0.125088)

Position: (1.25645, 0.303001, 1.43302)
Size: (0.010805, 0.0375697, 0.0782856)

Position: (-1.11888, -0.90506, 0.760982)
Size: (0.111047, 0.219871, 0.0324569)

Position: (-0.757005, 0.496325, -0.13378)
Size: (0.046656, 0.21737, 0.0535495)

