Position: (-0.427086, -0.897564, 0.0813602)
Size: (0.246981, 0.218856, 0.0789281)

Position: (0.0332574, -0.623439, 0.202989)
Size: (0.194556, 0.020831, 0.289504)

Position: (0.77195, -1.13949, -1.19473)
Size: (0.147017, 0.228372, 0.128585)

Position: (0.950941, -1.07589, 0.735901)
Size: (0.0153109, 0.1855, 0.0138028)

Position: (0.318187, 1.42465, -1.2164)
Size: (0.0763672, 0.262695, 0.21024)

Position: (1.24478, 1.48187, -0.243207)
Size: (0.0966926, 0.270864, 0.240622)

Position: (-0.977693, 0.473686, -1.07906)
Size: (0.135696, 0.277015, 0.0570841)

Position: (0.292176, 0.580355, -1.35059)
Size: (0.0145413, 0.210436, 0.23634)

