Position: (-0.250055, -0.753385, -0.748753)
Size: (0.0170972, 0.224679, 0.223967)

Position: (0.134572, 1.47905, -1.46025)
Size: (0.186524, 0.295383, 0.0336356)

Position: (-0.11239, 0.0502058, -0.899844)
Size: (0.0233199, 0.260686, 0.198852)

Position: (1.31491, -0.0990859, -1.4774)
Size: (0.215938, 0.125514, 0.0520578)

Position: (-0.0600328, 0.393191, -1.30474)
Size: (0.0629533, 0.0561982, 0.0998594)

Position: (1.04883, -1.02493, 0.278928)
Size: (0.0209731, 0.0576078, 0.0533008)

Position: (1.3006, 0.102372, -0.964398)
Size: (0.124568, 0.118267, 0.262181)

Position: (1.05294, 1.17042, -1.28791)
Size: (0.0103388, 0.094526, 0.125259)

