Position: (-0.593904, -0.617768, 1.30567)
Size: (0.164529, 0.253348, 0.248394)

Position: (1.34784, 0.576178, -0.733182)
Size: (0.191053, 0.118669, 0.0809746)

Position: (0.0489327, 1.448, -0.579727)
Size: (0.119595, 0.0776716, 0.264648)

Position: (1.18193, -1.01048, 1.15481)
Size: (0.244683, 0.215812, 0.183033)

Position: (-1.45241, -0.00998705, -1.45935)
Size: (0.0947643, 0.0885121, 0.23425)

Position: (-1.36313, 0.738988, -0.254926)
Size: (0.298708, 0.12626, 0.030463)

Position: (-0.40675, -1.42674, -1.42243)
Size: (0.227281, 0.133146, 0.138131)

Position: (-0.101886, 1.36611, -1.1209)
Size: (0.0680596, 0.0924991, 0.0756692)

