Position: (0.0587551, 1.15688, 0.737895)
Size: (0.0978524, 0.224708, 0.245924)

Position: (1.09708, -0.349451, -0.917247)
Size: (0.226043, 0.246769, 0.131559)

Position: (1.08415, 1.08649, 1.1152)
Size: (0.0423124, 0.167488, 0.221411)

Position: (-0.170045, 0.0708156, -0.49286)
Size: (0.059027, 0.0870969, 0.290552)

Position: (1.10875, 0.739674, -0.909992)
Size: (0.197251, 0.180956, 0.223726)

Position: (0.959153, 0.208098, -0.408119)
Size: (0.189973, 0.12275, 0.284142)

Position: (-0.520897, -0.05052, 1.45333)
Size: (0.064343, 0.299888, 0.165778)

Position: (0.153948, 0.473266, 0.319961)
Size: (0.244643, 0.220772, 0.0412669)

