Position: (1.32995, -0.272927, 0.5188)
Size: (0.0676721, 0.117203, 0.197892)

Position: (0.763118, -1.29919, -1.10534)
Size: (0.233964, 0.243231, 0.192931)

Position: (0.897751, 0.380597, 1.04427)
Size: (0.0548826, 0.012018, 0.144794)

Position: (1.34604, 0.022364, 0.223067)
Size: (0.0780009, 0.264543, 0.280646)

Position: (1.29161, -0.34932, 0.0232905)
Size: (0.122577, 0.240982, 0.171962)

Position: (-0.516729, 1.27588, 0.538546)
Size: (0.0135868, 0.114522, 0.0447217)

Position: (1.20187, 0.5079, 0.523367)
Size: (0.169425, 0.243153, 0.058798)

Position: (0.43201, -1.05011, -0.633168)
Size: (0.0139245, 0.0849197, 0.0877408)

