Position: (-0.880852, -0.235665, -1.35903)
Size: (0.169111, 0.110616, 0.258945)

Position: (0.939021, 0.13831, 1.15974)
Size: (0.249219, 0.281949, 0.0266932)

Position: (0.402062, 1.08178, 0.0785587)
Size: (0.257814, 0.151176, 0.217166)

Position: (-0.50352, -1.4485, 0.719346)
Size: (0.185901, 0.255638, 0.21712)

Position: (0.941391, 0.109557, 0.7016)
Size: (0.259704, 0.154164, 0.205703)

Position: (-0.156013, -0.371244, 0.721147)
Size: (0.29627, 0.206086, 0.037056)

Position: (-1.34759, -0.606972, -0.652693)
Size: (0.101322, 0.0696526, 0.0341087)

Position: (-0.479066, -1.3084, -0.679213)
Size: (0.0676778, 0.145894, 0.252114)

