Position: (1.22739, 0.965954, -0.738435)
Size: (0.122092, 0.0202486, 0.190775)

Position: (-0.763473, 1.29221, -0.409637)
Size: (0.288015, 0.0821217, 0.274696)

Position: (-0.296419, -0.363661, -1.13555)
Size: (0.0716386, 0.13564, 0.287181)

Position: (-0.145139, 0.279298, -1.27032)
Size: (0.0020878, 0.202473, 0.138136)

Position: (0.788649, -0.822996, -0.543659)
Size: (0.206938, 0.22675, 0.0636931)

Position: (-0.83815, 0.550215, -0.417485)
Size: (0.0495107, 0.202519, 0.0169743)

Position: (0.637156, 0.251379, -0.69797)
Size: (0.180169, 0.0267735, 0.190838)

Position: (1.02543, -0.801231, -0.373251)
Size: (0.0422448, 0.242328, 0.236753)

