Position: (0.878882, 0.774339, -1.05203)
Size: (0.229091, 0.267705, 0.287825)

Position: (1.19844, 0.411454, -1.08511)
Size: (0.142659, 0.274648, 0.12659)

Position: (-0.846489, 1.48495, -1.4299)
Size: (0.203072, 0.162132, 0.11991)

Position: (1.44758, 0.718943, 0.322577)
Size: (0.278916, 0.133637, 0.185636)

Position: (0.996707, 0.534375, -0.94759)
Size: (0.0801818, 0.13733, 0.0791044)

Position: (0.390403, -1.10276, -1.22997)
Size: (0.0201429, 0.175694, 0.0563839)

Position: (-0.0632691, 0.297663, 0.452519)
Size: (0.294035, 0.277235, 0.218947)

Position: (-1.12104, -0.98653, -1.14443)
Size: (0.252844, 0.167923, 0.229699)

