Position: (0.795425, -0.548087, -1.20769)
Size: (0.0675678, 0.0497302, 0.00632934)

Position: (0.0409013, 1.00356, -0.231353)
Size: (0.197937, 0.0874253, 0.0196825)

Position: (0.782237, -0.174216, -0.154578)
Size: (0.174942, 0.267684, 0.213477)

Position: (-1.1054, -1.44443, -0.487578)
Size: (0.0154666, 0.0389324, 0.0962439)

Position: (-0.929486, 0.174905, 1.46669)
Size: (0.124514, 0.108166, 0.117964)

Position: (-0.107376, 0.310812, -0.0928978)
Size: (0.193192, 0.0210982, 0.213084)

Position: (-1.23077, -1.15053, -0.369548)
Size: (0.0484441, 0.108392, 0.276826)

Position: (1.01546, 0.563961, 1.32418)
Size: (0.00854372, 0.0950704, 0.247067)

