Position: (-0.876082, -0.408113, 0.667393)
Size: (0.0387092, 0.0275631, 0.0798938)

Position: (-0.604471, -0.69214, 0.363295)
Size: (0.127279, 0.21021, 0.280878)

Position: (0.368994, -1.24891, -0.16803)
Size: (0.20854, 0.281369, 0.275388)

Position: (1.21867, 1.48562, -0.839841)
Size: (0.178527, 0.236741, 0.241441)

Position: (1.27145, -1.03031, 1.31081)
Size: (0.27621, 0.129606, 0.0896625)

Position: (-0.302487, 1.29539, 0.82083)
Size: (0.281541, 0.274739, 0.0116311)

Position: (-1.05722, 1.30682, 0.896264)
Size: (0.192812, 0.113712, 0.00130268)

Position: (0.699656, 0.978875, 1.13899)
Size: (0.0558084, 0.176194, 0.253222)

