Position: (0.823297, -1.41451, 0.600149)
Size: (0.165729, 0.132375, 0.0244799)

Position: (1.10231, 0.792034, 0.148932)
Size: (0.266784, 0.110161, 0.00939373)

Position: (0.609505, -0.378884, -1.13991)
Size: (0.0882365, 0.0530049, 0.132657)

Position: (0.731409, -0.208544, 0.16073)
Size: (0.163179, 0.219255, 0.293068)

Position: (-0.692621, 0.825005, 1.15322)
Size: (0.173135, 0.13798, 0.223021)

Position: (0.934315, -0.841201, 1.40517)
Size: (0.245165, 0.127141, 0.114195)

Position: (-0.708965, -1.18612, -0.868329)
Size: (0.196564, 0.23269, 0.143585)

Position: (0.825267, 0.768727, 1.22855)
Size: (0.195425, 0.0897346, 0.251285)

