Position: (-0.378353, -0.48752, 0.309221)
Size: (0.240328, 0.179677, 0.0528926)

Position: (1.09651, -0.146049, -1.42606)
Size: (0.113623, 0.291804, 0.223743)

Position: (1.02964, -1.02194, -1.00254)
Size: (0.010308, 0.19614, 0.0178816)

Position: (1.26036, -0.560307, -0.537212)
Size: (0.236204, 0.0143344, 0.214368)

Position: (0.93487, -0.463459, 0.219163)
Size: (0.290501, 0.192346, 0.17414)

Position: (-0.436088, 1.29932, -0.0684886)
Size: (0.273838, 0.0561631, 0.194613)

Position: (-0.645246, 1.26577, -0.345359)
Size: (0.19907, 0.164616, 0.0252476)

Position: (0.62008, 1.45269, 1.34477)
Size: (0.249562, 0.205734, 0.220473)

