Position: (0.0287404, -1.21541, -0.602766)
Size: (0.213252, 0.0142096, 0.115273)

Position: (-1.40663, 0.777935, -0.539332)
Size: (0.0629635, 0.187751, 0.0207323)

Position: (-0.966158, -0.978172, -1.44793)
Size: (0.288792, 0.287985, 0.299493)

Position: (-0.704752, -0.243069, 0.258414)
Size: (0.124518, 0.0227306, 0.000578797)

Position: (-0.290535, 0.374171, 0.606674)
Size: (0.153697, 0.244914, 0.225895)

Position: (1.47059, 0.568255, 0.0740098)
Size: (0.0863547, 0.276085, 0.0535773)

Position: (-1.49069, -1.25393, -1.46276)
Size: (0.290634, 0.153718, 0.149544)

Position: (-0.512618, -1.48702, -0.219379)
Size: (0.137082, 0.272492, 0.101591)

