Position: (0.779854, -0.270688, -0.537895)
Size: (0.0918652, 0.128983, 0.0279526)

Position: (-1.182, -0.372617, -1.21306)
Size: (0.0453346, 0.250498, 0.0173602)

Position: (-1.03596, 0.506299, 1.38204)
Size: (0.0906887, 0.25628, 0.0515589)

Position: (0.595846, 0.30128, 1.43787)
Size: (0.187195, 0.123542, 0.032385)

Position: (0.606719, -0.675674, -0.347767)
Size: (0.108752, 0.0292979, 0.0201006)

Position: (-0.0102409, 0.325088, 0.83815)
Size: (0.285849, 0.237575, 0.140324)

Position: (0.156137, -0.615786, -0.0810346)
Size: (0.0465423, 0.000336803, 0.102994)

Position: (-0.641176, -0.365789, 0.497495)
Size: (0.27208, 0.139566, 0.0787701)

