Position: (-0.00484518, 1.42583, 0.712529)
Size: (0.132833, 0.163361, 0.136635)

Position: (-1.47533, 1.39897, -0.952567)
Size: (0.100644, 0.151249, 0.138136)

Position: (1.13324, 0.286613, -0.818755)
Size: (0.235367, 0.246961, 0.251765)

Position: (0.408594, -0.716579, 0.166524)
Size: (0.104186, 0.120459, 0.0541447)

Position: (-1.36033, 0.715944, 1.30834)
Size: (0.201156, 0.287138, 0.0665971)

Position: (0.236701, -1.31922, -0.135256)
Size: (0.00909954, 0.294794, 0.267745)

Position: (0.0791535, -0.889689, 0.996132)
Size: (0.226178, 0.13067, 0.0195375)

Position: (0.211365, 0.435759, 0.854304)
Size: (0.0277996, 0.118087, 0.131643)

