Position: (0.853896, 0.982675, 0.75856)
Size: (0.294788, 0.27512, 0.212183)

Position: (-1.47149, 0.496027, 0.366018)
Size: (0.0838218, 0.261249, 0.209553)

Position: (-0.740824, -0.0905217, -0.888917)
Size: (0.182621, 0.0359127, 0.0850503)

Position: (-0.0427557, -0.771434, 0.0318027)
Size: (0.172099, 0.0245857, 0.149366)

Position: (-0.113055, 0.399297, -0.300806)
Size: (0.240759, 0.0674557, 0.231672)

Position: (-1.24103, 1.0536, 0.347714)
Size: (0.0794476, 0.103045, 0.299671)

Position: (-0.98506, 1.02963, 0.177851)
Size: (0.266035, 0.0195579, 0.138749)

Position: (-1.46163, 0.265606, 0.596614)
Size: (0.164768, 0.0700027, 0.299285)

