Position: (1.44689, 1.18905, -1.1051)
Size: (0.0598725, 0.297749, 0.288453)

Position: (-0.522737, 0.311056, 0.850388)
Size: (0.0233528, 0.10706, 0.0312891)

Position: (-1.31111, 1.24, -0.433524)
Size: (0.213627, 0.0895944, 0.0993738)

Position: (-0.779465, -1.27067, 0.322259)
Size: (0.0617878, 0.00782772, 0.0472652)

Position: (1.02967, -1.0397, -0.284186)
Size: (0.177162, 0.0604351, 0.0709139)

Position: (-0.377323, -0.279092, -1.4113)
Size: (0.123046, 0.171973, 0.128648)

Position: (-1.074, 0.478116, -0.182915)
Size: (0.0725286, 0.233256, 0.162542)

Position: (-0.185272, 0.405776, 1.30641)
Size: (0.115682, 0.090934, 0.143523)

