Position: (-0.602764, -0.527317, -1.10414)
Size: (0.23864, 0.195628, 0.0526998)

Position: (0.925501, -0.480183, 1.39526)
Size: (0.0228282, 0.100448, 0.264157)

Position: (-0.368254, 0.572834, -0.377331)
Size: (0.0656985, 0.250751, 0.101023)

Position: (1.34376, -0.642309, -0.0100146)
Size: (0.0578108, 0.108386, 0.211466)

Position: (-0.185305, -1.31982, -0.539952)
Size: (0.266696, 0.210167, 0.00151814)

Position: (-0.0615368, 0.887652, 1.15662)
Size: (0.248877, 0.184354, 0.272099)

Position: (-0.79022, 0.0847606, 0.194954)
Size: (0.00317499, 0.277365, 0.242385)

Position: (0.446256, 0.345125, 1.12201)
Size: (0.254905, 0.244086, 0.0451484)

