Position: (-0.991109, -0.969829, 0.891359)
Size: (0.0922988, 0.0338514, 0.207254)

Position: (0.289814, -0.472611, 0.850974)
Size: (0.069764, 0.153188, 0.205003)

Position: (0.323818, -1.10743, -1.42323)
Size: (0.284813, 0.210192, 0.0683194)

Position: (1.29707, 0.182571, 0.26974)
Size: (0.0333041, 0.213615, 0.000627917)

Position: (0.777659, -0.913795, -0.67531)
Size: (0.237263, 0.233492, 0.0329384)

Position: (0.210965, 0.253992, 1.20343)
Size: (0.163762, 0.0238253, 0.1665)

Position: (0.813086, -1.07116, 0.00626871)
Size: (0.279927, 0.00956576, 0.0871608)

Position: (1.00865, -0.70994, 0.94922)
Size: (0.0211361, 0.261246, 0.0722528)

