Position: (0.388847, 0.229798, -1.1022)
Size: (0.296122, 0.0603834, 0.164979)

Position: (0.908893, -0.162615, -0.840834)
Size: (0.0188423, 0.279665, 0.207251)

Position: (1.31805, 0.976148, -1.2394)
Size: (0.0805178, 0.247841, 0.273823)

Position: (1.31422, 0.846145, -0.0408521)
Size: (0.0824637, 0.206842, 0.0884421)

Position: (1.29321, 0.506492, 0.434196)
Size: (0.0725502, 0.216087, 0.00311482)

Position: (-1.05255, -0.694352, -1.06352)
Size: (0.222332, 0.0137851, 0.256762)

Position: (0.0111206, -0.0241313, -0.243143)
Size: (0.109376, 0.0050495, 0.265954)

Position: (-0.368201, -0.232232, -1.26297)
Size: (0.0629033, 0.265558, 0.204118)

