Position: (0.266936, 1.03607, 0.835781)
Size: (0.121327, 0.112494, 0.181766)

Position: (0.657083, -0.415955, -0.0991737)
Size: (0.18378, 0.153347, 0.15565)

Position: (0.513388, 0.585322, 1.27758)
Size: (0.210351, 0.209385, 0.161496)

Position: (0.912885, -0.24775, -0.0952082)
Size: (0.0818753, 0.00791234, 0.0886045)

Position: (-0.0507305, -1.17053, 0.779105)
Size: (0.268113, 0.158126, 0.0609059)

Position: (-0.44176, 0.301705, -0.0519012)
Size: (0.0808125, 0.132047, 0.0781727)

Position: (0.966176, -1.25812, -1.29031)
Size: (0.118152, 0.0477364, 0.0137084)

Position: (0.248296, -0.609617, -0.775296)
Size: (0.0465795, 0.0791037, 0.175327)

