Position: (0.296482, -0.774959, -0.88542)
Size: (0.02575, 0.201077, 0.163859)

Position: (1.17445, 0.457158, -1.03794)
Size: (0.0376341, 0.292463, 0.179689)

Position: (1.1429, -1.22906, -1.46472)
Size: (0.120254, 0.0983983, 0.132919)

Position: (-1.08804, -0.603557, -1.4932)
Size: (0.0504192, 0.0172907, 0.28432)

Position: (0.380867, -0.55226, 1.40514)
Size: (0.293589, 0.117003, 0.0905651)

Position: (1.3391, -0.732415, 0.87935)
Size: (0.293065, 0.247557, 0.208683)

Position: (-1.05049, 0.862862, -0.0893336)
Size: (0.249797, 0.163319, 0.18592)

Position: (-1.21383, 1.13274, 1.12703)
Size: (0.243004, 0.136026, 0.0522202)

