Position: (-0.43629, 0.745732, 0.0330893)
Size: (0.208206, 0.2264, 0.0706016)

Position: (-0.838356, -0.235949, -0.223463)
Size: (0.183782, 0.0496546, 0.0903074)

Position: (0.780601, -0.561097, -1.21392)
Size: (0.0728522, 0.00912421, 0.242411)

Position: (0.411032, -0.0239259, -1.3304)
Size: (0.0340404, 0.103675, 0.178127)

Position: (-0.969754, 1.21203, -1.02681)
Size: (0.27546, 0.095251, 0.283229)

Position: (-0.268557, 0.841026, 0.586515)
Size: (0.0550941, 0.00904475, 0.144596)

Position: (-1.47301, -1.11298, 1.28372)
Size: (0.100269, 0.0378917, 0.211761)

Position: (1.03154, -1.15228, 0.945898)
Size: (0.0343931, 0.105517, 0.28287)

