Position: (-0.864968, -0.519425, 1.42858)
Size: (0.013148, 0.269266, 0.287441)

Position: (0.914624, 0.137649, 1.05086)
Size: (0.156807, 0.0991564, 0.168986)

Position: (1.01336, -0.631348, 0.631658)
Size: (0.185932, 0.0552207, 0.102045)

Position: (-0.759499, 0.565448, 0.996727)
Size: (0.168093, 0.153297, 0.0565944)

Position: (-0.710791, 0.309572, 0.882787)
Size: (0.297339, 0.217892, 0.272901)

Position: (-0.37457, 1.34688, 0.227622)
Size: (0.117811, 0.00794489, 0.0826816)

Position: (0.927024, 1.49729, 0.913484)
Size: (0.142993, 0.0535972, 0.259386)

Position: (-1.20447, 0.124743, 1.3911)
Size: (0.15409, 0.0957726, 0.140438)

