Position: (0.82141, 1.02729, -0.37087)
Size: (0.147225, 0.0524429, 0.290977)

Position: (-0.24774, 1.13631, -0.969655)
Size: (0.0391089, 0.135164, 0.226338)

Position: (0.778835, -0.41649, -1.21848)
Size: (0.0278525, 0.0701574, 0.00773817)

Position: (0.61244, -0.449765, -0.715201)
Size: (0.109215, 0.0906062, 0.232917)

Position: (1.15579, -0.251244, 0.115187)
Size: (0.223884, 0.199215, 0.211757)

Position: (0.220266, -0.129423, -0.965302)
Size: (0.244477, 0.189596, 0.042512)

Position: (1.17923, -0.0783559, -0.914251)
Size: (0.227064, 0.120927, 0.0577538)

Position: (-0.926029, -0.11508, 0.933274)
Size: (0.166459, 0.221552, 0.0300564)

