Position: (1.21634, -0.0852289, 1.02629)
Size: (0.0827812, 0.204012, 0.196575)

Position: (-0.59822, 0.136019, 1.4391)
Size: (0.00865279, 0.0829046, 0.29946)

Position: (-0.799503, -1.45978, -1.23285)
Size: (0.26903, 0.0659176, 0.247451)

Position: (0.403446, 0.587143, 1.19508)
Size: (0.246392, 0.299106, 0.234315)

Position: (0.874336, 0.957386, 0.387514)
Size: (0.220272, 0.257535, 0.0987845)

Position: (-0.183183, -0.145674, -0.878459)
Size: (0.215715, 0.0184065, 0.117125)

Position: (0.425243, -1.0728, -0.589155)
Size: (0.140738, 0.197522, 0.254213)

Position: (-1.09713, 0.566001, -0.237946)
Size: (0.171942, 0.0734006, 0.0750858)

