Position: (0.796534, 1.17726, -0.0635634)
Size: (0.0593698, 0.0320263, 0.0339738)

Position: (-0.573538, 0.954538, -0.346348)
Size: (0.103528, 0.0145305, 0.114935)

Position: (1.46605, -0.806267, -0.300984)
Size: (0.284326, 0.133063, 0.104865)

Position: (-0.372875, -1.06008, -0.412446)
Size: (0.108818, 0.2387, 0.0235684)

Position: (-0.611934, 0.360541, -0.666063)
Size: (0.00312119, 0.168401, 0.0981286)

Position: (1.02374, -0.247267, 1.06948)
Size: (0.15467, 0.265839, 0.0432871)

Position: (-0.270013, 0.853694, -0.294672)
Size: (0.0226503, 0.230961, 0.0135069)

Position: (-0.825458, 1.1115, -0.118188)
Size: (0.110866, 0.208611, 0.27387)

