Position: (-0.639035, -1.04382, 0.357024)
Size: (0.187566, 0.273008, 0.0160613)

Position: (1.04341, 1.29661, -0.534838)
Size: (0.12584, 0.144797, 0.0287951)

Position: (1.06102, 0.1459, 1.04099)
Size: (0.139274, 0.177358, 0.243101)

Position: (-0.228817, -0.619352, -0.080935)
Size: (0.0438806, 0.184446, 0.166249)

Position: (1.4624, 0.722002, -1.33593)
Size: (0.28245, 0.126667, 0.220324)

Position: (0.76786, -0.516326, -0.87472)
Size: (0.167515, 0.131809, 0.122409)

Position: (-1.31345, -0.343677, 0.856759)
Size: (0.0891856, 0.288581, 0.256278)

Position: (1.09829, 1.04059, -1.19218)
Size: (0.0464166, 0.208761, 0.0154333)

