Position: (-0.542264, -0.435744, 1.13254)
Size: (0.104686, 0.261409, 0.10967)

Position: (0.360324, 1.05225, -0.692745)
Size: (0.0251796, 0.125892, 0.291351)

Position: (-0.732549, -1.34434, -0.779238)
Size: (0.167427, 0.0335256, 0.292982)

Position: (-1.16056, -0.207569, 0.422109)
Size: (0.118197, 0.247851, 0.111334)

Position: (-0.868127, -0.356728, -0.408956)
Size: (0.243535, 0.140927, 0.261142)

Position: (0.372044, -1.30267, 0.135195)
Size: (0.251743, 0.244437, 0.202304)

Position: (-1.16775, 1.44956, -1.42071)
Size: (0.260415, 0.284255, 0.0540711)

Position: (-1.34413, 0.56094, -0.987795)
Size: (0.239834, 0.279624, 0.194511)

