Position: (0.689954, 0.348109, -1.27228)
Size: (0.18008, 0.179676, 0.0415089)

Position: (0.234507, 0.681972, 1.26557)
Size: (0.186597, 0.0552845, 0.0657564)

Position: (-0.11077, 1.09051, 1.31351)
Size: (0.00409346, 0.0888292, 0.0517363)

Position: (-0.76139, -0.167315, 1.13029)
Size: (0.156937, 0.0386217, 0.0603536)

Position: (1.24714, -0.328579, -0.812558)
Size: (0.217559, 0.00887219, 0.132353)

Position: (1.39759, -0.288202, -0.0850411)
Size: (0.146391, 0.0433931, 0.296637)

Position: (0.435825, -0.326057, -0.0909759)
Size: (0.172362, 0.139625, 0.140385)

Position: (0.65253, 0.937023, -1.48887)
Size: (0.152466, 0.15306, 0.0680521)

