Position: (0.328919, -1.33836, 0.788198)
Size: (0.294638, 0.141459, 0.205544)

Position: (-0.359712, -0.618471, -0.939832)
Size: (0.116885, 0.118417, 0.195281)

Position: (-0.519864, 0.463938, -1.48719)
Size: (0.00980568, 0.0354487, 0.187503)

Position: (-0.245406, -0.42969, -0.593108)
Size: (0.0142828, 0.180663, 0.0379567)

Position: (0.227352, -0.689316, -0.798768)
Size: (0.201582, 0.290025, 0.00423287)

Position: (-0.513407, 0.474898, 1.3257)
Size: (0.0160111, 0.268761, 0.0484366)

Position: (-1.33261, -0.704792, 0.947177)
Size: (0.136452, 0.255903, 0.100598)

Position: (0.19604, 0.0311531, 1.38938)
Size: (0.0938069, 0.156635, 0.0988521)

