Position: (0.69016, -0.487319, -1.27547)
Size: (0.265325, 0.26881, 0.261689)

Position: (-0.400603, -0.404587, 1.18962)
Size: (0.0973053, 0.287924, 0.235825)

Position: (0.203073, -0.506344, 1.04667)
Size: (0.234631, 0.0970058, 0.128238)

Position: (-0.112847, -0.55899, 0.633165)
Size: (0.264082, 0.104078, 0.252345)

Position: (0.192134, -0.412032, -0.662585)
Size: (0.0841402, 0.292285, 0.125611)

Position: (1.46316, 0.0679696, -1.14057)
Size: (0.273715, 0.288534, 0.165709)

Position: (1.44819, -1.35913, -1.06665)
Size: (0.2571, 0.249018, 0.129112)

Position: (-1.0653, -0.0242265, -0.976367)
Size: (0.152038, 0.0141091, 0.247859)

