Position: (-0.645867, 0.845344, -0.579814)
Size: (0.0722534, 0.278439, 0.134467)

Position: (-0.0210304, -0.368143, 0.681342)
Size: (0.213997, 0.173548, 0.202277)

Position: (0.0306969, -0.417662, 1.439)
Size: (0.24844, 0.0356843, 0.0706618)

Position: (-1.11096, -0.48372, 1.07488)
Size: (0.0837779, 0.248181, 0.277769)

Position: (-0.103492, -0.669132, 1.39034)
Size: (0.114688, 0.267557, 0.149333)

Position: (-1.42525, -0.181514, 1.32134)
Size: (0.274376, 0.151345, 0.21975)

Position: (0.698137, -0.79352, 0.346123)
Size: (0.197669, 0.156524, 0.10556)

Position: (1.34777, 0.341397, 1.02431)
Size: (0.219154, 0.232787, 0.0471483)

