Position: (0.220215, 0.9161, 1.3648)
Size: (0.124703, 0.0705192, 0.0452807)

Position: (-0.776688, -0.676149, 1.27486)
Size: (0.237592, 0.024803, 0.0204697)

Position: (0.108455, -0.473535, 0.1467)
Size: (0.129963, 0.231103, 0.0792622)

Position: (-0.609444, 0.0661399, -0.389335)
Size: (0.117873, 0.0615377, 0.231894)

Position: (-1.07684, -0.979252, -0.0820344)
Size: (0.0373673, 0.254522, 0.0164295)

Position: (-1.43144, -0.0296494, 1.10824)
Size: (0.10216, 0.229274, 0.0360605)

Position: (-0.308117, 1.26703, 0.279239)
Size: (0.0163428, 0.0704724, 0.20866)

Position: (-0.864613, -0.00195436, -0.0850112)
Size: (0.12006, 0.162796, 0.0861333)

