Position: (-1.07809, -0.564285, -0.120771)
Size: (0.137757, 0.222006, 0.148793)

Position: (0.922167, 0.179865, -0.205308)
Size: (0.113864, 0.142294, 0.16879)

Position: (-1.37666, 0.778224, -0.879109)
Size: (0.289501, 0.0637296, 0.283564)

Position: (0.489947, 1.14951, -1.1128)
Size: (0.183445, 0.297151, 0.162589)

Position: (1.42034, 0.292926, -0.357228)
Size: (0.0781775, 0.205367, 0.238027)

Position: (0.425179, -0.144636, -0.940842)
Size: (0.0664324, 0.278168, 0.282012)

Position: (0.627618, 0.807462, -0.834094)
Size: (0.206971, 0.231856, 0.162954)

Position: (-1.10983, 0.276436, -1.06647)
Size: (0.269646, 0.0183771, 0.109853)

