Position: (0.125814, -1.17929, 0.856658)
Size: (0.0247359, 0.0258914, 0.0410269)

Position: (-1.28208, 1.10555, -1.3742)
Size: (0.106271, 0.209616, 0.244863)

Position: (-0.753059, 0.636587, 0.712056)
Size: (0.269258, 0.279776, 0.297451)

Position: (-1.22869, -1.04606, 1.37751)
Size: (0.142311, 0.0993074, 0.208795)

Position: (-1.2608, -0.934888, 0.310862)
Size: (0.0310286, 0.235172, 0.235734)

Position: (0.894354, -0.825249, -1.2605)
Size: (0.150702, 0.179143, 0.296125)

Position: (1.3909, 1.37049, -0.998984)
Size: (0.263391, 0.223354, 0.182163)

Position: (-1.41877, -0.854526, -1.29287)
Size: (0.247698, 0.20934, 0.168292)

