Position: (-0.440304, 0.425299, -0.709447)
Size: (0.247032, 0.24614, 0.191864)

Position: (0.529707, 0.284755, -1.02131)
Size: (0.0185877, 0.0742437, 0.0796789)

Position: (-0.925904, 0.984504, -0.921696)
Size: (0.11221, 0.277439, 0.236177)

Position: (-1.0557, 1.41393, -1.44439)
Size: (0.282113, 0.0160219, 0.265123)

Position: (0.316912, 0.34506, -0.0248076)
Size: (0.0801226, 0.0643747, 0.185077)

Position: (0.121884, 1.33417, 1.42986)
Size: (0.0144269, 0.176227, 0.293552)

Position: (-0.25946, -1.14118, 0.315174)
Size: (0.185433, 0.021401, 0.0221781)

Position: (0.569347, 1.30476, -0.278261)
Size: (0.217942, 0.202589, 0.0570209)

