Position: (0.464636, 1.2783, 0.360577)
Size: (0.00564273, 0.204247, 0.240587)

Position: (-1.16169, -0.124128, 1.12185)
Size: (0.210978, 0.132551, 0.228702)

Position: (-0.287947, -0.298534, -1.2257)
Size: (0.14082, 0.184906, 0.177503)

Position: (0.637744, 0.74367, -1.10355)
Size: (0.170512, 0.10304, 0.29841)

Position: (0.110561, 0.185205, 0.587925)
Size: (0.0265734, 0.201158, 0.0778195)

Position: (-0.250672, 0.603001, 1.09633)
Size: (0.0724589, 0.00559757, 0.252026)

Position: (-1.30245, 1.00369, 0.639176)
Size: (0.000478705, 0.0922509, 0.246529)

Position: (1.29857, 1.23097, 1.13158)
Size: (0.220484, 0.295143, 0.24071)

